"xCoords","yCoords","width","colorToUse"
1,6.4,3.20819112627986,"#ffd300"
1.2,6.4,3.20819112627986,"#ffd300"
1.4,6.4,3.20819112627986,"#ffd300"
2,6.4,3.20819112627986,"#ffd300"
1.8,6.4,3.20819112627986,"#ffd300"
1.6,6.4,3.20819112627986,"#ffd300"
1,6.4,1.29692832764505,"#e41a1c"
1.2,5.9,1.29692832764505,"#e41a1c"
1.4,5.9,1.29692832764505,"#e41a1c"
2,1.9,1.29692832764505,"#ffd300"
1.8,2.4,1.29692832764505,"#ffd300"
1.6,2.4,1.29692832764505,"#ffd300"
1,6.4,2.04778156996587,"#AAAAAA"
1.2,5.8,2.04778156996587,"#AAAAAA"
1.4,5.8,2.04778156996587,"#AAAAAA"
2,1,2.04778156996587,"#ffd300"
1.8,1.6,2.04778156996587,"#ffd300"
1.6,1.6,2.04778156996587,"#ffd300"
1,6.4,15.938566552901,"#4daf4a"
1.2,6.3,15.938566552901,"#4daf4a"
1.4,6.3,15.938566552901,"#4daf4a"
2,5.5,15.938566552901,"#ffd300"
1.8,5.6,15.938566552901,"#ffd300"
1.6,5.6,15.938566552901,"#ffd300"
1,6.4,2.42320819112628,"#a65628"
1.2,6.1,2.42320819112628,"#a65628"
1.4,6.1,2.42320819112628,"#a65628"
2,3.7,2.42320819112628,"#ffd300"
1.8,4,2.42320819112628,"#ffd300"
1.6,4,2.42320819112628,"#ffd300"
1,1.9,6.17747440273038,"#ffd300"
1.2,2.4,6.17747440273038,"#ffd300"
1.4,2.4,6.17747440273038,"#ffd300"
2,6.4,6.17747440273038,"#e41a1c"
1.8,5.9,6.17747440273038,"#e41a1c"
1.6,5.9,6.17747440273038,"#e41a1c"
1,1.9,0.0341296928327645,"#AAAAAA"
1.2,1.8,0.0341296928327645,"#AAAAAA"
1.4,1.8,0.0341296928327645,"#AAAAAA"
2,1,0.0341296928327645,"#e41a1c"
1.8,1.1,0.0341296928327645,"#e41a1c"
1.6,1.1,0.0341296928327645,"#e41a1c"
1,4.6,0.136518771331058,"#ffd300"
1.2,4.8,0.136518771331058,"#ffd300"
1.4,4.8,0.136518771331058,"#ffd300"
2,6.4,0.136518771331058,"#f781bf"
1.8,6.2,0.136518771331058,"#f781bf"
1.6,6.2,0.136518771331058,"#f781bf"
1,4.6,2.73037542662116,"#f781bf"
1.2,4.6,2.73037542662116,"#f781bf"
1.4,4.6,2.73037542662116,"#f781bf"
2,4.6,2.73037542662116,"#f781bf"
1.8,4.6,2.73037542662116,"#f781bf"
1.6,4.6,2.73037542662116,"#f781bf"
1,4.6,0.716723549488055,"#AAAAAA"
1.2,4.2,0.716723549488055,"#AAAAAA"
1.4,4.2,0.716723549488055,"#AAAAAA"
2,1,0.716723549488055,"#f781bf"
1.8,1.4,0.716723549488055,"#f781bf"
1.6,1.4,0.716723549488055,"#f781bf"
1,1,2.42320819112628,"#ffd300"
1.2,1.6,2.42320819112628,"#ffd300"
1.4,1.6,2.42320819112628,"#ffd300"
2,6.4,2.42320819112628,"#AAAAAA"
1.8,5.8,2.42320819112628,"#AAAAAA"
1.6,5.8,2.42320819112628,"#AAAAAA"
1,1,0.170648464163823,"#e41a1c"
1.2,1.1,0.170648464163823,"#e41a1c"
1.4,1.1,0.170648464163823,"#e41a1c"
2,1.9,0.170648464163823,"#AAAAAA"
1.8,1.8,0.170648464163823,"#AAAAAA"
1.6,1.8,0.170648464163823,"#AAAAAA"
1,1,0.614334470989761,"#f781bf"
1.2,1.4,0.614334470989761,"#f781bf"
1.4,1.4,0.614334470989761,"#f781bf"
2,4.6,0.614334470989761,"#AAAAAA"
1.8,4.2,0.614334470989761,"#AAAAAA"
1.6,4.2,0.614334470989761,"#AAAAAA"
1,1,29.8293515358362,"#AAAAAA"
1.2,1,29.8293515358362,"#AAAAAA"
1.4,1,29.8293515358362,"#AAAAAA"
2,1,29.8293515358362,"#AAAAAA"
1.8,1,29.8293515358362,"#AAAAAA"
1.6,1,29.8293515358362,"#AAAAAA"
1,1,1.67235494880546,"#4daf4a"
1.2,1.5,1.67235494880546,"#4daf4a"
1.4,1.5,1.67235494880546,"#4daf4a"
2,5.5,1.67235494880546,"#AAAAAA"
1.8,5,1.67235494880546,"#AAAAAA"
1.6,5,1.67235494880546,"#AAAAAA"
1,1,0.443686006825939,"#a65628"
1.2,1.3,0.443686006825939,"#a65628"
1.4,1.3,0.443686006825939,"#a65628"
2,3.7,0.443686006825939,"#AAAAAA"
1.8,3.4,0.443686006825939,"#AAAAAA"
1.6,3.4,0.443686006825939,"#AAAAAA"
1,5.5,12.2866894197952,"#ffd300"
1.2,5.6,12.2866894197952,"#ffd300"
1.4,5.6,12.2866894197952,"#ffd300"
2,6.4,12.2866894197952,"#4daf4a"
1.8,6.3,12.2866894197952,"#4daf4a"
1.6,6.3,12.2866894197952,"#4daf4a"
1,5.5,0.648464163822526,"#AAAAAA"
1.2,5,0.648464163822526,"#AAAAAA"
1.4,5,0.648464163822526,"#AAAAAA"
2,1,0.648464163822526,"#4daf4a"
1.8,1.5,0.648464163822526,"#4daf4a"
1.6,1.5,0.648464163822526,"#4daf4a"
1,5.5,0.580204778156997,"#4daf4a"
1.2,5.5,0.580204778156997,"#4daf4a"
1.4,5.5,0.580204778156997,"#4daf4a"
2,5.5,0.580204778156997,"#4daf4a"
1.8,5.5,0.580204778156997,"#4daf4a"
1.6,5.5,0.580204778156997,"#4daf4a"
1,5.5,12.457337883959,"#a65628"
1.2,5.3,12.457337883959,"#a65628"
1.4,5.3,12.457337883959,"#a65628"
2,3.7,12.457337883959,"#4daf4a"
1.8,3.9,12.457337883959,"#4daf4a"
1.6,3.9,12.457337883959,"#4daf4a"
1,3.7,0.37542662116041,"#ffd300"
1.2,4,0.37542662116041,"#ffd300"
1.4,4,0.37542662116041,"#ffd300"
2,6.4,0.37542662116041,"#a65628"
1.8,6.1,0.37542662116041,"#a65628"
1.6,6.1,0.37542662116041,"#a65628"
1,3.7,0.853242320819113,"#e41a1c"
1.2,3.5,0.853242320819113,"#e41a1c"
1.4,3.5,0.853242320819113,"#e41a1c"
2,1.9,0.853242320819113,"#a65628"
1.8,2.1,0.853242320819113,"#a65628"
1.6,2.1,0.853242320819113,"#a65628"
1,3.7,2.18430034129693,"#f781bf"
1.2,3.8,2.18430034129693,"#f781bf"
1.4,3.8,2.18430034129693,"#f781bf"
2,4.6,2.18430034129693,"#a65628"
1.8,4.5,2.18430034129693,"#a65628"
1.6,4.5,2.18430034129693,"#a65628"
1,3.7,0.477815699658703,"#AAAAAA"
1.2,3.4,0.477815699658703,"#AAAAAA"
1.4,3.4,0.477815699658703,"#AAAAAA"
2,1,0.477815699658703,"#a65628"
1.8,1.3,0.477815699658703,"#a65628"
1.6,1.3,0.477815699658703,"#a65628"
1,3.7,0.273037542662116,"#4daf4a"
1.2,3.9,0.273037542662116,"#4daf4a"
1.4,3.9,0.273037542662116,"#4daf4a"
2,5.5,0.273037542662116,"#a65628"
1.8,5.3,0.273037542662116,"#a65628"
1.6,5.3,0.273037542662116,"#a65628"
2,6.4,1.6382252559727,"#ffd300"
2.2,6.4,1.6382252559727,"#ffd300"
2.4,6.4,1.6382252559727,"#ffd300"
3,6.4,1.6382252559727,"#ffd300"
2.8,6.4,1.6382252559727,"#ffd300"
2.6,6.4,1.6382252559727,"#ffd300"
2,6.4,4.02730375426621,"#e41a1c"
2.2,5.9,4.02730375426621,"#e41a1c"
2.4,5.9,4.02730375426621,"#e41a1c"
3,1.9,4.02730375426621,"#ffd300"
2.8,2.4,4.02730375426621,"#ffd300"
2.6,2.4,4.02730375426621,"#ffd300"
2,6.4,1.5358361774744,"#AAAAAA"
2.2,5.8,1.5358361774744,"#AAAAAA"
2.4,5.8,1.5358361774744,"#AAAAAA"
3,1,1.5358361774744,"#ffd300"
2.8,1.6,1.5358361774744,"#ffd300"
2.6,1.6,1.5358361774744,"#ffd300"
2,6.4,16.6211604095563,"#4daf4a"
2.2,6.3,16.6211604095563,"#4daf4a"
2.4,6.3,16.6211604095563,"#4daf4a"
3,5.5,16.6211604095563,"#ffd300"
2.8,5.6,16.6211604095563,"#ffd300"
2.6,5.6,16.6211604095563,"#ffd300"
2,6.4,0.750853242320819,"#a65628"
2.2,6.1,0.750853242320819,"#a65628"
2.4,6.1,0.750853242320819,"#a65628"
3,3.7,0.750853242320819,"#ffd300"
2.8,4,0.750853242320819,"#ffd300"
2.6,4,0.750853242320819,"#ffd300"
2,6.4,0.0341296928327645,"#377eb8"
2.2,6,0.0341296928327645,"#377eb8"
2.4,6,0.0341296928327645,"#377eb8"
3,2.8,0.0341296928327645,"#ffd300"
2.8,3.2,0.0341296928327645,"#ffd300"
2.6,3.2,0.0341296928327645,"#ffd300"
2,1.9,2.28668941979522,"#ffd300"
2.2,2.4,2.28668941979522,"#ffd300"
2.4,2.4,2.28668941979522,"#ffd300"
3,6.4,2.28668941979522,"#e41a1c"
2.8,5.9,2.28668941979522,"#e41a1c"
2.6,5.9,2.28668941979522,"#e41a1c"
2,1.9,0.0341296928327645,"#a65628"
2.2,2.1,0.0341296928327645,"#a65628"
2.4,2.1,0.0341296928327645,"#a65628"
3,3.7,0.0341296928327645,"#e41a1c"
2.8,3.5,0.0341296928327645,"#e41a1c"
2.6,3.5,0.0341296928327645,"#e41a1c"
2,4.6,2.08191126279863,"#f781bf"
2.2,4.6,2.08191126279863,"#f781bf"
2.4,4.6,2.08191126279863,"#f781bf"
3,4.6,2.08191126279863,"#f781bf"
2.8,4.6,2.08191126279863,"#f781bf"
2.6,4.6,2.08191126279863,"#f781bf"
2,4.6,0.955631399317406,"#AAAAAA"
2.2,4.2,0.955631399317406,"#AAAAAA"
2.4,4.2,0.955631399317406,"#AAAAAA"
3,1,0.955631399317406,"#f781bf"
2.8,1.4,0.955631399317406,"#f781bf"
2.6,1.4,0.955631399317406,"#f781bf"
2,4.6,2.52559726962457,"#a65628"
2.2,4.5,2.52559726962457,"#a65628"
2.4,4.5,2.52559726962457,"#a65628"
3,3.7,2.52559726962457,"#f781bf"
2.8,3.8,2.52559726962457,"#f781bf"
2.6,3.8,2.52559726962457,"#f781bf"
2,1,1.19453924914676,"#ffd300"
2.2,1.6,1.19453924914676,"#ffd300"
2.4,1.6,1.19453924914676,"#ffd300"
3,6.4,1.19453924914676,"#AAAAAA"
2.8,5.8,1.19453924914676,"#AAAAAA"
2.6,5.8,1.19453924914676,"#AAAAAA"
2,1,0.341296928327645,"#f781bf"
2.2,1.4,0.341296928327645,"#f781bf"
2.4,1.4,0.341296928327645,"#f781bf"
3,4.6,0.341296928327645,"#AAAAAA"
2.8,4.2,0.341296928327645,"#AAAAAA"
2.6,4.2,0.341296928327645,"#AAAAAA"
2,1,30.7849829351536,"#AAAAAA"
2.2,1,30.7849829351536,"#AAAAAA"
2.4,1,30.7849829351536,"#AAAAAA"
3,1,30.7849829351536,"#AAAAAA"
2.8,1,30.7849829351536,"#AAAAAA"
2.6,1,30.7849829351536,"#AAAAAA"
2,1,0.853242320819113,"#4daf4a"
2.2,1.5,0.853242320819113,"#4daf4a"
2.4,1.5,0.853242320819113,"#4daf4a"
3,5.5,0.853242320819113,"#AAAAAA"
2.8,5,0.853242320819113,"#AAAAAA"
2.6,5,0.853242320819113,"#AAAAAA"
2,1,0.546075085324232,"#a65628"
2.2,1.3,0.546075085324232,"#a65628"
2.4,1.3,0.546075085324232,"#a65628"
3,3.7,0.546075085324232,"#AAAAAA"
2.8,3.4,0.546075085324232,"#AAAAAA"
2.6,3.4,0.546075085324232,"#AAAAAA"
2,5.5,11.740614334471,"#ffd300"
2.2,5.6,11.740614334471,"#ffd300"
2.4,5.6,11.740614334471,"#ffd300"
3,6.4,11.740614334471,"#4daf4a"
2.8,6.3,11.740614334471,"#4daf4a"
2.6,6.3,11.740614334471,"#4daf4a"
2,5.5,0.0341296928327645,"#e41a1c"
2.2,5.1,0.0341296928327645,"#e41a1c"
2.4,5.1,0.0341296928327645,"#e41a1c"
3,1.9,0.0341296928327645,"#4daf4a"
2.8,2.3,0.0341296928327645,"#4daf4a"
2.6,2.3,0.0341296928327645,"#4daf4a"
2,5.5,0.0341296928327645,"#f781bf"
2.2,5.4,0.0341296928327645,"#f781bf"
2.4,5.4,0.0341296928327645,"#f781bf"
3,4.6,0.0341296928327645,"#4daf4a"
2.8,4.7,0.0341296928327645,"#4daf4a"
2.6,4.7,0.0341296928327645,"#4daf4a"
2,5.5,1.6382252559727,"#AAAAAA"
2.2,5,1.6382252559727,"#AAAAAA"
2.4,5,1.6382252559727,"#AAAAAA"
3,1,1.6382252559727,"#4daf4a"
2.8,1.5,1.6382252559727,"#4daf4a"
2.6,1.5,1.6382252559727,"#4daf4a"
2,5.5,1.39931740614334,"#4daf4a"
2.2,5.5,1.39931740614334,"#4daf4a"
2.4,5.5,1.39931740614334,"#4daf4a"
3,5.5,1.39931740614334,"#4daf4a"
2.8,5.5,1.39931740614334,"#4daf4a"
2.6,5.5,1.39931740614334,"#4daf4a"
2,5.5,3.61774744027304,"#a65628"
2.2,5.3,3.61774744027304,"#a65628"
2.4,5.3,3.61774744027304,"#a65628"
3,3.7,3.61774744027304,"#4daf4a"
2.8,3.9,3.61774744027304,"#4daf4a"
2.6,3.9,3.61774744027304,"#4daf4a"
2,3.7,9.48805460750853,"#ffd300"
2.2,4,9.48805460750853,"#ffd300"
2.4,4,9.48805460750853,"#ffd300"
3,6.4,9.48805460750853,"#a65628"
2.8,6.1,9.48805460750853,"#a65628"
2.6,6.1,9.48805460750853,"#a65628"
2,3.7,0.341296928327645,"#AAAAAA"
2.2,3.4,0.341296928327645,"#AAAAAA"
2.4,3.4,0.341296928327645,"#AAAAAA"
3,1,0.341296928327645,"#a65628"
2.8,1.3,0.341296928327645,"#a65628"
2.6,1.3,0.341296928327645,"#a65628"
2,3.7,5.49488054607508,"#4daf4a"
2.2,3.9,5.49488054607508,"#4daf4a"
2.4,3.9,5.49488054607508,"#4daf4a"
3,5.5,5.49488054607508,"#a65628"
2.8,5.3,5.49488054607508,"#a65628"
2.6,5.3,5.49488054607508,"#a65628"
3,6.4,1.43344709897611,"#ffd300"
3.2,6.4,1.43344709897611,"#ffd300"
3.4,6.4,1.43344709897611,"#ffd300"
4,6.4,1.43344709897611,"#ffd300"
3.8,6.4,1.43344709897611,"#ffd300"
3.6,6.4,1.43344709897611,"#ffd300"
3,6.4,1.22866894197952,"#AAAAAA"
3.2,5.8,1.22866894197952,"#AAAAAA"
3.4,5.8,1.22866894197952,"#AAAAAA"
4,1,1.22866894197952,"#ffd300"
3.8,1.6,1.22866894197952,"#ffd300"
3.6,1.6,1.22866894197952,"#ffd300"
3,6.4,23.6860068259386,"#4daf4a"
3.2,6.3,23.6860068259386,"#4daf4a"
3.4,6.3,23.6860068259386,"#4daf4a"
4,5.5,23.6860068259386,"#ffd300"
3.8,5.6,23.6860068259386,"#ffd300"
3.6,5.6,23.6860068259386,"#ffd300"
3,1.9,3.68600682593857,"#ffd300"
3.2,2.4,3.68600682593857,"#ffd300"
3.4,2.4,3.68600682593857,"#ffd300"
4,6.4,3.68600682593857,"#e41a1c"
3.8,5.9,3.68600682593857,"#e41a1c"
3.6,5.9,3.68600682593857,"#e41a1c"
3,1.9,0.068259385665529,"#AAAAAA"
3.2,1.8,0.068259385665529,"#AAAAAA"
3.4,1.8,0.068259385665529,"#AAAAAA"
4,1,0.068259385665529,"#e41a1c"
3.8,1.1,0.068259385665529,"#e41a1c"
3.6,1.1,0.068259385665529,"#e41a1c"
3,1.9,0.307167235494881,"#4daf4a"
3.2,2.3,0.307167235494881,"#4daf4a"
3.4,2.3,0.307167235494881,"#4daf4a"
4,5.5,0.307167235494881,"#e41a1c"
3.8,5.1,0.307167235494881,"#e41a1c"
3.6,5.1,0.307167235494881,"#e41a1c"
3,4.6,2.35494880546075,"#f781bf"
3.2,4.6,2.35494880546075,"#f781bf"
3.4,4.6,2.35494880546075,"#f781bf"
4,4.6,2.35494880546075,"#f781bf"
3.8,4.6,2.35494880546075,"#f781bf"
3.6,4.6,2.35494880546075,"#f781bf"
3,4.6,0.136518771331058,"#AAAAAA"
3.2,4.2,0.136518771331058,"#AAAAAA"
3.4,4.2,0.136518771331058,"#AAAAAA"
4,1,0.136518771331058,"#f781bf"
3.8,1.4,0.136518771331058,"#f781bf"
3.6,1.4,0.136518771331058,"#f781bf"
3,4.6,0.0341296928327645,"#4daf4a"
3.2,4.7,0.0341296928327645,"#4daf4a"
3.4,4.7,0.0341296928327645,"#4daf4a"
4,5.5,0.0341296928327645,"#f781bf"
3.8,5.4,0.0341296928327645,"#f781bf"
3.6,5.4,0.0341296928327645,"#f781bf"
3,1,1.33105802047782,"#ffd300"
3.2,1.6,1.33105802047782,"#ffd300"
3.4,1.6,1.33105802047782,"#ffd300"
4,6.4,1.33105802047782,"#AAAAAA"
3.8,5.8,1.33105802047782,"#AAAAAA"
3.6,5.8,1.33105802047782,"#AAAAAA"
3,1,0.887372013651877,"#f781bf"
3.2,1.4,0.887372013651877,"#f781bf"
3.4,1.4,0.887372013651877,"#f781bf"
4,4.6,0.887372013651877,"#AAAAAA"
3.8,4.2,0.887372013651877,"#AAAAAA"
3.6,4.2,0.887372013651877,"#AAAAAA"
3,1,31.0580204778157,"#AAAAAA"
3.2,1,31.0580204778157,"#AAAAAA"
3.4,1,31.0580204778157,"#AAAAAA"
4,1,31.0580204778157,"#AAAAAA"
3.8,1,31.0580204778157,"#AAAAAA"
3.6,1,31.0580204778157,"#AAAAAA"
3,1,1.87713310580205,"#4daf4a"
3.2,1.5,1.87713310580205,"#4daf4a"
3.4,1.5,1.87713310580205,"#4daf4a"
4,5.5,1.87713310580205,"#AAAAAA"
3.8,5,1.87713310580205,"#AAAAAA"
3.6,5,1.87713310580205,"#AAAAAA"
3,1,0.0341296928327645,"#377eb8"
3.2,1.2,0.0341296928327645,"#377eb8"
3.4,1.2,0.0341296928327645,"#377eb8"
4,2.8,0.0341296928327645,"#AAAAAA"
3.8,2.6,0.0341296928327645,"#AAAAAA"
3.6,2.6,0.0341296928327645,"#AAAAAA"
3,5.5,21.7747440273038,"#ffd300"
3.2,5.6,21.7747440273038,"#ffd300"
3.4,5.6,21.7747440273038,"#ffd300"
4,6.4,21.7747440273038,"#4daf4a"
3.8,6.3,21.7747440273038,"#4daf4a"
3.6,6.3,21.7747440273038,"#4daf4a"
3,5.5,0.716723549488055,"#AAAAAA"
3.2,5,0.716723549488055,"#AAAAAA"
3.4,5,0.716723549488055,"#AAAAAA"
4,1,0.716723549488055,"#4daf4a"
3.8,1.5,0.716723549488055,"#4daf4a"
3.6,1.5,0.716723549488055,"#4daf4a"
3,5.5,1.80887372013652,"#4daf4a"
3.2,5.5,1.80887372013652,"#4daf4a"
3.4,5.5,1.80887372013652,"#4daf4a"
4,5.5,1.80887372013652,"#4daf4a"
3.8,5.5,1.80887372013652,"#4daf4a"
3.6,5.5,1.80887372013652,"#4daf4a"
3,5.5,0.068259385665529,"#377eb8"
3.2,5.2,0.068259385665529,"#377eb8"
3.4,5.2,0.068259385665529,"#377eb8"
4,2.8,0.068259385665529,"#4daf4a"
3.8,3.1,0.068259385665529,"#4daf4a"
3.6,3.1,0.068259385665529,"#4daf4a"
3,3.7,2.1160409556314,"#ffd300"
3.2,4,2.1160409556314,"#ffd300"
3.4,4,2.1160409556314,"#ffd300"
4,6.4,2.1160409556314,"#a65628"
3.8,6.1,2.1160409556314,"#a65628"
3.6,6.1,2.1160409556314,"#a65628"
3,3.7,0.068259385665529,"#f781bf"
3.2,3.8,0.068259385665529,"#f781bf"
3.4,3.8,0.068259385665529,"#f781bf"
4,4.6,0.068259385665529,"#a65628"
3.8,4.5,0.068259385665529,"#a65628"
3.6,4.5,0.068259385665529,"#a65628"
3,3.7,0.273037542662116,"#AAAAAA"
3.2,3.4,0.273037542662116,"#AAAAAA"
3.4,3.4,0.273037542662116,"#AAAAAA"
4,1,0.273037542662116,"#a65628"
3.8,1.3,0.273037542662116,"#a65628"
3.6,1.3,0.273037542662116,"#a65628"
3,3.7,5.01706484641638,"#4daf4a"
3.2,3.9,5.01706484641638,"#4daf4a"
3.4,3.9,5.01706484641638,"#4daf4a"
4,5.5,5.01706484641638,"#a65628"
3.8,5.3,5.01706484641638,"#a65628"
3.6,5.3,5.01706484641638,"#a65628"
3,2.8,0.0341296928327645,"#AAAAAA"
3.2,2.6,0.0341296928327645,"#AAAAAA"
3.4,2.6,0.0341296928327645,"#AAAAAA"
4,1,0.0341296928327645,"#377eb8"
3.8,1.2,0.0341296928327645,"#377eb8"
3.6,1.2,0.0341296928327645,"#377eb8"
4,6.4,2.25255972696246,"#ffd300"
4.2,6.4,2.25255972696246,"#ffd300"
4.4,6.4,2.25255972696246,"#ffd300"
5,6.4,2.25255972696246,"#ffd300"
4.8,6.4,2.25255972696246,"#ffd300"
4.6,6.4,2.25255972696246,"#ffd300"
4,6.4,0.204778156996587,"#AAAAAA"
4.2,5.8,0.204778156996587,"#AAAAAA"
4.4,5.8,0.204778156996587,"#AAAAAA"
5,1,0.204778156996587,"#ffd300"
4.8,1.6,0.204778156996587,"#ffd300"
4.6,1.6,0.204778156996587,"#ffd300"
4,6.4,27.8156996587031,"#4daf4a"
4.2,6.3,27.8156996587031,"#4daf4a"
4.4,6.3,27.8156996587031,"#4daf4a"
5,5.5,27.8156996587031,"#ffd300"
4.8,5.6,27.8156996587031,"#ffd300"
4.6,5.6,27.8156996587031,"#ffd300"
4,6.4,0.0341296928327645,"#a65628"
4.2,6.1,0.0341296928327645,"#a65628"
4.4,6.1,0.0341296928327645,"#a65628"
5,3.7,0.0341296928327645,"#ffd300"
4.8,4,0.0341296928327645,"#ffd300"
4.6,4,0.0341296928327645,"#ffd300"
4,6.4,0.0341296928327645,"#377eb8"
4.2,6,0.0341296928327645,"#377eb8"
4.4,6,0.0341296928327645,"#377eb8"
5,2.8,0.0341296928327645,"#ffd300"
4.8,3.2,0.0341296928327645,"#ffd300"
4.6,3.2,0.0341296928327645,"#ffd300"
4,4.6,0.0341296928327645,"#ffd300"
4.2,4.8,0.0341296928327645,"#ffd300"
4.4,4.8,0.0341296928327645,"#ffd300"
5,6.4,0.0341296928327645,"#f781bf"
4.8,6.2,0.0341296928327645,"#f781bf"
4.6,6.2,0.0341296928327645,"#f781bf"
4,4.6,2.86689419795222,"#f781bf"
4.2,4.6,2.86689419795222,"#f781bf"
4.4,4.6,2.86689419795222,"#f781bf"
5,4.6,2.86689419795222,"#f781bf"
4.8,4.6,2.86689419795222,"#f781bf"
4.6,4.6,2.86689419795222,"#f781bf"
4,4.6,0.307167235494881,"#AAAAAA"
4.2,4.2,0.307167235494881,"#AAAAAA"
4.4,4.2,0.307167235494881,"#AAAAAA"
5,1,0.307167235494881,"#f781bf"
4.8,1.4,0.307167235494881,"#f781bf"
4.6,1.4,0.307167235494881,"#f781bf"
4,1,7.33788395904437,"#ffd300"
4.2,1.6,7.33788395904437,"#ffd300"
4.4,1.6,7.33788395904437,"#ffd300"
5,6.4,7.33788395904437,"#AAAAAA"
4.8,5.8,7.33788395904437,"#AAAAAA"
4.6,5.8,7.33788395904437,"#AAAAAA"
4,1,20.580204778157,"#AAAAAA"
4.2,1,20.580204778157,"#AAAAAA"
4.4,1,20.580204778157,"#AAAAAA"
5,1,20.580204778157,"#AAAAAA"
4.8,1,20.580204778157,"#AAAAAA"
4.6,1,20.580204778157,"#AAAAAA"
4,1,5.69965870307167,"#4daf4a"
4.2,1.5,5.69965870307167,"#4daf4a"
4.4,1.5,5.69965870307167,"#4daf4a"
5,5.5,5.69965870307167,"#AAAAAA"
4.8,5,5.69965870307167,"#AAAAAA"
4.6,5,5.69965870307167,"#AAAAAA"
4,5.5,27.7133105802048,"#ffd300"
4.2,5.6,27.7133105802048,"#ffd300"
4.4,5.6,27.7133105802048,"#ffd300"
5,6.4,27.7133105802048,"#4daf4a"
4.8,6.3,27.7133105802048,"#4daf4a"
4.6,6.3,27.7133105802048,"#4daf4a"
4,5.5,0.068259385665529,"#f781bf"
4.2,5.4,0.068259385665529,"#f781bf"
4.4,5.4,0.068259385665529,"#f781bf"
5,4.6,0.068259385665529,"#4daf4a"
4.8,4.7,0.068259385665529,"#4daf4a"
4.6,4.7,0.068259385665529,"#4daf4a"
4,5.5,0.921501706484642,"#AAAAAA"
4.2,5,0.921501706484642,"#AAAAAA"
4.4,5,0.921501706484642,"#AAAAAA"
5,1,0.921501706484642,"#4daf4a"
4.8,1.5,0.921501706484642,"#4daf4a"
4.6,1.5,0.921501706484642,"#4daf4a"
4,5.5,0.887372013651877,"#4daf4a"
4.2,5.5,0.887372013651877,"#4daf4a"
4.4,5.5,0.887372013651877,"#4daf4a"
5,5.5,0.887372013651877,"#4daf4a"
4.8,5.5,0.887372013651877,"#4daf4a"
4.6,5.5,0.887372013651877,"#4daf4a"
4,5.5,3.13993174061433,"#a65628"
4.2,5.3,3.13993174061433,"#a65628"
4.4,5.3,3.13993174061433,"#a65628"
5,3.7,3.13993174061433,"#4daf4a"
4.8,3.9,3.13993174061433,"#4daf4a"
4.6,3.9,3.13993174061433,"#4daf4a"
4,2.8,0.068259385665529,"#4daf4a"
4.2,3.1,0.068259385665529,"#4daf4a"
4.4,3.1,0.068259385665529,"#4daf4a"
5,5.5,0.068259385665529,"#377eb8"
4.8,5.2,0.068259385665529,"#377eb8"
4.6,5.2,0.068259385665529,"#377eb8"
4,2.8,0.0341296928327645,"#377eb8"
4.2,2.8,0.0341296928327645,"#377eb8"
4.4,2.8,0.0341296928327645,"#377eb8"
5,2.8,0.0341296928327645,"#377eb8"
4.8,2.8,0.0341296928327645,"#377eb8"
4.6,2.8,0.0341296928327645,"#377eb8"
5,6.4,2.38907849829352,"#ffd300"
5.2,6.4,2.38907849829352,"#ffd300"
5.4,6.4,2.38907849829352,"#ffd300"
6,6.4,2.38907849829352,"#ffd300"
5.8,6.4,2.38907849829352,"#ffd300"
5.6,6.4,2.38907849829352,"#ffd300"
5,6.4,0.102389078498294,"#f781bf"
5.2,6.2,0.102389078498294,"#f781bf"
5.4,6.2,0.102389078498294,"#f781bf"
6,4.6,0.102389078498294,"#ffd300"
5.8,4.8,0.102389078498294,"#ffd300"
5.6,4.8,0.102389078498294,"#ffd300"
5,6.4,1.87713310580205,"#AAAAAA"
5.2,5.8,1.87713310580205,"#AAAAAA"
5.4,5.8,1.87713310580205,"#AAAAAA"
6,1,1.87713310580205,"#ffd300"
5.8,1.6,1.87713310580205,"#ffd300"
5.6,1.6,1.87713310580205,"#ffd300"
5,6.4,32.8668941979522,"#4daf4a"
5.2,6.3,32.8668941979522,"#4daf4a"
5.4,6.3,32.8668941979522,"#4daf4a"
6,5.5,32.8668941979522,"#ffd300"
5.8,5.6,32.8668941979522,"#ffd300"
5.6,5.6,32.8668941979522,"#ffd300"
5,6.4,0.102389078498294,"#a65628"
5.2,6.1,0.102389078498294,"#a65628"
5.4,6.1,0.102389078498294,"#a65628"
6,3.7,0.102389078498294,"#ffd300"
5.8,4,0.102389078498294,"#ffd300"
5.6,4,0.102389078498294,"#ffd300"
5,4.6,0.614334470989761,"#ffd300"
5.2,4.8,0.614334470989761,"#ffd300"
5.4,4.8,0.614334470989761,"#ffd300"
6,6.4,0.614334470989761,"#f781bf"
5.8,6.2,0.614334470989761,"#f781bf"
5.6,6.2,0.614334470989761,"#f781bf"
5,4.6,0.068259385665529,"#f781bf"
5.2,4.6,0.068259385665529,"#f781bf"
5.4,4.6,0.068259385665529,"#f781bf"
6,4.6,0.068259385665529,"#f781bf"
5.8,4.6,0.068259385665529,"#f781bf"
5.6,4.6,0.068259385665529,"#f781bf"
5,4.6,0.068259385665529,"#AAAAAA"
5.2,4.2,0.068259385665529,"#AAAAAA"
5.4,4.2,0.068259385665529,"#AAAAAA"
6,1,0.068259385665529,"#f781bf"
5.8,1.4,0.068259385665529,"#f781bf"
5.6,1.4,0.068259385665529,"#f781bf"
5,4.6,2.18430034129693,"#4daf4a"
5.2,4.7,2.18430034129693,"#4daf4a"
5.4,4.7,2.18430034129693,"#4daf4a"
6,5.5,2.18430034129693,"#f781bf"
5.8,5.4,2.18430034129693,"#f781bf"
5.6,5.4,2.18430034129693,"#f781bf"
5,1,1.12627986348123,"#ffd300"
5.2,1.6,1.12627986348123,"#ffd300"
5.4,1.6,1.12627986348123,"#ffd300"
6,6.4,1.12627986348123,"#AAAAAA"
5.8,5.8,1.12627986348123,"#AAAAAA"
5.6,5.8,1.12627986348123,"#AAAAAA"
5,1,0.37542662116041,"#f781bf"
5.2,1.4,0.37542662116041,"#f781bf"
5.4,1.4,0.37542662116041,"#f781bf"
6,4.6,0.37542662116041,"#AAAAAA"
5.8,4.2,0.37542662116041,"#AAAAAA"
5.6,4.2,0.37542662116041,"#AAAAAA"
5,1,18.7030716723549,"#AAAAAA"
5.2,1,18.7030716723549,"#AAAAAA"
5.4,1,18.7030716723549,"#AAAAAA"
6,1,18.7030716723549,"#AAAAAA"
5.8,1,18.7030716723549,"#AAAAAA"
5.6,1,18.7030716723549,"#AAAAAA"
5,1,1.77474402730375,"#4daf4a"
5.2,1.5,1.77474402730375,"#4daf4a"
5.4,1.5,1.77474402730375,"#4daf4a"
6,5.5,1.77474402730375,"#AAAAAA"
5.8,5,1.77474402730375,"#AAAAAA"
5.6,5,1.77474402730375,"#AAAAAA"
5,1,0.0341296928327645,"#377eb8"
5.2,1.2,0.0341296928327645,"#377eb8"
5.4,1.2,0.0341296928327645,"#377eb8"
6,2.8,0.0341296928327645,"#AAAAAA"
5.8,2.6,0.0341296928327645,"#AAAAAA"
5.6,2.6,0.0341296928327645,"#AAAAAA"
5,5.5,31.740614334471,"#ffd300"
5.2,5.6,31.740614334471,"#ffd300"
5.4,5.6,31.740614334471,"#ffd300"
6,6.4,31.740614334471,"#4daf4a"
5.8,6.3,31.740614334471,"#4daf4a"
5.6,6.3,31.740614334471,"#4daf4a"
5,5.5,1.26279863481229,"#AAAAAA"
5.2,5,1.26279863481229,"#AAAAAA"
5.4,5,1.26279863481229,"#AAAAAA"
6,1,1.26279863481229,"#4daf4a"
5.8,1.5,1.26279863481229,"#4daf4a"
5.6,1.5,1.26279863481229,"#4daf4a"
5,5.5,1.36518771331058,"#4daf4a"
5.2,5.5,1.36518771331058,"#4daf4a"
5.4,5.5,1.36518771331058,"#4daf4a"
6,5.5,1.36518771331058,"#4daf4a"
5.8,5.5,1.36518771331058,"#4daf4a"
5.6,5.5,1.36518771331058,"#4daf4a"
5,5.5,0.102389078498294,"#a65628"
5.2,5.3,0.102389078498294,"#a65628"
5.4,5.3,0.102389078498294,"#a65628"
6,3.7,0.102389078498294,"#4daf4a"
5.8,3.9,0.102389078498294,"#4daf4a"
5.6,3.9,0.102389078498294,"#4daf4a"
5,3.7,3.07167235494881,"#f781bf"
5.2,3.8,3.07167235494881,"#f781bf"
5.4,3.8,3.07167235494881,"#f781bf"
6,4.6,3.07167235494881,"#a65628"
5.8,4.5,3.07167235494881,"#a65628"
5.6,4.5,3.07167235494881,"#a65628"
5,3.7,0.102389078498294,"#AAAAAA"
5.2,3.4,0.102389078498294,"#AAAAAA"
5.4,3.4,0.102389078498294,"#AAAAAA"
6,1,0.102389078498294,"#a65628"
5.8,1.3,0.102389078498294,"#a65628"
5.6,1.3,0.102389078498294,"#a65628"
5,2.8,0.068259385665529,"#ffd300"
5.2,3.2,0.068259385665529,"#ffd300"
5.4,3.2,0.068259385665529,"#ffd300"
6,6.4,0.068259385665529,"#377eb8"
5.8,6,0.068259385665529,"#377eb8"
5.6,6,0.068259385665529,"#377eb8"
6,6.4,3.72013651877133,"#ffd300"
6.2,6.4,3.72013651877133,"#ffd300"
6.4,6.4,3.72013651877133,"#ffd300"
7,6.4,3.72013651877133,"#ffd300"
6.8,6.4,3.72013651877133,"#ffd300"
6.6,6.4,3.72013651877133,"#ffd300"
6,6.4,0.0341296928327645,"#f781bf"
6.2,6.2,0.0341296928327645,"#f781bf"
6.4,6.2,0.0341296928327645,"#f781bf"
7,4.6,0.0341296928327645,"#ffd300"
6.8,4.8,0.0341296928327645,"#ffd300"
6.6,4.8,0.0341296928327645,"#ffd300"
6,6.4,0.887372013651877,"#AAAAAA"
6.2,5.8,0.887372013651877,"#AAAAAA"
6.4,5.8,0.887372013651877,"#AAAAAA"
7,1,0.887372013651877,"#ffd300"
6.8,1.6,0.887372013651877,"#ffd300"
6.6,1.6,0.887372013651877,"#ffd300"
6,6.4,31.2969283276451,"#4daf4a"
6.2,6.3,31.2969283276451,"#4daf4a"
6.4,6.3,31.2969283276451,"#4daf4a"
7,5.5,31.2969283276451,"#ffd300"
6.8,5.6,31.2969283276451,"#ffd300"
6.6,5.6,31.2969283276451,"#ffd300"
6,4.6,0.0341296928327645,"#ffd300"
6.2,4.8,0.0341296928327645,"#ffd300"
6.4,4.8,0.0341296928327645,"#ffd300"
7,6.4,0.0341296928327645,"#f781bf"
6.8,6.2,0.0341296928327645,"#f781bf"
6.6,6.2,0.0341296928327645,"#f781bf"
6,4.6,3.41296928327645,"#f781bf"
6.2,4.6,3.41296928327645,"#f781bf"
6.4,4.6,3.41296928327645,"#f781bf"
7,4.6,3.41296928327645,"#f781bf"
6.8,4.6,3.41296928327645,"#f781bf"
6.6,4.6,3.41296928327645,"#f781bf"
6,4.6,0.068259385665529,"#AAAAAA"
6.2,4.2,0.068259385665529,"#AAAAAA"
6.4,4.2,0.068259385665529,"#AAAAAA"
7,1,0.068259385665529,"#f781bf"
6.8,1.4,0.068259385665529,"#f781bf"
6.6,1.4,0.068259385665529,"#f781bf"
6,4.6,0.102389078498294,"#4daf4a"
6.2,4.7,0.102389078498294,"#4daf4a"
6.4,4.7,0.102389078498294,"#4daf4a"
7,5.5,0.102389078498294,"#f781bf"
6.8,5.4,0.102389078498294,"#f781bf"
6.6,5.4,0.102389078498294,"#f781bf"
6,1,2.01365187713311,"#ffd300"
6.2,1.6,2.01365187713311,"#ffd300"
6.4,1.6,2.01365187713311,"#ffd300"
7,6.4,2.01365187713311,"#AAAAAA"
6.8,5.8,2.01365187713311,"#AAAAAA"
6.6,5.8,2.01365187713311,"#AAAAAA"
6,1,0.170648464163823,"#f781bf"
6.2,1.4,0.170648464163823,"#f781bf"
6.4,1.4,0.170648464163823,"#f781bf"
7,4.6,0.170648464163823,"#AAAAAA"
6.8,4.2,0.170648464163823,"#AAAAAA"
6.6,4.2,0.170648464163823,"#AAAAAA"
6,1,18.9419795221843,"#AAAAAA"
6.2,1,18.9419795221843,"#AAAAAA"
6.4,1,18.9419795221843,"#AAAAAA"
7,1,18.9419795221843,"#AAAAAA"
6.8,1,18.9419795221843,"#AAAAAA"
6.6,1,18.9419795221843,"#AAAAAA"
6,1,0.887372013651877,"#4daf4a"
6.2,1.5,0.887372013651877,"#4daf4a"
6.4,1.5,0.887372013651877,"#4daf4a"
7,5.5,0.887372013651877,"#AAAAAA"
6.8,5,0.887372013651877,"#AAAAAA"
6.6,5,0.887372013651877,"#AAAAAA"
6,5.5,34.2662116040956,"#ffd300"
6.2,5.6,34.2662116040956,"#ffd300"
6.4,5.6,34.2662116040956,"#ffd300"
7,6.4,34.2662116040956,"#4daf4a"
6.8,6.3,34.2662116040956,"#4daf4a"
6.6,6.3,34.2662116040956,"#4daf4a"
6,5.5,0.068259385665529,"#e41a1c"
6.2,5.1,0.068259385665529,"#e41a1c"
6.4,5.1,0.068259385665529,"#e41a1c"
7,1.9,0.068259385665529,"#4daf4a"
6.8,2.3,0.068259385665529,"#4daf4a"
6.6,2.3,0.068259385665529,"#4daf4a"
6,5.5,1.22866894197952,"#f781bf"
6.2,5.4,1.22866894197952,"#f781bf"
6.4,5.4,1.22866894197952,"#f781bf"
7,4.6,1.22866894197952,"#4daf4a"
6.8,4.7,1.22866894197952,"#4daf4a"
6.6,4.7,1.22866894197952,"#4daf4a"
6,5.5,1.67235494880546,"#AAAAAA"
6.2,5,1.67235494880546,"#AAAAAA"
6.4,5,1.67235494880546,"#AAAAAA"
7,1,1.67235494880546,"#4daf4a"
6.8,1.5,1.67235494880546,"#4daf4a"
6.6,1.5,1.67235494880546,"#4daf4a"
6,5.5,0.955631399317406,"#4daf4a"
6.2,5.5,0.955631399317406,"#4daf4a"
6.4,5.5,0.955631399317406,"#4daf4a"
7,5.5,0.955631399317406,"#4daf4a"
6.8,5.5,0.955631399317406,"#4daf4a"
6.6,5.5,0.955631399317406,"#4daf4a"
6,3.7,0.204778156996587,"#ffd300"
6.2,4,0.204778156996587,"#ffd300"
6.4,4,0.204778156996587,"#ffd300"
7,6.4,0.204778156996587,"#a65628"
6.8,6.1,0.204778156996587,"#a65628"
6.6,6.1,0.204778156996587,"#a65628"
6,2.8,0.0341296928327645,"#ffd300"
6.2,3.2,0.0341296928327645,"#ffd300"
6.4,3.2,0.0341296928327645,"#ffd300"
7,6.4,0.0341296928327645,"#377eb8"
6.8,6,0.0341296928327645,"#377eb8"
6.6,6,0.0341296928327645,"#377eb8"
7,6.4,2.08191126279863,"#ffd300"
7.2,6.4,2.08191126279863,"#ffd300"
7.4,6.4,2.08191126279863,"#ffd300"
8,6.4,2.08191126279863,"#ffd300"
7.8,6.4,2.08191126279863,"#ffd300"
7.6,6.4,2.08191126279863,"#ffd300"
7,6.4,0.204778156996587,"#e41a1c"
7.2,5.9,0.204778156996587,"#e41a1c"
7.4,5.9,0.204778156996587,"#e41a1c"
8,1.9,0.204778156996587,"#ffd300"
7.8,2.4,0.204778156996587,"#ffd300"
7.6,2.4,0.204778156996587,"#ffd300"
7,6.4,0.102389078498294,"#f781bf"
7.2,6.2,0.102389078498294,"#f781bf"
7.4,6.2,0.102389078498294,"#f781bf"
8,4.6,0.102389078498294,"#ffd300"
7.8,4.8,0.102389078498294,"#ffd300"
7.6,4.8,0.102389078498294,"#ffd300"
7,6.4,0.989761092150171,"#AAAAAA"
7.2,5.8,0.989761092150171,"#AAAAAA"
7.4,5.8,0.989761092150171,"#AAAAAA"
8,1,0.989761092150171,"#ffd300"
7.8,1.6,0.989761092150171,"#ffd300"
7.6,1.6,0.989761092150171,"#ffd300"
7,6.4,36.8600682593857,"#4daf4a"
7.2,6.3,36.8600682593857,"#4daf4a"
7.4,6.3,36.8600682593857,"#4daf4a"
8,5.5,36.8600682593857,"#ffd300"
7.8,5.6,36.8600682593857,"#ffd300"
7.6,5.6,36.8600682593857,"#ffd300"
7,6.4,0.0341296928327645,"#377eb8"
7.2,6,0.0341296928327645,"#377eb8"
7.4,6,0.0341296928327645,"#377eb8"
8,2.8,0.0341296928327645,"#ffd300"
7.8,3.2,0.0341296928327645,"#ffd300"
7.6,3.2,0.0341296928327645,"#ffd300"
7,1.9,0.0341296928327645,"#e41a1c"
7.2,1.9,0.0341296928327645,"#e41a1c"
7.4,1.9,0.0341296928327645,"#e41a1c"
8,1.9,0.0341296928327645,"#e41a1c"
7.8,1.9,0.0341296928327645,"#e41a1c"
7.6,1.9,0.0341296928327645,"#e41a1c"
7,1.9,0.0341296928327645,"#4daf4a"
7.2,2.3,0.0341296928327645,"#4daf4a"
7.4,2.3,0.0341296928327645,"#4daf4a"
8,5.5,0.0341296928327645,"#e41a1c"
7.8,5.1,0.0341296928327645,"#e41a1c"
7.6,5.1,0.0341296928327645,"#e41a1c"
7,4.6,0.0341296928327645,"#ffd300"
7.2,4.8,0.0341296928327645,"#ffd300"
7.4,4.8,0.0341296928327645,"#ffd300"
8,6.4,0.0341296928327645,"#f781bf"
7.8,6.2,0.0341296928327645,"#f781bf"
7.6,6.2,0.0341296928327645,"#f781bf"
7,4.6,0.921501706484642,"#e41a1c"
7.2,4.3,0.921501706484642,"#e41a1c"
7.4,4.3,0.921501706484642,"#e41a1c"
8,1.9,0.921501706484642,"#f781bf"
7.8,2.2,0.921501706484642,"#f781bf"
7.6,2.2,0.921501706484642,"#f781bf"
7,4.6,3.89078498293515,"#f781bf"
7.2,4.6,3.89078498293515,"#f781bf"
7.4,4.6,3.89078498293515,"#f781bf"
8,4.6,3.89078498293515,"#f781bf"
7.8,4.6,3.89078498293515,"#f781bf"
7.6,4.6,3.89078498293515,"#f781bf"
7,4.6,0.068259385665529,"#AAAAAA"
7.2,4.2,0.068259385665529,"#AAAAAA"
7.4,4.2,0.068259385665529,"#AAAAAA"
8,1,0.068259385665529,"#f781bf"
7.8,1.4,0.068259385665529,"#f781bf"
7.6,1.4,0.068259385665529,"#f781bf"
7,4.6,0.102389078498294,"#4daf4a"
7.2,4.7,0.102389078498294,"#4daf4a"
7.4,4.7,0.102389078498294,"#4daf4a"
8,5.5,0.102389078498294,"#f781bf"
7.8,5.4,0.102389078498294,"#f781bf"
7.6,5.4,0.102389078498294,"#f781bf"
7,4.6,0.0341296928327645,"#377eb8"
7.2,4.4,0.0341296928327645,"#377eb8"
7.4,4.4,0.0341296928327645,"#377eb8"
8,2.8,0.0341296928327645,"#f781bf"
7.8,3,0.0341296928327645,"#f781bf"
7.6,3,0.0341296928327645,"#f781bf"
7,1,0.204778156996587,"#ffd300"
7.2,1.6,0.204778156996587,"#ffd300"
7.4,1.6,0.204778156996587,"#ffd300"
8,6.4,0.204778156996587,"#AAAAAA"
7.8,5.8,0.204778156996587,"#AAAAAA"
7.6,5.8,0.204778156996587,"#AAAAAA"
7,1,0.614334470989761,"#e41a1c"
7.2,1.1,0.614334470989761,"#e41a1c"
7.4,1.1,0.614334470989761,"#e41a1c"
8,1.9,0.614334470989761,"#AAAAAA"
7.8,1.8,0.614334470989761,"#AAAAAA"
7.6,1.8,0.614334470989761,"#AAAAAA"
7,1,0.136518771331058,"#f781bf"
7.2,1.4,0.136518771331058,"#f781bf"
7.4,1.4,0.136518771331058,"#f781bf"
8,4.6,0.136518771331058,"#AAAAAA"
7.8,4.2,0.136518771331058,"#AAAAAA"
7.6,4.2,0.136518771331058,"#AAAAAA"
7,1,19.5221843003413,"#AAAAAA"
7.2,1,19.5221843003413,"#AAAAAA"
7.4,1,19.5221843003413,"#AAAAAA"
8,1,19.5221843003413,"#AAAAAA"
7.8,1,19.5221843003413,"#AAAAAA"
7.6,1,19.5221843003413,"#AAAAAA"
7,1,0.887372013651877,"#4daf4a"
7.2,1.5,0.887372013651877,"#4daf4a"
7.4,1.5,0.887372013651877,"#4daf4a"
8,5.5,0.887372013651877,"#AAAAAA"
7.8,5,0.887372013651877,"#AAAAAA"
7.6,5,0.887372013651877,"#AAAAAA"
7,5.5,31.2969283276451,"#ffd300"
7.2,5.6,31.2969283276451,"#ffd300"
7.4,5.6,31.2969283276451,"#ffd300"
8,6.4,31.2969283276451,"#4daf4a"
7.8,6.3,31.2969283276451,"#4daf4a"
7.6,6.3,31.2969283276451,"#4daf4a"
7,5.5,0.0341296928327645,"#e41a1c"
7.2,5.1,0.0341296928327645,"#e41a1c"
7.4,5.1,0.0341296928327645,"#e41a1c"
8,1.9,0.0341296928327645,"#4daf4a"
7.8,2.3,0.0341296928327645,"#4daf4a"
7.6,2.3,0.0341296928327645,"#4daf4a"
7,5.5,0.136518771331058,"#AAAAAA"
7.2,5,0.136518771331058,"#AAAAAA"
7.4,5,0.136518771331058,"#AAAAAA"
8,1,0.136518771331058,"#4daf4a"
7.8,1.5,0.136518771331058,"#4daf4a"
7.6,1.5,0.136518771331058,"#4daf4a"
7,5.5,1.77474402730375,"#4daf4a"
7.2,5.5,1.77474402730375,"#4daf4a"
7.4,5.5,1.77474402730375,"#4daf4a"
8,5.5,1.77474402730375,"#4daf4a"
7.8,5.5,1.77474402730375,"#4daf4a"
7.6,5.5,1.77474402730375,"#4daf4a"
8,6.4,1.74061433447099,"#ffd300"
8.2,6.4,1.74061433447099,"#ffd300"
8.4,6.4,1.74061433447099,"#ffd300"
9,6.4,1.74061433447099,"#ffd300"
8.8,6.4,1.74061433447099,"#ffd300"
8.6,6.4,1.74061433447099,"#ffd300"
8,6.4,2.35494880546075,"#e41a1c"
8.2,5.9,2.35494880546075,"#e41a1c"
8.4,5.9,2.35494880546075,"#e41a1c"
9,1.9,2.35494880546075,"#ffd300"
8.8,2.4,2.35494880546075,"#ffd300"
8.6,2.4,2.35494880546075,"#ffd300"
8,6.4,0.068259385665529,"#f781bf"
8.2,6.2,0.068259385665529,"#f781bf"
8.4,6.2,0.068259385665529,"#f781bf"
9,4.6,0.068259385665529,"#ffd300"
8.8,4.8,0.068259385665529,"#ffd300"
8.6,4.8,0.068259385665529,"#ffd300"
8,6.4,0.409556313993174,"#AAAAAA"
8.2,5.8,0.409556313993174,"#AAAAAA"
8.4,5.8,0.409556313993174,"#AAAAAA"
9,1,0.409556313993174,"#ffd300"
8.8,1.6,0.409556313993174,"#ffd300"
8.6,1.6,0.409556313993174,"#ffd300"
8,6.4,28.8737201365188,"#4daf4a"
8.2,6.3,28.8737201365188,"#4daf4a"
8.4,6.3,28.8737201365188,"#4daf4a"
9,5.5,28.8737201365188,"#ffd300"
8.8,5.6,28.8737201365188,"#ffd300"
8.6,5.6,28.8737201365188,"#ffd300"
8,6.4,0.170648464163823,"#a65628"
8.2,6.1,0.170648464163823,"#a65628"
8.4,6.1,0.170648464163823,"#a65628"
9,3.7,0.170648464163823,"#ffd300"
8.8,4,0.170648464163823,"#ffd300"
8.6,4,0.170648464163823,"#ffd300"
8,1.9,0.307167235494881,"#f781bf"
8.2,2.2,0.307167235494881,"#f781bf"
8.4,2.2,0.307167235494881,"#f781bf"
9,4.6,0.307167235494881,"#e41a1c"
8.8,4.3,0.307167235494881,"#e41a1c"
8.6,4.3,0.307167235494881,"#e41a1c"
8,1.9,1.56996587030717,"#a65628"
8.2,2.1,1.56996587030717,"#a65628"
8.4,2.1,1.56996587030717,"#a65628"
9,3.7,1.56996587030717,"#e41a1c"
8.8,3.5,1.56996587030717,"#e41a1c"
8.6,3.5,1.56996587030717,"#e41a1c"
8,4.6,0.0341296928327645,"#ffd300"
8.2,4.8,0.0341296928327645,"#ffd300"
8.4,4.8,0.0341296928327645,"#ffd300"
9,6.4,0.0341296928327645,"#f781bf"
8.8,6.2,0.0341296928327645,"#f781bf"
8.6,6.2,0.0341296928327645,"#f781bf"
8,4.6,3.7542662116041,"#f781bf"
8.2,4.6,3.7542662116041,"#f781bf"
8.4,4.6,3.7542662116041,"#f781bf"
9,4.6,3.7542662116041,"#f781bf"
8.8,4.6,3.7542662116041,"#f781bf"
8.6,4.6,3.7542662116041,"#f781bf"
8,4.6,0.068259385665529,"#AAAAAA"
8.2,4.2,0.068259385665529,"#AAAAAA"
8.4,4.2,0.068259385665529,"#AAAAAA"
9,1,0.068259385665529,"#f781bf"
8.8,1.4,0.068259385665529,"#f781bf"
8.6,1.4,0.068259385665529,"#f781bf"
8,4.6,0.102389078498294,"#a65628"
8.2,4.5,0.102389078498294,"#a65628"
8.4,4.5,0.102389078498294,"#a65628"
9,3.7,0.102389078498294,"#f781bf"
8.8,3.8,0.102389078498294,"#f781bf"
8.6,3.8,0.102389078498294,"#f781bf"
8,1,0.443686006825939,"#ffd300"
8.2,1.6,0.443686006825939,"#ffd300"
8.4,1.6,0.443686006825939,"#ffd300"
9,6.4,0.443686006825939,"#AAAAAA"
8.8,5.8,0.443686006825939,"#AAAAAA"
8.6,5.8,0.443686006825939,"#AAAAAA"
8,1,0.0341296928327645,"#e41a1c"
8.2,1.1,0.0341296928327645,"#e41a1c"
8.4,1.1,0.0341296928327645,"#e41a1c"
9,1.9,0.0341296928327645,"#AAAAAA"
8.8,1.8,0.0341296928327645,"#AAAAAA"
8.6,1.8,0.0341296928327645,"#AAAAAA"
8,1,0.0341296928327645,"#f781bf"
8.2,1.4,0.0341296928327645,"#f781bf"
8.4,1.4,0.0341296928327645,"#f781bf"
9,4.6,0.0341296928327645,"#AAAAAA"
8.8,4.2,0.0341296928327645,"#AAAAAA"
8.6,4.2,0.0341296928327645,"#AAAAAA"
8,1,20.0341296928328,"#AAAAAA"
8.2,1,20.0341296928328,"#AAAAAA"
8.4,1,20.0341296928328,"#AAAAAA"
9,1,20.0341296928328,"#AAAAAA"
8.8,1,20.0341296928328,"#AAAAAA"
8.6,1,20.0341296928328,"#AAAAAA"
8,1,0.273037542662116,"#4daf4a"
8.2,1.5,0.273037542662116,"#4daf4a"
8.4,1.5,0.273037542662116,"#4daf4a"
9,5.5,0.273037542662116,"#AAAAAA"
8.8,5,0.273037542662116,"#AAAAAA"
8.6,5,0.273037542662116,"#AAAAAA"
8,5.5,34.0955631399317,"#ffd300"
8.2,5.6,34.0955631399317,"#ffd300"
8.4,5.6,34.0955631399317,"#ffd300"
9,6.4,34.0955631399317,"#4daf4a"
8.8,6.3,34.0955631399317,"#4daf4a"
8.6,6.3,34.0955631399317,"#4daf4a"
8,5.5,0.102389078498294,"#e41a1c"
8.2,5.1,0.102389078498294,"#e41a1c"
8.4,5.1,0.102389078498294,"#e41a1c"
9,1.9,0.102389078498294,"#4daf4a"
8.8,2.3,0.102389078498294,"#4daf4a"
8.6,2.3,0.102389078498294,"#4daf4a"
8,5.5,0.648464163822526,"#f781bf"
8.2,5.4,0.648464163822526,"#f781bf"
8.4,5.4,0.648464163822526,"#f781bf"
9,4.6,0.648464163822526,"#4daf4a"
8.8,4.7,0.648464163822526,"#4daf4a"
8.6,4.7,0.648464163822526,"#4daf4a"
8,5.5,0.307167235494881,"#AAAAAA"
8.2,5,0.307167235494881,"#AAAAAA"
8.4,5,0.307167235494881,"#AAAAAA"
9,1,0.307167235494881,"#4daf4a"
8.8,1.5,0.307167235494881,"#4daf4a"
8.6,1.5,0.307167235494881,"#4daf4a"
8,5.5,4.26621160409556,"#4daf4a"
8.2,5.5,4.26621160409556,"#4daf4a"
8.4,5.5,4.26621160409556,"#4daf4a"
9,5.5,4.26621160409556,"#4daf4a"
8.8,5.5,4.26621160409556,"#4daf4a"
8.6,5.5,4.26621160409556,"#4daf4a"
8,5.5,0.238907849829352,"#a65628"
8.2,5.3,0.238907849829352,"#a65628"
8.4,5.3,0.238907849829352,"#a65628"
9,3.7,0.238907849829352,"#4daf4a"
8.8,3.9,0.238907849829352,"#4daf4a"
8.6,3.9,0.238907849829352,"#4daf4a"
8,2.8,0.0341296928327645,"#AAAAAA"
8.2,2.6,0.0341296928327645,"#AAAAAA"
8.4,2.6,0.0341296928327645,"#AAAAAA"
9,1,0.0341296928327645,"#377eb8"
8.8,1.2,0.0341296928327645,"#377eb8"
8.6,1.2,0.0341296928327645,"#377eb8"
8,2.8,0.0341296928327645,"#4daf4a"
8.2,3.1,0.0341296928327645,"#4daf4a"
8.4,3.1,0.0341296928327645,"#4daf4a"
9,5.5,0.0341296928327645,"#377eb8"
8.8,5.2,0.0341296928327645,"#377eb8"
8.6,5.2,0.0341296928327645,"#377eb8"
9,6.4,5.97269624573379,"#ffd300"
9.2,6.4,5.97269624573379,"#ffd300"
9.4,6.4,5.97269624573379,"#ffd300"
10,6.4,5.97269624573379,"#ffd300"
9.8,6.4,5.97269624573379,"#ffd300"
9.6,6.4,5.97269624573379,"#ffd300"
9,6.4,0.136518771331058,"#f781bf"
9.2,6.2,0.136518771331058,"#f781bf"
9.4,6.2,0.136518771331058,"#f781bf"
10,4.6,0.136518771331058,"#ffd300"
9.8,4.8,0.136518771331058,"#ffd300"
9.6,4.8,0.136518771331058,"#ffd300"
9,6.4,0.170648464163823,"#AAAAAA"
9.2,5.8,0.170648464163823,"#AAAAAA"
9.4,5.8,0.170648464163823,"#AAAAAA"
10,1,0.170648464163823,"#ffd300"
9.8,1.6,0.170648464163823,"#ffd300"
9.6,1.6,0.170648464163823,"#ffd300"
9,6.4,30.0341296928328,"#4daf4a"
9.2,6.3,30.0341296928328,"#4daf4a"
9.4,6.3,30.0341296928328,"#4daf4a"
10,5.5,30.0341296928328,"#ffd300"
9.8,5.6,30.0341296928328,"#ffd300"
9.6,5.6,30.0341296928328,"#ffd300"
9,1.9,2.25255972696246,"#ffd300"
9.2,2.4,2.25255972696246,"#ffd300"
9.4,2.4,2.25255972696246,"#ffd300"
10,6.4,2.25255972696246,"#e41a1c"
9.8,5.9,2.25255972696246,"#e41a1c"
9.6,5.9,2.25255972696246,"#e41a1c"
9,1.9,0.0341296928327645,"#e41a1c"
9.2,1.9,0.0341296928327645,"#e41a1c"
9.4,1.9,0.0341296928327645,"#e41a1c"
10,1.9,0.0341296928327645,"#e41a1c"
9.8,1.9,0.0341296928327645,"#e41a1c"
9.6,1.9,0.0341296928327645,"#e41a1c"
9,1.9,0.204778156996587,"#4daf4a"
9.2,2.3,0.204778156996587,"#4daf4a"
9.4,2.3,0.204778156996587,"#4daf4a"
10,5.5,0.204778156996587,"#e41a1c"
9.8,5.1,0.204778156996587,"#e41a1c"
9.6,5.1,0.204778156996587,"#e41a1c"
9,4.6,0.102389078498294,"#ffd300"
9.2,4.8,0.102389078498294,"#ffd300"
9.4,4.8,0.102389078498294,"#ffd300"
10,6.4,0.102389078498294,"#f781bf"
9.8,6.2,0.102389078498294,"#f781bf"
9.6,6.2,0.102389078498294,"#f781bf"
9,4.6,1.02389078498294,"#f781bf"
9.2,4.6,1.02389078498294,"#f781bf"
9.4,4.6,1.02389078498294,"#f781bf"
10,4.6,1.02389078498294,"#f781bf"
9.8,4.6,1.02389078498294,"#f781bf"
9.6,4.6,1.02389078498294,"#f781bf"
9,4.6,3.68600682593857,"#4daf4a"
9.2,4.7,3.68600682593857,"#4daf4a"
9.4,4.7,3.68600682593857,"#4daf4a"
10,5.5,3.68600682593857,"#f781bf"
9.8,5.4,3.68600682593857,"#f781bf"
9.6,5.4,3.68600682593857,"#f781bf"
9,1,0.716723549488055,"#ffd300"
9.2,1.6,0.716723549488055,"#ffd300"
9.4,1.6,0.716723549488055,"#ffd300"
10,6.4,0.716723549488055,"#AAAAAA"
9.8,5.8,0.716723549488055,"#AAAAAA"
9.6,5.8,0.716723549488055,"#AAAAAA"
9,1,19.2832764505119,"#AAAAAA"
9.2,1,19.2832764505119,"#AAAAAA"
9.4,1,19.2832764505119,"#AAAAAA"
10,1,19.2832764505119,"#AAAAAA"
9.8,1,19.2832764505119,"#AAAAAA"
9.6,1,19.2832764505119,"#AAAAAA"
9,1,0.819112627986348,"#4daf4a"
9.2,1.5,0.819112627986348,"#4daf4a"
9.4,1.5,0.819112627986348,"#4daf4a"
10,5.5,0.819112627986348,"#AAAAAA"
9.8,5,0.819112627986348,"#AAAAAA"
9.6,5,0.819112627986348,"#AAAAAA"
9,1,0.0341296928327645,"#377eb8"
9.2,1.2,0.0341296928327645,"#377eb8"
9.4,1.2,0.0341296928327645,"#377eb8"
10,2.8,0.0341296928327645,"#AAAAAA"
9.8,2.6,0.0341296928327645,"#AAAAAA"
9.6,2.6,0.0341296928327645,"#AAAAAA"
9,5.5,27.7815699658703,"#ffd300"
9.2,5.6,27.7815699658703,"#ffd300"
9.4,5.6,27.7815699658703,"#ffd300"
10,6.4,27.7815699658703,"#4daf4a"
9.8,6.3,27.7815699658703,"#4daf4a"
9.6,6.3,27.7815699658703,"#4daf4a"
9,5.5,0.0341296928327645,"#e41a1c"
9.2,5.1,0.0341296928327645,"#e41a1c"
9.4,5.1,0.0341296928327645,"#e41a1c"
10,1.9,0.0341296928327645,"#4daf4a"
9.8,2.3,0.0341296928327645,"#4daf4a"
9.6,2.3,0.0341296928327645,"#4daf4a"
9,5.5,0.307167235494881,"#AAAAAA"
9.2,5,0.307167235494881,"#AAAAAA"
9.4,5,0.307167235494881,"#AAAAAA"
10,1,0.307167235494881,"#4daf4a"
9.8,1.5,0.307167235494881,"#4daf4a"
9.6,1.5,0.307167235494881,"#4daf4a"
9,5.5,5.32423208191126,"#4daf4a"
9.2,5.5,5.32423208191126,"#4daf4a"
9.4,5.5,5.32423208191126,"#4daf4a"
10,5.5,5.32423208191126,"#4daf4a"
9.8,5.5,5.32423208191126,"#4daf4a"
9.6,5.5,5.32423208191126,"#4daf4a"
9,3.7,2.08191126279863,"#f781bf"
9.2,3.8,2.08191126279863,"#f781bf"
9.4,3.8,2.08191126279863,"#f781bf"
10,4.6,2.08191126279863,"#a65628"
9.8,4.5,2.08191126279863,"#a65628"
9.6,4.5,2.08191126279863,"#a65628"
10,6.4,1.26279863481229,"#ffd300"
10.2,6.4,1.26279863481229,"#ffd300"
10.4,6.4,1.26279863481229,"#ffd300"
11,6.4,1.26279863481229,"#ffd300"
10.8,6.4,1.26279863481229,"#ffd300"
10.6,6.4,1.26279863481229,"#ffd300"
10,6.4,0.068259385665529,"#e41a1c"
10.2,5.9,0.068259385665529,"#e41a1c"
10.4,5.9,0.068259385665529,"#e41a1c"
11,1.9,0.068259385665529,"#ffd300"
10.8,2.4,0.068259385665529,"#ffd300"
10.6,2.4,0.068259385665529,"#ffd300"
10,6.4,0.068259385665529,"#AAAAAA"
10.2,5.8,0.068259385665529,"#AAAAAA"
10.4,5.8,0.068259385665529,"#AAAAAA"
11,1,0.068259385665529,"#ffd300"
10.8,1.6,0.068259385665529,"#ffd300"
10.6,1.6,0.068259385665529,"#ffd300"
10,6.4,35.3242320819113,"#4daf4a"
10.2,6.3,35.3242320819113,"#4daf4a"
10.4,6.3,35.3242320819113,"#4daf4a"
11,5.5,35.3242320819113,"#ffd300"
10.8,5.6,35.3242320819113,"#ffd300"
10.6,5.6,35.3242320819113,"#ffd300"
10,6.4,0.0341296928327645,"#a65628"
10.2,6.1,0.0341296928327645,"#a65628"
10.4,6.1,0.0341296928327645,"#a65628"
11,3.7,0.0341296928327645,"#ffd300"
10.8,4,0.0341296928327645,"#ffd300"
10.6,4,0.0341296928327645,"#ffd300"
10,6.4,0.068259385665529,"#377eb8"
10.2,6,0.068259385665529,"#377eb8"
10.4,6,0.068259385665529,"#377eb8"
11,2.8,0.068259385665529,"#ffd300"
10.8,3.2,0.068259385665529,"#ffd300"
10.6,3.2,0.068259385665529,"#ffd300"
10,1.9,0.068259385665529,"#ffd300"
10.2,2.4,0.068259385665529,"#ffd300"
10.4,2.4,0.068259385665529,"#ffd300"
11,6.4,0.068259385665529,"#e41a1c"
10.8,5.9,0.068259385665529,"#e41a1c"
10.6,5.9,0.068259385665529,"#e41a1c"
10,4.6,0.136518771331058,"#ffd300"
10.2,4.8,0.136518771331058,"#ffd300"
10.4,4.8,0.136518771331058,"#ffd300"
11,6.4,0.136518771331058,"#f781bf"
10.8,6.2,0.136518771331058,"#f781bf"
10.6,6.2,0.136518771331058,"#f781bf"
10,4.6,2.93515358361775,"#f781bf"
10.2,4.6,2.93515358361775,"#f781bf"
10.4,4.6,2.93515358361775,"#f781bf"
11,4.6,2.93515358361775,"#f781bf"
10.8,4.6,2.93515358361775,"#f781bf"
10.6,4.6,2.93515358361775,"#f781bf"
10,4.6,0.204778156996587,"#4daf4a"
10.2,4.7,0.204778156996587,"#4daf4a"
10.4,4.7,0.204778156996587,"#4daf4a"
11,5.5,0.204778156996587,"#f781bf"
10.8,5.4,0.204778156996587,"#f781bf"
10.6,5.4,0.204778156996587,"#f781bf"
10,1,0.102389078498294,"#ffd300"
10.2,1.6,0.102389078498294,"#ffd300"
10.4,1.6,0.102389078498294,"#ffd300"
11,6.4,0.102389078498294,"#AAAAAA"
10.8,5.8,0.102389078498294,"#AAAAAA"
10.6,5.8,0.102389078498294,"#AAAAAA"
10,1,19.1126279863481,"#AAAAAA"
10.2,1,19.1126279863481,"#AAAAAA"
10.4,1,19.1126279863481,"#AAAAAA"
11,1,19.1126279863481,"#AAAAAA"
10.8,1,19.1126279863481,"#AAAAAA"
10.6,1,19.1126279863481,"#AAAAAA"
10,1,0.511945392491468,"#4daf4a"
10.2,1.5,0.511945392491468,"#4daf4a"
10.4,1.5,0.511945392491468,"#4daf4a"
11,5.5,0.511945392491468,"#AAAAAA"
10.8,5,0.511945392491468,"#AAAAAA"
10.6,5,0.511945392491468,"#AAAAAA"
10,5.5,31.7064846416382,"#ffd300"
10.2,5.6,31.7064846416382,"#ffd300"
10.4,5.6,31.7064846416382,"#ffd300"
11,6.4,31.7064846416382,"#4daf4a"
10.8,6.3,31.7064846416382,"#4daf4a"
10.6,6.3,31.7064846416382,"#4daf4a"
10,5.5,0.648464163822526,"#AAAAAA"
10.2,5,0.648464163822526,"#AAAAAA"
10.4,5,0.648464163822526,"#AAAAAA"
11,1,0.648464163822526,"#4daf4a"
10.8,1.5,0.648464163822526,"#4daf4a"
10.6,1.5,0.648464163822526,"#4daf4a"
10,5.5,7.67918088737201,"#4daf4a"
10.2,5.5,7.67918088737201,"#4daf4a"
10.4,5.5,7.67918088737201,"#4daf4a"
11,5.5,7.67918088737201,"#4daf4a"
10.8,5.5,7.67918088737201,"#4daf4a"
10.6,5.5,7.67918088737201,"#4daf4a"
10,5.5,0.0341296928327645,"#377eb8"
10.2,5.2,0.0341296928327645,"#377eb8"
10.4,5.2,0.0341296928327645,"#377eb8"
11,2.8,0.0341296928327645,"#4daf4a"
10.8,3.1,0.0341296928327645,"#4daf4a"
10.6,3.1,0.0341296928327645,"#4daf4a"
10,2.8,0.0341296928327645,"#ffd300"
10.2,3.2,0.0341296928327645,"#ffd300"
10.4,3.2,0.0341296928327645,"#ffd300"
11,6.4,0.0341296928327645,"#377eb8"
10.8,6,0.0341296928327645,"#377eb8"
10.6,6,0.0341296928327645,"#377eb8"
11,6.4,0.648464163822526,"#ffd300"
11.2,6.4,0.648464163822526,"#ffd300"
11.4,6.4,0.648464163822526,"#ffd300"
12,6.4,0.648464163822526,"#ffd300"
11.8,6.4,0.648464163822526,"#ffd300"
11.6,6.4,0.648464163822526,"#ffd300"
11,6.4,0.0341296928327645,"#e41a1c"
11.2,5.9,0.0341296928327645,"#e41a1c"
11.4,5.9,0.0341296928327645,"#e41a1c"
12,1.9,0.0341296928327645,"#ffd300"
11.8,2.4,0.0341296928327645,"#ffd300"
11.6,2.4,0.0341296928327645,"#ffd300"
11,6.4,0.0341296928327645,"#f781bf"
11.2,6.2,0.0341296928327645,"#f781bf"
11.4,6.2,0.0341296928327645,"#f781bf"
12,4.6,0.0341296928327645,"#ffd300"
11.8,4.8,0.0341296928327645,"#ffd300"
11.6,4.8,0.0341296928327645,"#ffd300"
11,6.4,0.511945392491468,"#AAAAAA"
11.2,5.8,0.511945392491468,"#AAAAAA"
11.4,5.8,0.511945392491468,"#AAAAAA"
12,1,0.511945392491468,"#ffd300"
11.8,1.6,0.511945392491468,"#ffd300"
11.6,1.6,0.511945392491468,"#ffd300"
11,6.4,32.0477815699659,"#4daf4a"
11.2,6.3,32.0477815699659,"#4daf4a"
11.4,6.3,32.0477815699659,"#4daf4a"
12,5.5,32.0477815699659,"#ffd300"
11.8,5.6,32.0477815699659,"#ffd300"
11.6,5.6,32.0477815699659,"#ffd300"
11,6.4,0.0341296928327645,"#377eb8"
11.2,6,0.0341296928327645,"#377eb8"
11.4,6,0.0341296928327645,"#377eb8"
12,2.8,0.0341296928327645,"#ffd300"
11.8,3.2,0.0341296928327645,"#ffd300"
11.6,3.2,0.0341296928327645,"#ffd300"
11,1.9,0.068259385665529,"#ffd300"
11.2,2.4,0.068259385665529,"#ffd300"
11.4,2.4,0.068259385665529,"#ffd300"
12,6.4,0.068259385665529,"#e41a1c"
11.8,5.9,0.068259385665529,"#e41a1c"
11.6,5.9,0.068259385665529,"#e41a1c"
11,4.6,2.83276450511945,"#f781bf"
11.2,4.6,2.83276450511945,"#f781bf"
11.4,4.6,2.83276450511945,"#f781bf"
12,4.6,2.83276450511945,"#f781bf"
11.8,4.6,2.83276450511945,"#f781bf"
11.6,4.6,2.83276450511945,"#f781bf"
11,4.6,0.068259385665529,"#AAAAAA"
11.2,4.2,0.068259385665529,"#AAAAAA"
11.4,4.2,0.068259385665529,"#AAAAAA"
12,1,0.068259385665529,"#f781bf"
11.8,1.4,0.068259385665529,"#f781bf"
11.6,1.4,0.068259385665529,"#f781bf"
11,4.6,0.0341296928327645,"#4daf4a"
11.2,4.7,0.0341296928327645,"#4daf4a"
11.4,4.7,0.0341296928327645,"#4daf4a"
12,5.5,0.0341296928327645,"#f781bf"
11.8,5.4,0.0341296928327645,"#f781bf"
11.6,5.4,0.0341296928327645,"#f781bf"
11,1,1.22866894197952,"#ffd300"
11.2,1.6,1.22866894197952,"#ffd300"
11.4,1.6,1.22866894197952,"#ffd300"
12,6.4,1.22866894197952,"#AAAAAA"
11.8,5.8,1.22866894197952,"#AAAAAA"
11.6,5.8,1.22866894197952,"#AAAAAA"
11,1,0.546075085324232,"#f781bf"
11.2,1.4,0.546075085324232,"#f781bf"
11.4,1.4,0.546075085324232,"#f781bf"
12,4.6,0.546075085324232,"#AAAAAA"
11.8,4.2,0.546075085324232,"#AAAAAA"
11.6,4.2,0.546075085324232,"#AAAAAA"
11,1,16.6552901023891,"#AAAAAA"
11.2,1,16.6552901023891,"#AAAAAA"
11.4,1,16.6552901023891,"#AAAAAA"
12,1,16.6552901023891,"#AAAAAA"
11.8,1,16.6552901023891,"#AAAAAA"
11.6,1,16.6552901023891,"#AAAAAA"
11,1,1.36518771331058,"#4daf4a"
11.2,1.5,1.36518771331058,"#4daf4a"
11.4,1.5,1.36518771331058,"#4daf4a"
12,5.5,1.36518771331058,"#AAAAAA"
11.8,5,1.36518771331058,"#AAAAAA"
11.6,5,1.36518771331058,"#AAAAAA"
11,1,0.0341296928327645,"#a65628"
11.2,1.3,0.0341296928327645,"#a65628"
11.4,1.3,0.0341296928327645,"#a65628"
12,3.7,0.0341296928327645,"#AAAAAA"
11.8,3.4,0.0341296928327645,"#AAAAAA"
11.6,3.4,0.0341296928327645,"#AAAAAA"
11,5.5,40.3071672354949,"#ffd300"
11.2,5.6,40.3071672354949,"#ffd300"
11.4,5.6,40.3071672354949,"#ffd300"
12,6.4,40.3071672354949,"#4daf4a"
11.8,6.3,40.3071672354949,"#4daf4a"
11.6,6.3,40.3071672354949,"#4daf4a"
11,5.5,0.170648464163823,"#f781bf"
11.2,5.4,0.170648464163823,"#f781bf"
11.4,5.4,0.170648464163823,"#f781bf"
12,4.6,0.170648464163823,"#4daf4a"
11.8,4.7,0.170648464163823,"#4daf4a"
11.6,4.7,0.170648464163823,"#4daf4a"
11,5.5,0.307167235494881,"#AAAAAA"
11.2,5,0.307167235494881,"#AAAAAA"
11.4,5,0.307167235494881,"#AAAAAA"
12,1,0.307167235494881,"#4daf4a"
11.8,1.5,0.307167235494881,"#4daf4a"
11.6,1.5,0.307167235494881,"#4daf4a"
11,5.5,2.86689419795222,"#4daf4a"
11.2,5.5,2.86689419795222,"#4daf4a"
11.4,5.5,2.86689419795222,"#4daf4a"
12,5.5,2.86689419795222,"#4daf4a"
11.8,5.5,2.86689419795222,"#4daf4a"
11.6,5.5,2.86689419795222,"#4daf4a"
11,5.5,0.068259385665529,"#377eb8"
11.2,5.2,0.068259385665529,"#377eb8"
11.4,5.2,0.068259385665529,"#377eb8"
12,2.8,0.068259385665529,"#4daf4a"
11.8,3.1,0.068259385665529,"#4daf4a"
11.6,3.1,0.068259385665529,"#4daf4a"
11,3.7,0.0341296928327645,"#AAAAAA"
11.2,3.4,0.0341296928327645,"#AAAAAA"
11.4,3.4,0.0341296928327645,"#AAAAAA"
12,1,0.0341296928327645,"#a65628"
11.8,1.3,0.0341296928327645,"#a65628"
11.6,1.3,0.0341296928327645,"#a65628"
11,2.8,0.0341296928327645,"#ffd300"
11.2,3.2,0.0341296928327645,"#ffd300"
11.4,3.2,0.0341296928327645,"#ffd300"
12,6.4,0.0341296928327645,"#377eb8"
11.8,6,0.0341296928327645,"#377eb8"
11.6,6,0.0341296928327645,"#377eb8"
11,2.8,0.068259385665529,"#4daf4a"
11.2,3.1,0.068259385665529,"#4daf4a"
11.4,3.1,0.068259385665529,"#4daf4a"
12,5.5,0.068259385665529,"#377eb8"
11.8,5.2,0.068259385665529,"#377eb8"
11.6,5.2,0.068259385665529,"#377eb8"
12,6.4,2.83276450511945,"#ffd300"
12.2,6.4,2.83276450511945,"#ffd300"
12.4,6.4,2.83276450511945,"#ffd300"
13,6.4,2.83276450511945,"#ffd300"
12.8,6.4,2.83276450511945,"#ffd300"
12.6,6.4,2.83276450511945,"#ffd300"
12,6.4,0.0341296928327645,"#e41a1c"
12.2,5.9,0.0341296928327645,"#e41a1c"
12.4,5.9,0.0341296928327645,"#e41a1c"
13,1.9,0.0341296928327645,"#ffd300"
12.8,2.4,0.0341296928327645,"#ffd300"
12.6,2.4,0.0341296928327645,"#ffd300"
12,6.4,0.0341296928327645,"#f781bf"
12.2,6.2,0.0341296928327645,"#f781bf"
12.4,6.2,0.0341296928327645,"#f781bf"
13,4.6,0.0341296928327645,"#ffd300"
12.8,4.8,0.0341296928327645,"#ffd300"
12.6,4.8,0.0341296928327645,"#ffd300"
12,6.4,0.614334470989761,"#AAAAAA"
12.2,5.8,0.614334470989761,"#AAAAAA"
12.4,5.8,0.614334470989761,"#AAAAAA"
13,1,0.614334470989761,"#ffd300"
12.8,1.6,0.614334470989761,"#ffd300"
12.6,1.6,0.614334470989761,"#ffd300"
12,6.4,38.703071672355,"#4daf4a"
12.2,6.3,38.703071672355,"#4daf4a"
12.4,6.3,38.703071672355,"#4daf4a"
13,5.5,38.703071672355,"#ffd300"
12.8,5.6,38.703071672355,"#ffd300"
12.6,5.6,38.703071672355,"#ffd300"
12,6.4,0.068259385665529,"#377eb8"
12.2,6,0.068259385665529,"#377eb8"
12.4,6,0.068259385665529,"#377eb8"
13,2.8,0.068259385665529,"#ffd300"
12.8,3.2,0.068259385665529,"#ffd300"
12.6,3.2,0.068259385665529,"#ffd300"
12,1.9,0.0341296928327645,"#a65628"
12.2,2.1,0.0341296928327645,"#a65628"
12.4,2.1,0.0341296928327645,"#a65628"
13,3.7,0.0341296928327645,"#e41a1c"
12.8,3.5,0.0341296928327645,"#e41a1c"
12.6,3.5,0.0341296928327645,"#e41a1c"
12,4.6,3.54948805460751,"#f781bf"
12.2,4.6,3.54948805460751,"#f781bf"
12.4,4.6,3.54948805460751,"#f781bf"
13,4.6,3.54948805460751,"#f781bf"
12.8,4.6,3.54948805460751,"#f781bf"
12.6,4.6,3.54948805460751,"#f781bf"
12,4.6,0.0341296928327645,"#AAAAAA"
12.2,4.2,0.0341296928327645,"#AAAAAA"
12.4,4.2,0.0341296928327645,"#AAAAAA"
13,1,0.0341296928327645,"#f781bf"
12.8,1.4,0.0341296928327645,"#f781bf"
12.6,1.4,0.0341296928327645,"#f781bf"
12,1,0.409556313993174,"#ffd300"
12.2,1.6,0.409556313993174,"#ffd300"
12.4,1.6,0.409556313993174,"#ffd300"
13,6.4,0.409556313993174,"#AAAAAA"
12.8,5.8,0.409556313993174,"#AAAAAA"
12.6,5.8,0.409556313993174,"#AAAAAA"
12,1,0.068259385665529,"#f781bf"
12.2,1.4,0.068259385665529,"#f781bf"
12.4,1.4,0.068259385665529,"#f781bf"
13,4.6,0.068259385665529,"#AAAAAA"
12.8,4.2,0.068259385665529,"#AAAAAA"
12.6,4.2,0.068259385665529,"#AAAAAA"
12,1,16.6894197952218,"#AAAAAA"
12.2,1,16.6894197952218,"#AAAAAA"
12.4,1,16.6894197952218,"#AAAAAA"
13,1,16.6894197952218,"#AAAAAA"
12.8,1,16.6894197952218,"#AAAAAA"
12.6,1,16.6894197952218,"#AAAAAA"
12,1,0.409556313993174,"#4daf4a"
12.2,1.5,0.409556313993174,"#4daf4a"
12.4,1.5,0.409556313993174,"#4daf4a"
13,5.5,0.409556313993174,"#AAAAAA"
12.8,5,0.409556313993174,"#AAAAAA"
12.6,5,0.409556313993174,"#AAAAAA"
12,5.5,34.7098976109215,"#ffd300"
12.2,5.6,34.7098976109215,"#ffd300"
12.4,5.6,34.7098976109215,"#ffd300"
13,6.4,34.7098976109215,"#4daf4a"
12.8,6.3,34.7098976109215,"#4daf4a"
12.6,6.3,34.7098976109215,"#4daf4a"
12,5.5,0.204778156996587,"#AAAAAA"
12.2,5,0.204778156996587,"#AAAAAA"
12.4,5,0.204778156996587,"#AAAAAA"
13,1,0.204778156996587,"#4daf4a"
12.8,1.5,0.204778156996587,"#4daf4a"
12.6,1.5,0.204778156996587,"#4daf4a"
12,5.5,1.39931740614334,"#4daf4a"
12.2,5.5,1.39931740614334,"#4daf4a"
12.4,5.5,1.39931740614334,"#4daf4a"
13,5.5,1.39931740614334,"#4daf4a"
12.8,5.5,1.39931740614334,"#4daf4a"
12.6,5.5,1.39931740614334,"#4daf4a"
12,5.5,0.068259385665529,"#a65628"
12.2,5.3,0.068259385665529,"#a65628"
12.4,5.3,0.068259385665529,"#a65628"
13,3.7,0.068259385665529,"#4daf4a"
12.8,3.9,0.068259385665529,"#4daf4a"
12.6,3.9,0.068259385665529,"#4daf4a"
12,3.7,0.0341296928327645,"#f781bf"
12.2,3.8,0.0341296928327645,"#f781bf"
12.4,3.8,0.0341296928327645,"#f781bf"
13,4.6,0.0341296928327645,"#a65628"
12.8,4.5,0.0341296928327645,"#a65628"
12.6,4.5,0.0341296928327645,"#a65628"
12,2.8,0.102389078498294,"#4daf4a"
12.2,3.1,0.102389078498294,"#4daf4a"
12.4,3.1,0.102389078498294,"#4daf4a"
13,5.5,0.102389078498294,"#377eb8"
12.8,5.2,0.102389078498294,"#377eb8"
12.6,5.2,0.102389078498294,"#377eb8"
13,6.4,1.50170648464164,"#ffd300"
13.2,6.4,1.50170648464164,"#ffd300"
13.4,6.4,1.50170648464164,"#ffd300"
14,6.4,1.50170648464164,"#ffd300"
13.8,6.4,1.50170648464164,"#ffd300"
13.6,6.4,1.50170648464164,"#ffd300"
13,6.4,7.20136518771331,"#e41a1c"
13.2,5.9,7.20136518771331,"#e41a1c"
13.4,5.9,7.20136518771331,"#e41a1c"
14,1.9,7.20136518771331,"#ffd300"
13.8,2.4,7.20136518771331,"#ffd300"
13.6,2.4,7.20136518771331,"#ffd300"
13,6.4,29.2150170648464,"#4daf4a"
13.2,6.3,29.2150170648464,"#4daf4a"
13.4,6.3,29.2150170648464,"#4daf4a"
14,5.5,29.2150170648464,"#ffd300"
13.8,5.6,29.2150170648464,"#ffd300"
13.6,5.6,29.2150170648464,"#ffd300"
13,6.4,0.0341296928327645,"#377eb8"
13.2,6,0.0341296928327645,"#377eb8"
13.4,6,0.0341296928327645,"#377eb8"
14,2.8,0.0341296928327645,"#ffd300"
13.8,3.2,0.0341296928327645,"#ffd300"
13.6,3.2,0.0341296928327645,"#ffd300"
13,1.9,0.0341296928327645,"#4daf4a"
13.2,2.3,0.0341296928327645,"#4daf4a"
13.4,2.3,0.0341296928327645,"#4daf4a"
14,5.5,0.0341296928327645,"#e41a1c"
13.8,5.1,0.0341296928327645,"#e41a1c"
13.6,5.1,0.0341296928327645,"#e41a1c"
13,4.6,3.51535836177474,"#f781bf"
13.2,4.6,3.51535836177474,"#f781bf"
13.4,4.6,3.51535836177474,"#f781bf"
14,4.6,3.51535836177474,"#f781bf"
13.8,4.6,3.51535836177474,"#f781bf"
13.6,4.6,3.51535836177474,"#f781bf"
13,4.6,0.204778156996587,"#AAAAAA"
13.2,4.2,0.204778156996587,"#AAAAAA"
13.4,4.2,0.204778156996587,"#AAAAAA"
14,1,0.204778156996587,"#f781bf"
13.8,1.4,0.204778156996587,"#f781bf"
13.6,1.4,0.204778156996587,"#f781bf"
13,1,0.204778156996587,"#ffd300"
13.2,1.6,0.204778156996587,"#ffd300"
13.4,1.6,0.204778156996587,"#ffd300"
14,6.4,0.204778156996587,"#AAAAAA"
13.8,5.8,0.204778156996587,"#AAAAAA"
13.6,5.8,0.204778156996587,"#AAAAAA"
13,1,17.1331058020478,"#AAAAAA"
13.2,1,17.1331058020478,"#AAAAAA"
13.4,1,17.1331058020478,"#AAAAAA"
14,1,17.1331058020478,"#AAAAAA"
13.8,1,17.1331058020478,"#AAAAAA"
13.6,1,17.1331058020478,"#AAAAAA"
13,1,0.170648464163823,"#4daf4a"
13.2,1.5,0.170648464163823,"#4daf4a"
13.4,1.5,0.170648464163823,"#4daf4a"
14,5.5,0.170648464163823,"#AAAAAA"
13.8,5,0.170648464163823,"#AAAAAA"
13.6,5,0.170648464163823,"#AAAAAA"
13,5.5,38.3959044368601,"#ffd300"
13.2,5.6,38.3959044368601,"#ffd300"
13.4,5.6,38.3959044368601,"#ffd300"
14,6.4,38.3959044368601,"#4daf4a"
13.8,6.3,38.3959044368601,"#4daf4a"
13.6,6.3,38.3959044368601,"#4daf4a"
13,5.5,0.204778156996587,"#AAAAAA"
13.2,5,0.204778156996587,"#AAAAAA"
13.4,5,0.204778156996587,"#AAAAAA"
14,1,0.204778156996587,"#4daf4a"
13.8,1.5,0.204778156996587,"#4daf4a"
13.6,1.5,0.204778156996587,"#4daf4a"
13,5.5,2.01365187713311,"#4daf4a"
13.2,5.5,2.01365187713311,"#4daf4a"
13.4,5.5,2.01365187713311,"#4daf4a"
14,5.5,2.01365187713311,"#4daf4a"
13.8,5.5,2.01365187713311,"#4daf4a"
13.6,5.5,2.01365187713311,"#4daf4a"
13,3.7,0.102389078498294,"#4daf4a"
13.2,3.9,0.102389078498294,"#4daf4a"
13.4,3.9,0.102389078498294,"#4daf4a"
14,5.5,0.102389078498294,"#a65628"
13.8,5.3,0.102389078498294,"#a65628"
13.6,5.3,0.102389078498294,"#a65628"
13,2.8,0.0341296928327645,"#AAAAAA"
13.2,2.6,0.0341296928327645,"#AAAAAA"
13.4,2.6,0.0341296928327645,"#AAAAAA"
14,1,0.0341296928327645,"#377eb8"
13.8,1.2,0.0341296928327645,"#377eb8"
13.6,1.2,0.0341296928327645,"#377eb8"
13,2.8,0.0341296928327645,"#4daf4a"
13.2,3.1,0.0341296928327645,"#4daf4a"
13.4,3.1,0.0341296928327645,"#4daf4a"
14,5.5,0.0341296928327645,"#377eb8"
13.8,5.2,0.0341296928327645,"#377eb8"
13.6,5.2,0.0341296928327645,"#377eb8"
