"xCoords","yCoords","width","colorToUse"
1,6.4,0.0803343438883735,"#ffd300"
1.2,6.4,0.0803343438883735,"#ffd300"
1.4,6.4,0.0803343438883735,"#ffd300"
2,6.4,0.0803343438883735,"#ffd300"
1.8,6.4,0.0803343438883735,"#ffd300"
1.6,6.4,0.0803343438883735,"#ffd300"
1,6.4,0.00860725113089716,"#f781bf"
1.2,6.2,0.00860725113089716,"#f781bf"
1.4,6.2,0.00860725113089716,"#f781bf"
2,4.6,0.00860725113089716,"#ffd300"
1.8,4.8,0.00860725113089716,"#ffd300"
1.6,4.8,0.00860725113089716,"#ffd300"
1,6.4,0.124326960779626,"#AAAAAA"
1.2,5.8,0.124326960779626,"#AAAAAA"
1.4,5.8,0.124326960779626,"#AAAAAA"
2,1,0.124326960779626,"#ffd300"
1.8,1.6,0.124326960779626,"#ffd300"
1.6,1.6,0.124326960779626,"#ffd300"
1,6.4,0.016258141025028,"#4daf4a"
1.2,6.3,0.016258141025028,"#4daf4a"
1.4,6.3,0.016258141025028,"#4daf4a"
2,5.5,0.016258141025028,"#ffd300"
1.8,5.6,0.016258141025028,"#ffd300"
1.6,5.6,0.016258141025028,"#ffd300"
1,6.4,0.0841597888354389,"#a65628"
1.2,6.1,0.0841597888354389,"#a65628"
1.4,6.1,0.0841597888354389,"#a65628"
2,3.7,0.0841597888354389,"#ffd300"
1.8,4,0.0841597888354389,"#ffd300"
1.6,4,0.0841597888354389,"#ffd300"
1,4.6,0.0229526696823924,"#ffd300"
1.2,4.8,0.0229526696823924,"#ffd300"
1.4,4.8,0.0229526696823924,"#ffd300"
2,6.4,0.0229526696823924,"#f781bf"
1.8,6.2,0.0229526696823924,"#f781bf"
1.6,6.2,0.0229526696823924,"#f781bf"
1,4.6,2.74666947199296,"#f781bf"
1.2,4.6,2.74666947199296,"#f781bf"
1.4,4.6,2.74666947199296,"#f781bf"
2,4.6,2.74666947199296,"#f781bf"
1.8,4.6,2.74666947199296,"#f781bf"
1.6,4.6,2.74666947199296,"#f781bf"
1,4.6,1.36472748486558,"#AAAAAA"
1.2,4.2,1.36472748486558,"#AAAAAA"
1.4,4.2,1.36472748486558,"#AAAAAA"
2,1,1.36472748486558,"#f781bf"
1.8,1.4,1.36472748486558,"#f781bf"
1.6,1.4,1.36472748486558,"#f781bf"
1,4.6,0.00286908371029905,"#4daf4a"
1.2,4.7,0.00286908371029905,"#4daf4a"
1.4,4.7,0.00286908371029905,"#4daf4a"
2,5.5,0.00286908371029905,"#f781bf"
1.8,5.4,0.00286908371029905,"#f781bf"
1.6,5.4,0.00286908371029905,"#f781bf"
1,4.6,0.067901647810411,"#a65628"
1.2,4.5,0.067901647810411,"#a65628"
1.4,4.5,0.067901647810411,"#a65628"
2,3.7,0.067901647810411,"#f781bf"
1.8,3.8,0.067901647810411,"#f781bf"
1.6,3.8,0.067901647810411,"#f781bf"
1,1,0.25152300526955,"#ffd300"
1.2,1.6,0.25152300526955,"#ffd300"
1.4,1.6,0.25152300526955,"#ffd300"
2,6.4,0.25152300526955,"#AAAAAA"
1.8,5.8,0.25152300526955,"#AAAAAA"
1.6,5.8,0.25152300526955,"#AAAAAA"
1,1,0.0554689517324484,"#e41a1c"
1.2,1.1,0.0554689517324484,"#e41a1c"
1.4,1.1,0.0554689517324484,"#e41a1c"
2,1.9,0.0554689517324484,"#AAAAAA"
1.8,1.8,0.0554689517324484,"#AAAAAA"
1.6,1.8,0.0554689517324484,"#AAAAAA"
1,1,2.60034620276771,"#f781bf"
1.2,1.4,2.60034620276771,"#f781bf"
1.4,1.4,2.60034620276771,"#f781bf"
2,4.6,2.60034620276771,"#AAAAAA"
1.8,4.2,2.60034620276771,"#AAAAAA"
1.6,4.2,2.60034620276771,"#AAAAAA"
1,1,89.8004074098869,"#AAAAAA"
1.2,1,89.8004074098869,"#AAAAAA"
1.4,1,89.8004074098869,"#AAAAAA"
2,1,89.8004074098869,"#AAAAAA"
1.8,1,89.8004074098869,"#AAAAAA"
1.6,1,89.8004074098869,"#AAAAAA"
1,1,0.284995648556373,"#4daf4a"
1.2,1.5,0.284995648556373,"#4daf4a"
1.4,1.5,0.284995648556373,"#4daf4a"
2,5.5,0.284995648556373,"#AAAAAA"
1.8,5,0.284995648556373,"#AAAAAA"
1.6,5,0.284995648556373,"#AAAAAA"
1,1,1.11894264701663,"#a65628"
1.2,1.3,1.11894264701663,"#a65628"
1.4,1.3,1.11894264701663,"#a65628"
2,3.7,1.11894264701663,"#AAAAAA"
1.8,3.4,1.11894264701663,"#AAAAAA"
1.6,3.4,1.11894264701663,"#AAAAAA"
1,1,0.0219963084456261,"#377eb8"
1.2,1.2,0.0219963084456261,"#377eb8"
1.4,1.2,0.0219963084456261,"#377eb8"
2,2.8,0.0219963084456261,"#AAAAAA"
1.8,2.6,0.0219963084456261,"#AAAAAA"
1.6,2.6,0.0219963084456261,"#AAAAAA"
1,5.5,0.0105199736044299,"#ffd300"
1.2,5.6,0.0105199736044299,"#ffd300"
1.4,5.6,0.0105199736044299,"#ffd300"
2,6.4,0.0105199736044299,"#4daf4a"
1.8,6.3,0.0105199736044299,"#4daf4a"
1.6,6.3,0.0105199736044299,"#4daf4a"
1,5.5,0.00286908371029905,"#e41a1c"
1.2,5.1,0.00286908371029905,"#e41a1c"
1.4,5.1,0.00286908371029905,"#e41a1c"
2,1.9,0.00286908371029905,"#4daf4a"
1.8,2.3,0.00286908371029905,"#4daf4a"
1.6,2.3,0.00286908371029905,"#4daf4a"
1,5.5,0.0411235331809531,"#f781bf"
1.2,5.4,0.0411235331809531,"#f781bf"
1.4,5.4,0.0411235331809531,"#f781bf"
2,4.6,0.0411235331809531,"#4daf4a"
1.8,4.7,0.0411235331809531,"#4daf4a"
1.6,4.7,0.0411235331809531,"#4daf4a"
1,5.5,0.551820433614185,"#AAAAAA"
1.2,5,0.551820433614185,"#AAAAAA"
1.4,5,0.551820433614185,"#AAAAAA"
2,1,0.551820433614185,"#4daf4a"
1.8,1.5,0.551820433614185,"#4daf4a"
1.6,1.5,0.551820433614185,"#4daf4a"
1,5.5,0.00765088989413081,"#4daf4a"
1.2,5.5,0.00765088989413081,"#4daf4a"
1.4,5.5,0.00765088989413081,"#4daf4a"
2,5.5,0.00765088989413081,"#4daf4a"
1.8,5.5,0.00765088989413081,"#4daf4a"
1.6,5.5,0.00765088989413081,"#4daf4a"
1,5.5,0.0688580090471773,"#a65628"
1.2,5.3,0.0688580090471773,"#a65628"
1.4,5.3,0.0688580090471773,"#a65628"
2,3.7,0.0688580090471773,"#4daf4a"
1.8,3.9,0.0688580090471773,"#4daf4a"
1.6,3.9,0.0688580090471773,"#4daf4a"
1,5.5,0.0153017797882616,"#377eb8"
1.2,5.2,0.0153017797882616,"#377eb8"
1.4,5.2,0.0153017797882616,"#377eb8"
2,2.8,0.0153017797882616,"#4daf4a"
1.8,3.1,0.0153017797882616,"#4daf4a"
1.6,3.1,0.0153017797882616,"#4daf4a"
1,3.7,0.0344290045235887,"#ffd300"
1.2,4,0.0344290045235887,"#ffd300"
1.4,4,0.0344290045235887,"#ffd300"
2,6.4,0.0344290045235887,"#a65628"
1.8,6.1,0.0344290045235887,"#a65628"
1.6,6.1,0.0344290045235887,"#a65628"
1,3.7,0.00478180618383176,"#e41a1c"
1.2,3.5,0.00478180618383176,"#e41a1c"
1.4,3.5,0.00478180618383176,"#e41a1c"
2,1.9,0.00478180618383176,"#a65628"
1.8,2.1,0.00478180618383176,"#a65628"
1.6,2.1,0.00478180618383176,"#a65628"
1,3.7,0.0019127224735327,"#f781bf"
1.2,3.8,0.0019127224735327,"#f781bf"
1.4,3.8,0.0019127224735327,"#f781bf"
2,4.6,0.0019127224735327,"#a65628"
1.8,4.5,0.0019127224735327,"#a65628"
1.6,4.5,0.0019127224735327,"#a65628"
1,3.7,0.265868423821046,"#AAAAAA"
1.2,3.4,0.265868423821046,"#AAAAAA"
1.4,3.4,0.265868423821046,"#AAAAAA"
2,1,0.265868423821046,"#a65628"
1.8,1.3,0.265868423821046,"#a65628"
1.6,1.3,0.265868423821046,"#a65628"
1,3.7,0.0363417269971213,"#4daf4a"
1.2,3.9,0.0363417269971213,"#4daf4a"
1.4,3.9,0.0363417269971213,"#4daf4a"
2,5.5,0.0363417269971213,"#a65628"
1.8,5.3,0.0363417269971213,"#a65628"
1.6,5.3,0.0363417269971213,"#a65628"
1,3.7,0.306035595765232,"#a65628"
1.2,3.7,0.306035595765232,"#a65628"
1.4,3.7,0.306035595765232,"#a65628"
2,3.7,0.306035595765232,"#a65628"
1.8,3.7,0.306035595765232,"#a65628"
1.6,3.7,0.306035595765232,"#a65628"
2,6.4,0.0133890573147289,"#ffd300"
2.2,6.4,0.0133890573147289,"#ffd300"
2.4,6.4,0.0133890573147289,"#ffd300"
3,6.4,0.0133890573147289,"#ffd300"
2.8,6.4,0.0133890573147289,"#ffd300"
2.6,6.4,0.0133890573147289,"#ffd300"
2,6.4,0.00478180618383176,"#f781bf"
2.2,6.2,0.00478180618383176,"#f781bf"
2.4,6.2,0.00478180618383176,"#f781bf"
3,4.6,0.00478180618383176,"#ffd300"
2.8,4.8,0.00478180618383176,"#ffd300"
2.6,4.8,0.00478180618383176,"#ffd300"
2,6.4,0.375849966049176,"#AAAAAA"
2.2,5.8,0.375849966049176,"#AAAAAA"
2.4,5.8,0.375849966049176,"#AAAAAA"
3,1,0.375849966049176,"#ffd300"
2.8,1.6,0.375849966049176,"#ffd300"
2.6,1.6,0.375849966049176,"#ffd300"
2,6.4,0.0019127224735327,"#4daf4a"
2.2,6.3,0.0019127224735327,"#4daf4a"
2.4,6.3,0.0019127224735327,"#4daf4a"
3,5.5,0.0019127224735327,"#ffd300"
2.8,5.6,0.0019127224735327,"#ffd300"
2.6,5.6,0.0019127224735327,"#ffd300"
2,6.4,0.00382544494706541,"#a65628"
2.2,6.1,0.00382544494706541,"#a65628"
2.4,6.1,0.00382544494706541,"#a65628"
3,3.7,0.00382544494706541,"#ffd300"
2.8,4,0.00382544494706541,"#ffd300"
2.6,4,0.00382544494706541,"#ffd300"
2,1.9,0.0631198416265792,"#AAAAAA"
2.2,1.8,0.0631198416265792,"#AAAAAA"
2.4,1.8,0.0631198416265792,"#AAAAAA"
3,1,0.0631198416265792,"#e41a1c"
2.8,1.1,0.0631198416265792,"#e41a1c"
2.6,1.1,0.0631198416265792,"#e41a1c"
2,4.6,0.0114763348411962,"#ffd300"
2.2,4.8,0.0114763348411962,"#ffd300"
2.4,4.8,0.0114763348411962,"#ffd300"
3,6.4,0.0114763348411962,"#f781bf"
2.8,6.2,0.0114763348411962,"#f781bf"
2.6,6.2,0.0114763348411962,"#f781bf"
2,4.6,2.55730994711322,"#f781bf"
2.2,4.6,2.55730994711322,"#f781bf"
2.4,4.6,2.55730994711322,"#f781bf"
3,4.6,2.55730994711322,"#f781bf"
2.8,4.6,2.55730994711322,"#f781bf"
2.6,4.6,2.55730994711322,"#f781bf"
2,4.6,3.10434857454358,"#AAAAAA"
2.2,4.2,3.10434857454358,"#AAAAAA"
2.4,4.2,3.10434857454358,"#AAAAAA"
3,1,3.10434857454358,"#f781bf"
2.8,1.4,3.10434857454358,"#f781bf"
2.6,1.4,3.10434857454358,"#f781bf"
2,4.6,0.016258141025028,"#4daf4a"
2.2,4.7,0.016258141025028,"#4daf4a"
2.4,4.7,0.016258141025028,"#4daf4a"
3,5.5,0.016258141025028,"#f781bf"
2.8,5.4,0.016258141025028,"#f781bf"
2.6,5.4,0.016258141025028,"#f781bf"
2,4.6,0.00956361236766351,"#a65628"
2.2,4.5,0.00956361236766351,"#a65628"
2.4,4.5,0.00956361236766351,"#a65628"
3,3.7,0.00956361236766351,"#f781bf"
2.8,3.8,0.00956361236766351,"#f781bf"
2.6,3.8,0.00956361236766351,"#f781bf"
2,1,0.0832034275986726,"#ffd300"
2.2,1.6,0.0832034275986726,"#ffd300"
2.4,1.6,0.0832034275986726,"#ffd300"
3,6.4,0.0832034275986726,"#AAAAAA"
2.8,5.8,0.0832034275986726,"#AAAAAA"
2.6,5.8,0.0832034275986726,"#AAAAAA"
2,1,0.000956361236766352,"#e41a1c"
2.2,1.1,0.000956361236766352,"#e41a1c"
2.4,1.1,0.000956361236766352,"#e41a1c"
3,1.9,0.000956361236766352,"#AAAAAA"
2.8,1.8,0.000956361236766352,"#AAAAAA"
2.6,1.8,0.000956361236766352,"#AAAAAA"
2,1,1.13233170433136,"#f781bf"
2.2,1.4,1.13233170433136,"#f781bf"
2.4,1.4,1.13233170433136,"#f781bf"
3,4.6,1.13233170433136,"#AAAAAA"
2.8,4.2,1.13233170433136,"#AAAAAA"
2.6,4.2,1.13233170433136,"#AAAAAA"
2,1,90.3168424777407,"#AAAAAA"
2.2,1,90.3168424777407,"#AAAAAA"
2.4,1,90.3168424777407,"#AAAAAA"
3,1,90.3168424777407,"#AAAAAA"
2.8,1,90.3168424777407,"#AAAAAA"
2.6,1,90.3168424777407,"#AAAAAA"
2,1,0.197966776010635,"#4daf4a"
2.2,1.5,0.197966776010635,"#4daf4a"
2.4,1.5,0.197966776010635,"#4daf4a"
3,5.5,0.197966776010635,"#AAAAAA"
2.8,5,0.197966776010635,"#AAAAAA"
2.6,5,0.197966776010635,"#AAAAAA"
2,1,0.0755525377045418,"#a65628"
2.2,1.3,0.0755525377045418,"#a65628"
2.4,1.3,0.0755525377045418,"#a65628"
3,3.7,0.0755525377045418,"#AAAAAA"
2.8,3.4,0.0755525377045418,"#AAAAAA"
2.6,3.4,0.0755525377045418,"#AAAAAA"
2,5.5,0.000956361236766352,"#ffd300"
2.2,5.6,0.000956361236766352,"#ffd300"
2.4,5.6,0.000956361236766352,"#ffd300"
3,6.4,0.000956361236766352,"#4daf4a"
2.8,6.3,0.000956361236766352,"#4daf4a"
2.6,6.3,0.000956361236766352,"#4daf4a"
2,5.5,0.0019127224735327,"#f781bf"
2.2,5.4,0.0019127224735327,"#f781bf"
2.4,5.4,0.0019127224735327,"#f781bf"
3,4.6,0.0019127224735327,"#4daf4a"
2.8,4.7,0.0019127224735327,"#4daf4a"
2.6,4.7,0.0019127224735327,"#4daf4a"
2,5.5,0.33281371039469,"#AAAAAA"
2.2,5,0.33281371039469,"#AAAAAA"
2.4,5,0.33281371039469,"#AAAAAA"
3,1,0.33281371039469,"#4daf4a"
2.8,1.5,0.33281371039469,"#4daf4a"
2.6,1.5,0.33281371039469,"#4daf4a"
2,5.5,0.0124326960779626,"#a65628"
2.2,5.3,0.0124326960779626,"#a65628"
2.4,5.3,0.0124326960779626,"#a65628"
3,3.7,0.0124326960779626,"#4daf4a"
2.8,3.9,0.0124326960779626,"#4daf4a"
2.6,3.9,0.0124326960779626,"#4daf4a"
2,3.7,0.0372980882338877,"#ffd300"
2.2,4,0.0372980882338877,"#ffd300"
2.4,4,0.0372980882338877,"#ffd300"
3,6.4,0.0372980882338877,"#a65628"
2.8,6.1,0.0372980882338877,"#a65628"
2.6,6.1,0.0372980882338877,"#a65628"
2,3.7,0.0019127224735327,"#e41a1c"
2.2,3.5,0.0019127224735327,"#e41a1c"
2.4,3.5,0.0019127224735327,"#e41a1c"
3,1.9,0.0019127224735327,"#a65628"
2.8,2.1,0.0019127224735327,"#a65628"
2.6,2.1,0.0019127224735327,"#a65628"
2,3.7,0.117632432122261,"#f781bf"
2.2,3.8,0.117632432122261,"#f781bf"
2.4,3.8,0.117632432122261,"#f781bf"
3,4.6,0.117632432122261,"#a65628"
2.8,4.5,0.117632432122261,"#a65628"
2.6,4.5,0.117632432122261,"#a65628"
2,3.7,1.42880368772893,"#AAAAAA"
2.2,3.4,1.42880368772893,"#AAAAAA"
2.4,3.4,1.42880368772893,"#AAAAAA"
3,1,1.42880368772893,"#a65628"
2.8,1.3,1.42880368772893,"#a65628"
2.6,1.3,1.42880368772893,"#a65628"
2,3.7,0.0143454185514953,"#4daf4a"
2.2,3.9,0.0143454185514953,"#4daf4a"
2.4,3.9,0.0143454185514953,"#4daf4a"
3,5.5,0.0143454185514953,"#a65628"
2.8,5.3,0.0143454185514953,"#a65628"
2.6,5.3,0.0143454185514953,"#a65628"
2,3.7,0.0459053393647849,"#a65628"
2.2,3.7,0.0459053393647849,"#a65628"
2.4,3.7,0.0459053393647849,"#a65628"
3,3.7,0.0459053393647849,"#a65628"
2.8,3.7,0.0459053393647849,"#a65628"
2.6,3.7,0.0459053393647849,"#a65628"
2,2.8,0.000956361236766352,"#f781bf"
2.2,3,0.000956361236766352,"#f781bf"
2.4,3,0.000956361236766352,"#f781bf"
3,4.6,0.000956361236766352,"#377eb8"
2.8,4.4,0.000956361236766352,"#377eb8"
2.6,4.4,0.000956361236766352,"#377eb8"
2,2.8,0.0344290045235887,"#AAAAAA"
2.2,2.6,0.0344290045235887,"#AAAAAA"
2.4,2.6,0.0344290045235887,"#AAAAAA"
3,1,0.0344290045235887,"#377eb8"
2.8,1.2,0.0344290045235887,"#377eb8"
2.6,1.2,0.0344290045235887,"#377eb8"
2,2.8,0.0019127224735327,"#a65628"
2.2,2.9,0.0019127224735327,"#a65628"
2.4,2.9,0.0019127224735327,"#a65628"
3,3.7,0.0019127224735327,"#377eb8"
2.8,3.6,0.0019127224735327,"#377eb8"
2.6,3.6,0.0019127224735327,"#377eb8"
3,6.4,0.0363417269971213,"#ffd300"
3.2,6.4,0.0363417269971213,"#ffd300"
3.4,6.4,0.0363417269971213,"#ffd300"
4,6.4,0.0363417269971213,"#ffd300"
3.8,6.4,0.0363417269971213,"#ffd300"
3.6,6.4,0.0363417269971213,"#ffd300"
3,6.4,0.000956361236766352,"#e41a1c"
3.2,5.9,0.000956361236766352,"#e41a1c"
3.4,5.9,0.000956361236766352,"#e41a1c"
4,1.9,0.000956361236766352,"#ffd300"
3.8,2.4,0.000956361236766352,"#ffd300"
3.6,2.4,0.000956361236766352,"#ffd300"
3,6.4,0.0717270927574764,"#AAAAAA"
3.2,5.8,0.0717270927574764,"#AAAAAA"
3.4,5.8,0.0717270927574764,"#AAAAAA"
4,1,0.0717270927574764,"#ffd300"
3.8,1.6,0.0717270927574764,"#ffd300"
3.6,1.6,0.0717270927574764,"#ffd300"
3,6.4,0.0124326960779626,"#4daf4a"
3.2,6.3,0.0124326960779626,"#4daf4a"
3.4,6.3,0.0124326960779626,"#4daf4a"
4,5.5,0.0124326960779626,"#ffd300"
3.8,5.6,0.0124326960779626,"#ffd300"
3.6,5.6,0.0124326960779626,"#ffd300"
3,6.4,0.0248653921559251,"#a65628"
3.2,6.1,0.0248653921559251,"#a65628"
3.4,6.1,0.0248653921559251,"#a65628"
4,3.7,0.0248653921559251,"#ffd300"
3.8,4,0.0248653921559251,"#ffd300"
3.6,4,0.0248653921559251,"#ffd300"
3,1.9,0.000956361236766352,"#e41a1c"
3.2,1.9,0.000956361236766352,"#e41a1c"
3.4,1.9,0.000956361236766352,"#e41a1c"
4,1.9,0.000956361236766352,"#e41a1c"
3.8,1.9,0.000956361236766352,"#e41a1c"
3.6,1.9,0.000956361236766352,"#e41a1c"
3,1.9,0.000956361236766352,"#4daf4a"
3.2,2.3,0.000956361236766352,"#4daf4a"
3.4,2.3,0.000956361236766352,"#4daf4a"
4,5.5,0.000956361236766352,"#e41a1c"
3.8,5.1,0.000956361236766352,"#e41a1c"
3.6,5.1,0.000956361236766352,"#e41a1c"
3,1.9,0.000956361236766352,"#a65628"
3.2,2.1,0.000956361236766352,"#a65628"
3.4,2.1,0.000956361236766352,"#a65628"
4,3.7,0.000956361236766352,"#e41a1c"
3.8,3.5,0.000956361236766352,"#e41a1c"
3.6,3.5,0.000956361236766352,"#e41a1c"
3,4.6,0.0908543174928034,"#ffd300"
3.2,4.8,0.0908543174928034,"#ffd300"
3.4,4.8,0.0908543174928034,"#ffd300"
4,6.4,0.0908543174928034,"#f781bf"
3.8,6.2,0.0908543174928034,"#f781bf"
3.6,6.2,0.0908543174928034,"#f781bf"
3,4.6,0.00382544494706541,"#e41a1c"
3.2,4.3,0.00382544494706541,"#e41a1c"
3.4,4.3,0.00382544494706541,"#e41a1c"
4,1.9,0.00382544494706541,"#f781bf"
3.8,2.2,0.00382544494706541,"#f781bf"
3.6,2.2,0.00382544494706541,"#f781bf"
3,4.6,3.16173024874956,"#f781bf"
3.2,4.6,3.16173024874956,"#f781bf"
3.4,4.6,3.16173024874956,"#f781bf"
4,4.6,3.16173024874956,"#f781bf"
3.8,4.6,3.16173024874956,"#f781bf"
3.6,4.6,3.16173024874956,"#f781bf"
3,4.6,0.790910742805773,"#AAAAAA"
3.2,4.2,0.790910742805773,"#AAAAAA"
3.4,4.2,0.790910742805773,"#AAAAAA"
4,1,0.790910742805773,"#f781bf"
3.8,1.4,0.790910742805773,"#f781bf"
3.6,1.4,0.790910742805773,"#f781bf"
3,4.6,0.00382544494706541,"#4daf4a"
3.2,4.7,0.00382544494706541,"#4daf4a"
3.4,4.7,0.00382544494706541,"#4daf4a"
4,5.5,0.00382544494706541,"#f781bf"
3.8,5.4,0.00382544494706541,"#f781bf"
3.6,5.4,0.00382544494706541,"#f781bf"
3,4.6,0.18075227374884,"#a65628"
3.2,4.5,0.18075227374884,"#a65628"
3.4,4.5,0.18075227374884,"#a65628"
4,3.7,0.18075227374884,"#f781bf"
3.8,3.8,0.18075227374884,"#f781bf"
3.6,3.8,0.18075227374884,"#f781bf"
3,1,0.413148054283064,"#ffd300"
3.2,1.6,0.413148054283064,"#ffd300"
3.4,1.6,0.413148054283064,"#ffd300"
4,6.4,0.413148054283064,"#AAAAAA"
3.8,5.8,0.413148054283064,"#AAAAAA"
3.6,5.8,0.413148054283064,"#AAAAAA"
3,1,0.159712326539981,"#e41a1c"
3.2,1.1,0.159712326539981,"#e41a1c"
3.4,1.1,0.159712326539981,"#e41a1c"
4,1.9,0.159712326539981,"#AAAAAA"
3.8,1.8,0.159712326539981,"#AAAAAA"
3.6,1.8,0.159712326539981,"#AAAAAA"
3,1,5.23033960387518,"#f781bf"
3.2,1.4,5.23033960387518,"#f781bf"
3.4,1.4,5.23033960387518,"#f781bf"
4,4.6,5.23033960387518,"#AAAAAA"
3.8,4.2,5.23033960387518,"#AAAAAA"
3.6,4.2,5.23033960387518,"#AAAAAA"
3,1,87.4917513843329,"#AAAAAA"
3.2,1,87.4917513843329,"#AAAAAA"
3.4,1,87.4917513843329,"#AAAAAA"
4,1,87.4917513843329,"#AAAAAA"
3.8,1,87.4917513843329,"#AAAAAA"
3.6,1,87.4917513843329,"#AAAAAA"
3,1,0.651282002237885,"#4daf4a"
3.2,1.5,0.651282002237885,"#4daf4a"
3.4,1.5,0.651282002237885,"#4daf4a"
4,5.5,0.651282002237885,"#AAAAAA"
3.8,5,0.651282002237885,"#AAAAAA"
3.6,5,0.651282002237885,"#AAAAAA"
3,1,1.29300039210811,"#a65628"
3.2,1.3,1.29300039210811,"#a65628"
3.4,1.3,1.29300039210811,"#a65628"
4,3.7,1.29300039210811,"#AAAAAA"
3.8,3.4,1.29300039210811,"#AAAAAA"
3.6,3.4,1.29300039210811,"#AAAAAA"
3,5.5,0.00956361236766351,"#ffd300"
3.2,5.6,0.00956361236766351,"#ffd300"
3.4,5.6,0.00956361236766351,"#ffd300"
4,6.4,0.00956361236766351,"#4daf4a"
3.8,6.3,0.00956361236766351,"#4daf4a"
3.6,6.3,0.00956361236766351,"#4daf4a"
3,5.5,0.0497307843118503,"#AAAAAA"
3.2,5,0.0497307843118503,"#AAAAAA"
3.4,5,0.0497307843118503,"#AAAAAA"
4,1,0.0497307843118503,"#4daf4a"
3.8,1.5,0.0497307843118503,"#4daf4a"
3.6,1.5,0.0497307843118503,"#4daf4a"
3,5.5,0.144410546751719,"#4daf4a"
3.2,5.5,0.144410546751719,"#4daf4a"
3.4,5.5,0.144410546751719,"#4daf4a"
4,5.5,0.144410546751719,"#4daf4a"
3.8,5.5,0.144410546751719,"#4daf4a"
3.6,5.5,0.144410546751719,"#4daf4a"
3,5.5,0.0267781146294578,"#a65628"
3.2,5.3,0.0267781146294578,"#a65628"
3.4,5.3,0.0267781146294578,"#a65628"
4,3.7,0.0267781146294578,"#4daf4a"
3.8,3.9,0.0267781146294578,"#4daf4a"
3.6,3.9,0.0267781146294578,"#4daf4a"
3,3.7,0.00765088989413081,"#ffd300"
3.2,4,0.00765088989413081,"#ffd300"
3.4,4,0.00765088989413081,"#ffd300"
4,6.4,0.00765088989413081,"#a65628"
3.8,6.1,0.00765088989413081,"#a65628"
3.6,6.1,0.00765088989413081,"#a65628"
3,3.7,0.0124326960779626,"#f781bf"
3.2,3.8,0.0124326960779626,"#f781bf"
3.4,3.8,0.0124326960779626,"#f781bf"
4,4.6,0.0124326960779626,"#a65628"
3.8,4.5,0.0124326960779626,"#a65628"
3.6,4.5,0.0124326960779626,"#a65628"
3,3.7,0.0879852337825043,"#AAAAAA"
3.2,3.4,0.0879852337825043,"#AAAAAA"
3.4,3.4,0.0879852337825043,"#AAAAAA"
4,1,0.0879852337825043,"#a65628"
3.8,1.3,0.0879852337825043,"#a65628"
3.6,1.3,0.0879852337825043,"#a65628"
3,3.7,0.0219963084456261,"#4daf4a"
3.2,3.9,0.0219963084456261,"#4daf4a"
3.4,3.9,0.0219963084456261,"#4daf4a"
4,5.5,0.0219963084456261,"#a65628"
3.8,5.3,0.0219963084456261,"#a65628"
3.6,5.3,0.0219963084456261,"#a65628"
3,3.7,0.019127224735327,"#a65628"
3.2,3.7,0.019127224735327,"#a65628"
3.4,3.7,0.019127224735327,"#a65628"
4,3.7,0.019127224735327,"#a65628"
3.8,3.7,0.019127224735327,"#a65628"
3.6,3.7,0.019127224735327,"#a65628"
4,6.4,0.250566644032784,"#ffd300"
4.2,6.4,0.250566644032784,"#ffd300"
4.4,6.4,0.250566644032784,"#ffd300"
5,6.4,0.250566644032784,"#ffd300"
4.8,6.4,0.250566644032784,"#ffd300"
4.6,6.4,0.250566644032784,"#ffd300"
4,6.4,0.0889415950192707,"#f781bf"
4.2,6.2,0.0889415950192707,"#f781bf"
4.4,6.2,0.0889415950192707,"#f781bf"
5,4.6,0.0889415950192707,"#ffd300"
4.8,4.8,0.0889415950192707,"#ffd300"
4.6,4.8,0.0889415950192707,"#ffd300"
4,6.4,0.112850625938429,"#AAAAAA"
4.2,5.8,0.112850625938429,"#AAAAAA"
4.4,5.8,0.112850625938429,"#AAAAAA"
5,1,0.112850625938429,"#ffd300"
4.8,1.6,0.112850625938429,"#ffd300"
4.6,1.6,0.112850625938429,"#ffd300"
4,6.4,0.067901647810411,"#4daf4a"
4.2,6.3,0.067901647810411,"#4daf4a"
4.4,6.3,0.067901647810411,"#4daf4a"
5,5.5,0.067901647810411,"#ffd300"
4.8,5.6,0.067901647810411,"#ffd300"
4.6,5.6,0.067901647810411,"#ffd300"
4,6.4,0.0372980882338877,"#a65628"
4.2,6.1,0.0372980882338877,"#a65628"
4.4,6.1,0.0372980882338877,"#a65628"
5,3.7,0.0372980882338877,"#ffd300"
4.8,4,0.0372980882338877,"#ffd300"
4.6,4,0.0372980882338877,"#ffd300"
4,1.9,0.00573816742059811,"#ffd300"
4.2,2.4,0.00573816742059811,"#ffd300"
4.4,2.4,0.00573816742059811,"#ffd300"
5,6.4,0.00573816742059811,"#e41a1c"
4.8,5.9,0.00573816742059811,"#e41a1c"
4.6,5.9,0.00573816742059811,"#e41a1c"
4,1.9,0.0229526696823924,"#f781bf"
4.2,2.2,0.0229526696823924,"#f781bf"
4.4,2.2,0.0229526696823924,"#f781bf"
5,4.6,0.0229526696823924,"#e41a1c"
4.8,4.3,0.0229526696823924,"#e41a1c"
4.6,4.3,0.0229526696823924,"#e41a1c"
4,1.9,0.102330652334,"#AAAAAA"
4.2,1.8,0.102330652334,"#AAAAAA"
4.4,1.8,0.102330652334,"#AAAAAA"
5,1,0.102330652334,"#e41a1c"
4.8,1.1,0.102330652334,"#e41a1c"
4.6,1.1,0.102330652334,"#e41a1c"
4,1.9,0.00860725113089716,"#4daf4a"
4.2,2.3,0.00860725113089716,"#4daf4a"
4.4,2.3,0.00860725113089716,"#4daf4a"
5,5.5,0.00860725113089716,"#e41a1c"
4.8,5.1,0.00860725113089716,"#e41a1c"
4.6,5.1,0.00860725113089716,"#e41a1c"
4,1.9,0.0277344758662242,"#a65628"
4.2,2.1,0.0277344758662242,"#a65628"
4.4,2.1,0.0277344758662242,"#a65628"
5,3.7,0.0277344758662242,"#e41a1c"
4.8,3.5,0.0277344758662242,"#e41a1c"
4.6,3.5,0.0277344758662242,"#e41a1c"
4,4.6,0.106156097281065,"#ffd300"
4.2,4.8,0.106156097281065,"#ffd300"
4.4,4.8,0.106156097281065,"#ffd300"
5,6.4,0.106156097281065,"#f781bf"
4.8,6.2,0.106156097281065,"#f781bf"
4.6,6.2,0.106156097281065,"#f781bf"
4,4.6,10.7026386006522,"#f781bf"
4.2,4.6,10.7026386006522,"#f781bf"
4.4,4.6,10.7026386006522,"#f781bf"
5,4.6,10.7026386006522,"#f781bf"
4.8,4.6,10.7026386006522,"#f781bf"
4.6,4.6,10.7026386006522,"#f781bf"
4,4.6,2.44159023746449,"#AAAAAA"
4.2,4.2,2.44159023746449,"#AAAAAA"
4.4,4.2,2.44159023746449,"#AAAAAA"
5,1,2.44159023746449,"#f781bf"
4.8,1.4,2.44159023746449,"#f781bf"
4.6,1.4,2.44159023746449,"#f781bf"
4,4.6,0.196054053537102,"#4daf4a"
4.2,4.7,0.196054053537102,"#4daf4a"
4.4,4.7,0.196054053537102,"#4daf4a"
5,5.5,0.196054053537102,"#f781bf"
4.8,5.4,0.196054053537102,"#f781bf"
4.6,5.4,0.196054053537102,"#f781bf"
4,4.6,0.101374291097233,"#a65628"
4.2,4.5,0.101374291097233,"#a65628"
4.4,4.5,0.101374291097233,"#a65628"
5,3.7,0.101374291097233,"#f781bf"
4.8,3.8,0.101374291097233,"#f781bf"
4.6,3.8,0.101374291097233,"#f781bf"
4,1,0.194141331063569,"#ffd300"
4.2,1.6,0.194141331063569,"#ffd300"
4.4,1.6,0.194141331063569,"#ffd300"
5,6.4,0.194141331063569,"#AAAAAA"
4.8,5.8,0.194141331063569,"#AAAAAA"
4.6,5.8,0.194141331063569,"#AAAAAA"
4,1,0.00765088989413081,"#e41a1c"
4.2,1.1,0.00765088989413081,"#e41a1c"
4.4,1.1,0.00765088989413081,"#e41a1c"
5,1.9,0.00765088989413081,"#AAAAAA"
4.8,1.8,0.00765088989413081,"#AAAAAA"
4.6,1.8,0.00765088989413081,"#AAAAAA"
4,1,1.73866472844123,"#f781bf"
4.2,1.4,1.73866472844123,"#f781bf"
4.4,1.4,1.73866472844123,"#f781bf"
5,4.6,1.73866472844123,"#AAAAAA"
4.8,4.2,1.73866472844123,"#AAAAAA"
4.6,4.2,1.73866472844123,"#AAAAAA"
4,1,80.3075657737441,"#AAAAAA"
4.2,1,80.3075657737441,"#AAAAAA"
4.4,1,80.3075657737441,"#AAAAAA"
5,1,80.3075657737441,"#AAAAAA"
4.8,1,80.3075657737441,"#AAAAAA"
4.6,1,80.3075657737441,"#AAAAAA"
4,1,0.64745655729082,"#4daf4a"
4.2,1.5,0.64745655729082,"#4daf4a"
4.4,1.5,0.64745655729082,"#4daf4a"
5,5.5,0.64745655729082,"#AAAAAA"
4.8,5,0.64745655729082,"#AAAAAA"
4.6,5,0.64745655729082,"#AAAAAA"
4,1,0.451402503753718,"#a65628"
4.2,1.3,0.451402503753718,"#a65628"
4.4,1.3,0.451402503753718,"#a65628"
5,3.7,0.451402503753718,"#AAAAAA"
4.8,3.4,0.451402503753718,"#AAAAAA"
4.6,3.4,0.451402503753718,"#AAAAAA"
4,5.5,0.016258141025028,"#ffd300"
4.2,5.6,0.016258141025028,"#ffd300"
4.4,5.6,0.016258141025028,"#ffd300"
5,6.4,0.016258141025028,"#4daf4a"
4.8,6.3,0.016258141025028,"#4daf4a"
4.6,6.3,0.016258141025028,"#4daf4a"
4,5.5,0.0832034275986726,"#f781bf"
4.2,5.4,0.0832034275986726,"#f781bf"
4.4,5.4,0.0832034275986726,"#f781bf"
5,4.6,0.0832034275986726,"#4daf4a"
4.8,4.7,0.0832034275986726,"#4daf4a"
4.6,4.7,0.0832034275986726,"#4daf4a"
4,5.5,0.489656953224372,"#AAAAAA"
4.2,5,0.489656953224372,"#AAAAAA"
4.4,5,0.489656953224372,"#AAAAAA"
5,1,0.489656953224372,"#4daf4a"
4.8,1.5,0.489656953224372,"#4daf4a"
4.6,1.5,0.489656953224372,"#4daf4a"
4,5.5,0.0793779826516072,"#4daf4a"
4.2,5.5,0.0793779826516072,"#4daf4a"
4.4,5.5,0.0793779826516072,"#4daf4a"
5,5.5,0.0793779826516072,"#4daf4a"
4.8,5.5,0.0793779826516072,"#4daf4a"
4.6,5.5,0.0793779826516072,"#4daf4a"
4,5.5,0.166406855197345,"#a65628"
4.2,5.3,0.166406855197345,"#a65628"
4.4,5.3,0.166406855197345,"#a65628"
5,3.7,0.166406855197345,"#4daf4a"
4.8,3.9,0.166406855197345,"#4daf4a"
4.6,3.9,0.166406855197345,"#4daf4a"
4,3.7,0.0841597888354389,"#ffd300"
4.2,4,0.0841597888354389,"#ffd300"
4.4,4,0.0841597888354389,"#ffd300"
5,6.4,0.0841597888354389,"#a65628"
4.8,6.1,0.0841597888354389,"#a65628"
4.6,6.1,0.0841597888354389,"#a65628"
4,3.7,0.00956361236766351,"#e41a1c"
4.2,3.5,0.00956361236766351,"#e41a1c"
4.4,3.5,0.00956361236766351,"#e41a1c"
5,1.9,0.00956361236766351,"#a65628"
4.8,2.1,0.00956361236766351,"#a65628"
4.6,2.1,0.00956361236766351,"#a65628"
4,3.7,0.0669452865736446,"#f781bf"
4.2,3.8,0.0669452865736446,"#f781bf"
4.4,3.8,0.0669452865736446,"#f781bf"
5,4.6,0.0669452865736446,"#a65628"
4.8,4.5,0.0669452865736446,"#a65628"
4.6,4.5,0.0669452865736446,"#a65628"
4,3.7,0.793779826516072,"#AAAAAA"
4.2,3.4,0.793779826516072,"#AAAAAA"
4.4,3.4,0.793779826516072,"#AAAAAA"
5,1,0.793779826516072,"#a65628"
4.8,1.3,0.793779826516072,"#a65628"
4.6,1.3,0.793779826516072,"#a65628"
4,3.7,0.407409886862466,"#4daf4a"
4.2,3.9,0.407409886862466,"#4daf4a"
4.4,3.9,0.407409886862466,"#4daf4a"
5,5.5,0.407409886862466,"#a65628"
4.8,5.3,0.407409886862466,"#a65628"
4.6,5.3,0.407409886862466,"#a65628"
4,3.7,0.183621357459139,"#a65628"
4.2,3.7,0.183621357459139,"#a65628"
4.4,3.7,0.183621357459139,"#a65628"
5,3.7,0.183621357459139,"#a65628"
4.8,3.7,0.183621357459139,"#a65628"
4.6,3.7,0.183621357459139,"#a65628"
5,6.4,0.291690177213737,"#ffd300"
5.2,6.4,0.291690177213737,"#ffd300"
5.4,6.4,0.291690177213737,"#ffd300"
6,6.4,0.291690177213737,"#ffd300"
5.8,6.4,0.291690177213737,"#ffd300"
5.6,6.4,0.291690177213737,"#ffd300"
5,6.4,0.0114763348411962,"#f781bf"
5.2,6.2,0.0114763348411962,"#f781bf"
5.4,6.2,0.0114763348411962,"#f781bf"
6,4.6,0.0114763348411962,"#ffd300"
5.8,4.8,0.0114763348411962,"#ffd300"
5.6,4.8,0.0114763348411962,"#ffd300"
5,6.4,0.192228608590037,"#AAAAAA"
5.2,5.8,0.192228608590037,"#AAAAAA"
5.4,5.8,0.192228608590037,"#AAAAAA"
6,1,0.192228608590037,"#ffd300"
5.8,1.6,0.192228608590037,"#ffd300"
5.6,1.6,0.192228608590037,"#ffd300"
5,6.4,0.0975488461501678,"#4daf4a"
5.2,6.3,0.0975488461501678,"#4daf4a"
5.4,6.3,0.0975488461501678,"#4daf4a"
6,5.5,0.0975488461501678,"#ffd300"
5.8,5.6,0.0975488461501678,"#ffd300"
5.6,5.6,0.0975488461501678,"#ffd300"
5,6.4,0.0640762028633455,"#a65628"
5.2,6.1,0.0640762028633455,"#a65628"
5.4,6.1,0.0640762028633455,"#a65628"
6,3.7,0.0640762028633455,"#ffd300"
5.8,4,0.0640762028633455,"#ffd300"
5.6,4,0.0640762028633455,"#ffd300"
5,1.9,0.000956361236766352,"#AAAAAA"
5.2,1.8,0.000956361236766352,"#AAAAAA"
5.4,1.8,0.000956361236766352,"#AAAAAA"
6,1,0.000956361236766352,"#e41a1c"
5.8,1.1,0.000956361236766352,"#e41a1c"
5.6,1.1,0.000956361236766352,"#e41a1c"
5,1.9,0.016258141025028,"#a65628"
5.2,2.1,0.016258141025028,"#a65628"
5.4,2.1,0.016258141025028,"#a65628"
6,3.7,0.016258141025028,"#e41a1c"
5.8,3.5,0.016258141025028,"#e41a1c"
5.6,3.5,0.016258141025028,"#e41a1c"
5,4.6,0.37489360481241,"#ffd300"
5.2,4.8,0.37489360481241,"#ffd300"
5.4,4.8,0.37489360481241,"#ffd300"
6,6.4,0.37489360481241,"#f781bf"
5.8,6.2,0.37489360481241,"#f781bf"
5.6,6.2,0.37489360481241,"#f781bf"
5,4.6,0.00669452865736446,"#e41a1c"
5.2,4.3,0.00669452865736446,"#e41a1c"
5.4,4.3,0.00669452865736446,"#e41a1c"
6,1.9,0.00669452865736446,"#f781bf"
5.8,2.2,0.00669452865736446,"#f781bf"
5.6,2.2,0.00669452865736446,"#f781bf"
5,4.6,8.83582146648432,"#f781bf"
5.2,4.6,8.83582146648432,"#f781bf"
5.4,4.6,8.83582146648432,"#f781bf"
6,4.6,8.83582146648432,"#f781bf"
5.8,4.6,8.83582146648432,"#f781bf"
5.6,4.6,8.83582146648432,"#f781bf"
5,4.6,3.39030058433672,"#AAAAAA"
5.2,4.2,3.39030058433672,"#AAAAAA"
5.4,4.2,3.39030058433672,"#AAAAAA"
6,1,3.39030058433672,"#f781bf"
5.8,1.4,3.39030058433672,"#f781bf"
5.6,1.4,3.39030058433672,"#f781bf"
5,4.6,0.480093340856708,"#4daf4a"
5.2,4.7,0.480093340856708,"#4daf4a"
5.4,4.7,0.480093340856708,"#4daf4a"
6,5.5,0.480093340856708,"#f781bf"
5.8,5.4,0.480093340856708,"#f781bf"
5.6,5.4,0.480093340856708,"#f781bf"
5,4.6,0.0688580090471773,"#a65628"
5.2,4.5,0.0688580090471773,"#a65628"
5.4,4.5,0.0688580090471773,"#a65628"
6,3.7,0.0688580090471773,"#f781bf"
5.8,3.8,0.0688580090471773,"#f781bf"
5.6,3.8,0.0688580090471773,"#f781bf"
5,1,0.391151745837438,"#ffd300"
5.2,1.6,0.391151745837438,"#ffd300"
5.4,1.6,0.391151745837438,"#ffd300"
6,6.4,0.391151745837438,"#AAAAAA"
5.8,5.8,0.391151745837438,"#AAAAAA"
5.6,5.8,0.391151745837438,"#AAAAAA"
5,1,0.000956361236766352,"#e41a1c"
5.2,1.1,0.000956361236766352,"#e41a1c"
5.4,1.1,0.000956361236766352,"#e41a1c"
6,1.9,0.000956361236766352,"#AAAAAA"
5.8,1.8,0.000956361236766352,"#AAAAAA"
5.6,1.8,0.000956361236766352,"#AAAAAA"
5,1,0.755525377045418,"#f781bf"
5.2,1.4,0.755525377045418,"#f781bf"
5.4,1.4,0.755525377045418,"#f781bf"
6,4.6,0.755525377045418,"#AAAAAA"
5.8,4.2,0.755525377045418,"#AAAAAA"
5.6,4.2,0.755525377045418,"#AAAAAA"
5,1,81.1568145519926,"#AAAAAA"
5.2,1,81.1568145519926,"#AAAAAA"
5.4,1,81.1568145519926,"#AAAAAA"
6,1,81.1568145519926,"#AAAAAA"
5.8,1,81.1568145519926,"#AAAAAA"
5.6,1,81.1568145519926,"#AAAAAA"
5,1,0.900892285033903,"#4daf4a"
5.2,1.5,0.900892285033903,"#4daf4a"
5.4,1.5,0.900892285033903,"#4daf4a"
6,5.5,0.900892285033903,"#AAAAAA"
5.8,5,0.900892285033903,"#AAAAAA"
5.6,5,0.900892285033903,"#AAAAAA"
5,1,0.589118521848072,"#a65628"
5.2,1.3,0.589118521848072,"#a65628"
5.4,1.3,0.589118521848072,"#a65628"
6,3.7,0.589118521848072,"#AAAAAA"
5.8,3.4,0.589118521848072,"#AAAAAA"
5.6,3.4,0.589118521848072,"#AAAAAA"
5,5.5,0.203704943431233,"#ffd300"
5.2,5.6,0.203704943431233,"#ffd300"
5.4,5.6,0.203704943431233,"#ffd300"
6,6.4,0.203704943431233,"#4daf4a"
5.8,6.3,0.203704943431233,"#4daf4a"
5.6,6.3,0.203704943431233,"#4daf4a"
5,5.5,0.0803343438883735,"#f781bf"
5.2,5.4,0.0803343438883735,"#f781bf"
5.4,5.4,0.0803343438883735,"#f781bf"
6,4.6,0.0803343438883735,"#4daf4a"
5.8,4.7,0.0803343438883735,"#4daf4a"
5.6,4.7,0.0803343438883735,"#4daf4a"
5,5.5,0.438969807675755,"#AAAAAA"
5.2,5,0.438969807675755,"#AAAAAA"
5.4,5,0.438969807675755,"#AAAAAA"
6,1,0.438969807675755,"#4daf4a"
5.8,1.5,0.438969807675755,"#4daf4a"
5.6,1.5,0.438969807675755,"#4daf4a"
5,5.5,0.407409886862466,"#4daf4a"
5.2,5.5,0.407409886862466,"#4daf4a"
5.4,5.5,0.407409886862466,"#4daf4a"
6,5.5,0.407409886862466,"#4daf4a"
5.8,5.5,0.407409886862466,"#4daf4a"
5.6,5.5,0.407409886862466,"#4daf4a"
5,5.5,0.276388397425476,"#a65628"
5.2,5.3,0.276388397425476,"#a65628"
5.4,5.3,0.276388397425476,"#a65628"
6,3.7,0.276388397425476,"#4daf4a"
5.8,3.9,0.276388397425476,"#4daf4a"
5.6,3.9,0.276388397425476,"#4daf4a"
5,3.7,0.0975488461501678,"#ffd300"
5.2,4,0.0975488461501678,"#ffd300"
5.4,4,0.0975488461501678,"#ffd300"
6,6.4,0.0975488461501678,"#a65628"
5.8,6.1,0.0975488461501678,"#a65628"
5.6,6.1,0.0975488461501678,"#a65628"
5,3.7,0.000956361236766352,"#e41a1c"
5.2,3.5,0.000956361236766352,"#e41a1c"
5.4,3.5,0.000956361236766352,"#e41a1c"
6,1.9,0.000956361236766352,"#a65628"
5.8,2.1,0.000956361236766352,"#a65628"
5.6,2.1,0.000956361236766352,"#a65628"
5,3.7,0.0133890573147289,"#f781bf"
5.2,3.8,0.0133890573147289,"#f781bf"
5.4,3.8,0.0133890573147289,"#f781bf"
6,4.6,0.0133890573147289,"#a65628"
5.8,4.5,0.0133890573147289,"#a65628"
5.6,4.5,0.0133890573147289,"#a65628"
5,3.7,0.454271587464017,"#AAAAAA"
5.2,3.4,0.454271587464017,"#AAAAAA"
5.4,3.4,0.454271587464017,"#AAAAAA"
6,1,0.454271587464017,"#a65628"
5.8,1.3,0.454271587464017,"#a65628"
5.6,1.3,0.454271587464017,"#a65628"
5,3.7,0.114763348411962,"#4daf4a"
5.2,3.9,0.114763348411962,"#4daf4a"
5.4,3.9,0.114763348411962,"#4daf4a"
6,5.5,0.114763348411962,"#a65628"
5.8,5.3,0.114763348411962,"#a65628"
5.6,5.3,0.114763348411962,"#a65628"
5,3.7,0.286908371029905,"#a65628"
5.2,3.7,0.286908371029905,"#a65628"
5.4,3.7,0.286908371029905,"#a65628"
6,3.7,0.286908371029905,"#a65628"
5.8,3.7,0.286908371029905,"#a65628"
5.6,3.7,0.286908371029905,"#a65628"
6,6.4,0.288821093503438,"#ffd300"
6.2,6.4,0.288821093503438,"#ffd300"
6.4,6.4,0.288821093503438,"#ffd300"
7,6.4,0.288821093503438,"#ffd300"
6.8,6.4,0.288821093503438,"#ffd300"
6.6,6.4,0.288821093503438,"#ffd300"
6,6.4,0.00286908371029905,"#e41a1c"
6.2,5.9,0.00286908371029905,"#e41a1c"
6.4,5.9,0.00286908371029905,"#e41a1c"
7,1.9,0.00286908371029905,"#ffd300"
6.8,2.4,0.00286908371029905,"#ffd300"
6.6,2.4,0.00286908371029905,"#ffd300"
6,6.4,0.132934211910523,"#f781bf"
6.2,6.2,0.132934211910523,"#f781bf"
6.4,6.2,0.132934211910523,"#f781bf"
7,4.6,0.132934211910523,"#ffd300"
6.8,4.8,0.132934211910523,"#ffd300"
6.6,4.8,0.132934211910523,"#ffd300"
6,6.4,0.205617665904766,"#AAAAAA"
6.2,5.8,0.205617665904766,"#AAAAAA"
6.4,5.8,0.205617665904766,"#AAAAAA"
7,1,0.205617665904766,"#ffd300"
6.8,1.6,0.205617665904766,"#ffd300"
6.6,1.6,0.205617665904766,"#ffd300"
6,6.4,0.688580090471773,"#4daf4a"
6.2,6.3,0.688580090471773,"#4daf4a"
6.4,6.3,0.688580090471773,"#4daf4a"
7,5.5,0.688580090471773,"#ffd300"
6.8,5.6,0.688580090471773,"#ffd300"
6.6,5.6,0.688580090471773,"#ffd300"
6,6.4,0.0401671719441868,"#a65628"
6.2,6.1,0.0401671719441868,"#a65628"
6.4,6.1,0.0401671719441868,"#a65628"
7,3.7,0.0401671719441868,"#ffd300"
6.8,4,0.0401671719441868,"#ffd300"
6.6,4,0.0401671719441868,"#ffd300"
6,1.9,0.0019127224735327,"#ffd300"
6.2,2.4,0.0019127224735327,"#ffd300"
6.4,2.4,0.0019127224735327,"#ffd300"
7,6.4,0.0019127224735327,"#e41a1c"
6.8,5.9,0.0019127224735327,"#e41a1c"
6.6,5.9,0.0019127224735327,"#e41a1c"
6,1.9,0.000956361236766352,"#AAAAAA"
6.2,1.8,0.000956361236766352,"#AAAAAA"
6.4,1.8,0.000956361236766352,"#AAAAAA"
7,1,0.000956361236766352,"#e41a1c"
6.8,1.1,0.000956361236766352,"#e41a1c"
6.6,1.1,0.000956361236766352,"#e41a1c"
6,1.9,0.00573816742059811,"#4daf4a"
6.2,2.3,0.00573816742059811,"#4daf4a"
6.4,2.3,0.00573816742059811,"#4daf4a"
7,5.5,0.00573816742059811,"#e41a1c"
6.8,5.1,0.00573816742059811,"#e41a1c"
6.6,5.1,0.00573816742059811,"#e41a1c"
6,1.9,0.000956361236766352,"#a65628"
6.2,2.1,0.000956361236766352,"#a65628"
6.4,2.1,0.000956361236766352,"#a65628"
7,3.7,0.000956361236766352,"#e41a1c"
6.8,3.5,0.000956361236766352,"#e41a1c"
6.6,3.5,0.000956361236766352,"#e41a1c"
6,4.6,0.224744890640093,"#ffd300"
6.2,4.8,0.224744890640093,"#ffd300"
6.4,4.8,0.224744890640093,"#ffd300"
7,6.4,0.224744890640093,"#f781bf"
6.8,6.2,0.224744890640093,"#f781bf"
6.6,6.2,0.224744890640093,"#f781bf"
6,4.6,9.27000946797624,"#f781bf"
6.2,4.6,9.27000946797624,"#f781bf"
6.4,4.6,9.27000946797624,"#f781bf"
7,4.6,9.27000946797624,"#f781bf"
6.8,4.6,9.27000946797624,"#f781bf"
6.6,4.6,9.27000946797624,"#f781bf"
6,4.6,0.442795252622821,"#AAAAAA"
6.2,4.2,0.442795252622821,"#AAAAAA"
6.4,4.2,0.442795252622821,"#AAAAAA"
7,1,0.442795252622821,"#f781bf"
6.8,1.4,0.442795252622821,"#f781bf"
6.6,1.4,0.442795252622821,"#f781bf"
6,4.6,0.556602239798016,"#4daf4a"
6.2,4.7,0.556602239798016,"#4daf4a"
6.4,4.7,0.556602239798016,"#4daf4a"
7,5.5,0.556602239798016,"#f781bf"
6.8,5.4,0.556602239798016,"#f781bf"
6.6,5.4,0.556602239798016,"#f781bf"
6,4.6,0.0506871455486166,"#a65628"
6.2,4.5,0.0506871455486166,"#a65628"
6.4,4.5,0.0506871455486166,"#a65628"
7,3.7,0.0506871455486166,"#f781bf"
6.8,3.8,0.0506871455486166,"#f781bf"
6.6,3.8,0.0506871455486166,"#f781bf"
6,1,0.275432036188709,"#ffd300"
6.2,1.6,0.275432036188709,"#ffd300"
6.4,1.6,0.275432036188709,"#ffd300"
7,6.4,0.275432036188709,"#AAAAAA"
6.8,5.8,0.275432036188709,"#AAAAAA"
6.6,5.8,0.275432036188709,"#AAAAAA"
6,1,2.36603769975995,"#f781bf"
6.2,1.4,2.36603769975995,"#f781bf"
6.4,1.4,2.36603769975995,"#f781bf"
7,4.6,2.36603769975995,"#AAAAAA"
6.8,4.2,2.36603769975995,"#AAAAAA"
6.6,4.2,2.36603769975995,"#AAAAAA"
6,1,80.0388282662127,"#AAAAAA"
6.2,1,80.0388282662127,"#AAAAAA"
6.4,1,80.0388282662127,"#AAAAAA"
7,1,80.0388282662127,"#AAAAAA"
6.8,1,80.0388282662127,"#AAAAAA"
6.6,1,80.0388282662127,"#AAAAAA"
6,1,1.94428239434599,"#4daf4a"
6.2,1.5,1.94428239434599,"#4daf4a"
6.4,1.5,1.94428239434599,"#4daf4a"
7,5.5,1.94428239434599,"#AAAAAA"
6.8,5,1.94428239434599,"#AAAAAA"
6.6,5,1.94428239434599,"#AAAAAA"
6,1,0.157799604066448,"#a65628"
6.2,1.3,0.157799604066448,"#a65628"
6.4,1.3,0.157799604066448,"#a65628"
7,3.7,0.157799604066448,"#AAAAAA"
6.8,3.4,0.157799604066448,"#AAAAAA"
6.6,3.4,0.157799604066448,"#AAAAAA"
6,1,0.0019127224735327,"#377eb8"
6.2,1.2,0.0019127224735327,"#377eb8"
6.4,1.2,0.0019127224735327,"#377eb8"
7,2.8,0.0019127224735327,"#AAAAAA"
6.8,2.6,0.0019127224735327,"#AAAAAA"
6.6,2.6,0.0019127224735327,"#AAAAAA"
6,5.5,0.323250098027027,"#ffd300"
6.2,5.6,0.323250098027027,"#ffd300"
6.4,5.6,0.323250098027027,"#ffd300"
7,6.4,0.323250098027027,"#4daf4a"
6.8,6.3,0.323250098027027,"#4daf4a"
6.6,6.3,0.323250098027027,"#4daf4a"
6,5.5,0.000956361236766352,"#e41a1c"
6.2,5.1,0.000956361236766352,"#e41a1c"
6.4,5.1,0.000956361236766352,"#e41a1c"
7,1.9,0.000956361236766352,"#4daf4a"
6.8,2.3,0.000956361236766352,"#4daf4a"
6.6,2.3,0.000956361236766352,"#4daf4a"
6,5.5,0.0334726432868223,"#f781bf"
6.2,5.4,0.0334726432868223,"#f781bf"
6.4,5.4,0.0334726432868223,"#f781bf"
7,4.6,0.0334726432868223,"#4daf4a"
6.8,4.7,0.0334726432868223,"#4daf4a"
6.6,4.7,0.0334726432868223,"#4daf4a"
6,5.5,0.455227948700783,"#AAAAAA"
6.2,5,0.455227948700783,"#AAAAAA"
6.4,5,0.455227948700783,"#AAAAAA"
7,1,0.455227948700783,"#4daf4a"
6.8,1.5,0.455227948700783,"#4daf4a"
6.6,1.5,0.455227948700783,"#4daf4a"
6,5.5,0.982182990159043,"#4daf4a"
6.2,5.5,0.982182990159043,"#4daf4a"
6.4,5.5,0.982182990159043,"#4daf4a"
7,5.5,0.982182990159043,"#4daf4a"
6.8,5.5,0.982182990159043,"#4daf4a"
6.6,5.5,0.982182990159043,"#4daf4a"
6,5.5,0.205617665904766,"#a65628"
6.2,5.3,0.205617665904766,"#a65628"
6.4,5.3,0.205617665904766,"#a65628"
7,3.7,0.205617665904766,"#4daf4a"
6.8,3.9,0.205617665904766,"#4daf4a"
6.6,3.9,0.205617665904766,"#4daf4a"
6,3.7,0.294559260924036,"#ffd300"
6.2,4,0.294559260924036,"#ffd300"
6.4,4,0.294559260924036,"#ffd300"
7,6.4,0.294559260924036,"#a65628"
6.8,6.1,0.294559260924036,"#a65628"
6.6,6.1,0.294559260924036,"#a65628"
6,3.7,0.000956361236766352,"#e41a1c"
6.2,3.5,0.000956361236766352,"#e41a1c"
6.4,3.5,0.000956361236766352,"#e41a1c"
7,1.9,0.000956361236766352,"#a65628"
6.8,2.1,0.000956361236766352,"#a65628"
6.6,2.1,0.000956361236766352,"#a65628"
6,3.7,0.0793779826516072,"#f781bf"
6.2,3.8,0.0793779826516072,"#f781bf"
6.4,3.8,0.0793779826516072,"#f781bf"
7,4.6,0.0793779826516072,"#a65628"
6.8,4.5,0.0793779826516072,"#a65628"
6.6,4.5,0.0793779826516072,"#a65628"
6,3.7,0.318468291843195,"#AAAAAA"
6.2,3.4,0.318468291843195,"#AAAAAA"
6.4,3.4,0.318468291843195,"#AAAAAA"
7,1,0.318468291843195,"#a65628"
6.8,1.3,0.318468291843195,"#a65628"
6.6,1.3,0.318468291843195,"#a65628"
6,3.7,0.458097032411082,"#4daf4a"
6.2,3.9,0.458097032411082,"#4daf4a"
6.4,3.9,0.458097032411082,"#4daf4a"
7,5.5,0.458097032411082,"#a65628"
6.8,5.3,0.458097032411082,"#a65628"
6.6,5.3,0.458097032411082,"#a65628"
6,3.7,0.150148714172317,"#a65628"
6.2,3.7,0.150148714172317,"#a65628"
6.4,3.7,0.150148714172317,"#a65628"
7,3.7,0.150148714172317,"#a65628"
6.8,3.7,0.150148714172317,"#a65628"
6.6,3.7,0.150148714172317,"#a65628"
7,6.4,0.164494132723812,"#ffd300"
7.2,6.4,0.164494132723812,"#ffd300"
7.4,6.4,0.164494132723812,"#ffd300"
8,6.4,0.164494132723812,"#ffd300"
7.8,6.4,0.164494132723812,"#ffd300"
7.6,6.4,0.164494132723812,"#ffd300"
7,6.4,0.421755305413961,"#f781bf"
7.2,6.2,0.421755305413961,"#f781bf"
7.4,6.2,0.421755305413961,"#f781bf"
8,4.6,0.421755305413961,"#ffd300"
7.8,4.8,0.421755305413961,"#ffd300"
7.6,4.8,0.421755305413961,"#ffd300"
7,6.4,0.224744890640093,"#AAAAAA"
7.2,5.8,0.224744890640093,"#AAAAAA"
7.4,5.8,0.224744890640093,"#AAAAAA"
8,1,0.224744890640093,"#ffd300"
7.8,1.6,0.224744890640093,"#ffd300"
7.6,1.6,0.224744890640093,"#ffd300"
7,6.4,0.454271587464017,"#4daf4a"
7.2,6.3,0.454271587464017,"#4daf4a"
7.4,6.3,0.454271587464017,"#4daf4a"
8,5.5,0.454271587464017,"#ffd300"
7.8,5.6,0.454271587464017,"#ffd300"
7.6,5.6,0.454271587464017,"#ffd300"
7,6.4,0.143454185514953,"#a65628"
7.2,6.1,0.143454185514953,"#a65628"
7.4,6.1,0.143454185514953,"#a65628"
8,3.7,0.143454185514953,"#ffd300"
7.8,4,0.143454185514953,"#ffd300"
7.6,4,0.143454185514953,"#ffd300"
7,1.9,0.00382544494706541,"#ffd300"
7.2,2.4,0.00382544494706541,"#ffd300"
7.4,2.4,0.00382544494706541,"#ffd300"
8,6.4,0.00382544494706541,"#e41a1c"
7.8,5.9,0.00382544494706541,"#e41a1c"
7.6,5.9,0.00382544494706541,"#e41a1c"
7,1.9,0.000956361236766352,"#f781bf"
7.2,2.2,0.000956361236766352,"#f781bf"
7.4,2.2,0.000956361236766352,"#f781bf"
8,4.6,0.000956361236766352,"#e41a1c"
7.8,4.3,0.000956361236766352,"#e41a1c"
7.6,4.3,0.000956361236766352,"#e41a1c"
7,1.9,0.000956361236766352,"#4daf4a"
7.2,2.3,0.000956361236766352,"#4daf4a"
7.4,2.3,0.000956361236766352,"#4daf4a"
8,5.5,0.000956361236766352,"#e41a1c"
7.8,5.1,0.000956361236766352,"#e41a1c"
7.6,5.1,0.000956361236766352,"#e41a1c"
7,4.6,0.242915754138653,"#ffd300"
7.2,4.8,0.242915754138653,"#ffd300"
7.4,4.8,0.242915754138653,"#ffd300"
8,6.4,0.242915754138653,"#f781bf"
7.8,6.2,0.242915754138653,"#f781bf"
7.6,6.2,0.242915754138653,"#f781bf"
7,4.6,0.000956361236766352,"#e41a1c"
7.2,4.3,0.000956361236766352,"#e41a1c"
7.4,4.3,0.000956361236766352,"#e41a1c"
8,1.9,0.000956361236766352,"#f781bf"
7.8,2.2,0.000956361236766352,"#f781bf"
7.6,2.2,0.000956361236766352,"#f781bf"
7,4.6,11.3998259422549,"#f781bf"
7.2,4.6,11.3998259422549,"#f781bf"
7.4,4.6,11.3998259422549,"#f781bf"
8,4.6,11.3998259422549,"#f781bf"
7.8,4.6,11.3998259422549,"#f781bf"
7.6,4.6,11.3998259422549,"#f781bf"
7,4.6,1.77213737172805,"#AAAAAA"
7.2,4.2,1.77213737172805,"#AAAAAA"
7.4,4.2,1.77213737172805,"#AAAAAA"
8,1,1.77213737172805,"#f781bf"
7.8,1.4,1.77213737172805,"#f781bf"
7.6,1.4,1.77213737172805,"#f781bf"
7,4.6,0.558514962271549,"#4daf4a"
7.2,4.7,0.558514962271549,"#4daf4a"
7.4,4.7,0.558514962271549,"#4daf4a"
8,5.5,0.558514962271549,"#f781bf"
7.8,5.4,0.558514962271549,"#f781bf"
7.6,5.4,0.558514962271549,"#f781bf"
7,4.6,0.0200835859720934,"#a65628"
7.2,4.5,0.0200835859720934,"#a65628"
7.4,4.5,0.0200835859720934,"#a65628"
8,3.7,0.0200835859720934,"#f781bf"
7.8,3.8,0.0200835859720934,"#f781bf"
7.6,3.8,0.0200835859720934,"#f781bf"
7,1,0.0918106787295697,"#ffd300"
7.2,1.6,0.0918106787295697,"#ffd300"
7.4,1.6,0.0918106787295697,"#ffd300"
8,6.4,0.0918106787295697,"#AAAAAA"
7.8,5.8,0.0918106787295697,"#AAAAAA"
7.6,5.8,0.0918106787295697,"#AAAAAA"
7,1,0.535562292589157,"#f781bf"
7.2,1.4,0.535562292589157,"#f781bf"
7.4,1.4,0.535562292589157,"#f781bf"
8,4.6,0.535562292589157,"#AAAAAA"
7.8,4.2,0.535562292589157,"#AAAAAA"
7.6,4.2,0.535562292589157,"#AAAAAA"
7,1,77.9539607700621,"#AAAAAA"
7.2,1,77.9539607700621,"#AAAAAA"
7.4,1,77.9539607700621,"#AAAAAA"
8,1,77.9539607700621,"#AAAAAA"
7.8,1,77.9539607700621,"#AAAAAA"
7.6,1,77.9539607700621,"#AAAAAA"
7,1,0.690492812945306,"#4daf4a"
7.2,1.5,0.690492812945306,"#4daf4a"
7.4,1.5,0.690492812945306,"#4daf4a"
8,5.5,0.690492812945306,"#AAAAAA"
7.8,5,0.690492812945306,"#AAAAAA"
7.6,5,0.690492812945306,"#AAAAAA"
7,1,0.0765088989413081,"#a65628"
7.2,1.3,0.0765088989413081,"#a65628"
7.4,1.3,0.0765088989413081,"#a65628"
8,3.7,0.0765088989413081,"#AAAAAA"
7.8,3.4,0.0765088989413081,"#AAAAAA"
7.6,3.4,0.0765088989413081,"#AAAAAA"
7,5.5,0.497307843118503,"#ffd300"
7.2,5.6,0.497307843118503,"#ffd300"
7.4,5.6,0.497307843118503,"#ffd300"
8,6.4,0.497307843118503,"#4daf4a"
7.8,6.3,0.497307843118503,"#4daf4a"
7.6,6.3,0.497307843118503,"#4daf4a"
7,5.5,0.384457217180073,"#f781bf"
7.2,5.4,0.384457217180073,"#f781bf"
7.4,5.4,0.384457217180073,"#f781bf"
8,4.6,0.384457217180073,"#4daf4a"
7.8,4.7,0.384457217180073,"#4daf4a"
7.6,4.7,0.384457217180073,"#4daf4a"
7,5.5,1.71188661381177,"#AAAAAA"
7.2,5,1.71188661381177,"#AAAAAA"
7.4,5,1.71188661381177,"#AAAAAA"
8,1,1.71188661381177,"#4daf4a"
7.8,1.5,1.71188661381177,"#4daf4a"
7.6,1.5,1.71188661381177,"#4daf4a"
7,5.5,1.35994567868175,"#4daf4a"
7.2,5.5,1.35994567868175,"#4daf4a"
7.4,5.5,1.35994567868175,"#4daf4a"
8,5.5,1.35994567868175,"#4daf4a"
7.8,5.5,1.35994567868175,"#4daf4a"
7.6,5.5,1.35994567868175,"#4daf4a"
7,5.5,0.681885561814409,"#a65628"
7.2,5.3,0.681885561814409,"#a65628"
7.4,5.3,0.681885561814409,"#a65628"
8,3.7,0.681885561814409,"#4daf4a"
7.8,3.9,0.681885561814409,"#4daf4a"
7.6,3.9,0.681885561814409,"#4daf4a"
7,3.7,0.0525998680221493,"#ffd300"
7.2,4,0.0525998680221493,"#ffd300"
7.4,4,0.0525998680221493,"#ffd300"
8,6.4,0.0525998680221493,"#a65628"
7.8,6.1,0.0525998680221493,"#a65628"
7.6,6.1,0.0525998680221493,"#a65628"
7,3.7,0.109025180991364,"#f781bf"
7.2,3.8,0.109025180991364,"#f781bf"
7.4,3.8,0.109025180991364,"#f781bf"
8,4.6,0.109025180991364,"#a65628"
7.8,4.5,0.109025180991364,"#a65628"
7.6,4.5,0.109025180991364,"#a65628"
7,3.7,0.0755525377045418,"#AAAAAA"
7.2,3.4,0.0755525377045418,"#AAAAAA"
7.4,3.4,0.0755525377045418,"#AAAAAA"
8,1,0.0755525377045418,"#a65628"
7.8,1.3,0.0755525377045418,"#a65628"
7.6,1.3,0.0755525377045418,"#a65628"
7,3.7,0.362460908734447,"#4daf4a"
7.2,3.9,0.362460908734447,"#4daf4a"
7.4,3.9,0.362460908734447,"#4daf4a"
8,5.5,0.362460908734447,"#a65628"
7.8,5.3,0.362460908734447,"#a65628"
7.6,5.3,0.362460908734447,"#a65628"
7,3.7,0.00573816742059811,"#a65628"
7.2,3.7,0.00573816742059811,"#a65628"
7.4,3.7,0.00573816742059811,"#a65628"
8,3.7,0.00573816742059811,"#a65628"
7.8,3.7,0.00573816742059811,"#a65628"
7.6,3.7,0.00573816742059811,"#a65628"
7,2.8,0.000956361236766352,"#AAAAAA"
7.2,2.6,0.000956361236766352,"#AAAAAA"
7.4,2.6,0.000956361236766352,"#AAAAAA"
8,1,0.000956361236766352,"#377eb8"
7.8,1.2,0.000956361236766352,"#377eb8"
7.6,1.2,0.000956361236766352,"#377eb8"
7,2.8,0.000956361236766352,"#a65628"
7.2,2.9,0.000956361236766352,"#a65628"
7.4,2.9,0.000956361236766352,"#a65628"
8,3.7,0.000956361236766352,"#377eb8"
7.8,3.6,0.000956361236766352,"#377eb8"
7.6,3.6,0.000956361236766352,"#377eb8"
8,6.4,0.2017922209577,"#ffd300"
8.2,6.4,0.2017922209577,"#ffd300"
8.4,6.4,0.2017922209577,"#ffd300"
9,6.4,0.2017922209577,"#ffd300"
8.8,6.4,0.2017922209577,"#ffd300"
8.6,6.4,0.2017922209577,"#ffd300"
8,6.4,0.15206143664585,"#f781bf"
8.2,6.2,0.15206143664585,"#f781bf"
8.4,6.2,0.15206143664585,"#f781bf"
9,4.6,0.15206143664585,"#ffd300"
8.8,4.8,0.15206143664585,"#ffd300"
8.6,4.8,0.15206143664585,"#ffd300"
8,6.4,0.160668687776747,"#AAAAAA"
8.2,5.8,0.160668687776747,"#AAAAAA"
8.4,5.8,0.160668687776747,"#AAAAAA"
9,1,0.160668687776747,"#ffd300"
8.8,1.6,0.160668687776747,"#ffd300"
8.6,1.6,0.160668687776747,"#ffd300"
8,6.4,0.507827816722933,"#4daf4a"
8.2,6.3,0.507827816722933,"#4daf4a"
8.4,6.3,0.507827816722933,"#4daf4a"
9,5.5,0.507827816722933,"#ffd300"
8.8,5.6,0.507827816722933,"#ffd300"
8.6,5.6,0.507827816722933,"#ffd300"
8,6.4,0.0306035595765232,"#a65628"
8.2,6.1,0.0306035595765232,"#a65628"
8.4,6.1,0.0306035595765232,"#a65628"
9,3.7,0.0306035595765232,"#ffd300"
8.8,4,0.0306035595765232,"#ffd300"
8.6,4,0.0306035595765232,"#ffd300"
8,1.9,0.000956361236766352,"#f781bf"
8.2,2.2,0.000956361236766352,"#f781bf"
8.4,2.2,0.000956361236766352,"#f781bf"
9,4.6,0.000956361236766352,"#e41a1c"
8.8,4.3,0.000956361236766352,"#e41a1c"
8.6,4.3,0.000956361236766352,"#e41a1c"
8,4.6,0.804299800120501,"#ffd300"
8.2,4.8,0.804299800120501,"#ffd300"
8.4,4.8,0.804299800120501,"#ffd300"
9,6.4,0.804299800120501,"#f781bf"
8.8,6.2,0.804299800120501,"#f781bf"
8.6,6.2,0.804299800120501,"#f781bf"
8,4.6,9.35512561804845,"#f781bf"
8.2,4.6,9.35512561804845,"#f781bf"
8.4,4.6,9.35512561804845,"#f781bf"
9,4.6,9.35512561804845,"#f781bf"
8.8,4.6,9.35512561804845,"#f781bf"
8.6,4.6,9.35512561804845,"#f781bf"
8,4.6,1.13424442680489,"#AAAAAA"
8.2,4.2,1.13424442680489,"#AAAAAA"
8.4,4.2,1.13424442680489,"#AAAAAA"
9,1,1.13424442680489,"#f781bf"
8.8,1.4,1.13424442680489,"#f781bf"
8.6,1.4,1.13424442680489,"#f781bf"
8,4.6,0.389239023363905,"#4daf4a"
8.2,4.7,0.389239023363905,"#4daf4a"
8.4,4.7,0.389239023363905,"#4daf4a"
9,5.5,0.389239023363905,"#f781bf"
8.8,5.4,0.389239023363905,"#f781bf"
8.6,5.4,0.389239023363905,"#f781bf"
8,4.6,0.00573816742059811,"#a65628"
8.2,4.5,0.00573816742059811,"#a65628"
8.4,4.5,0.00573816742059811,"#a65628"
9,3.7,0.00573816742059811,"#f781bf"
8.8,3.8,0.00573816742059811,"#f781bf"
8.6,3.8,0.00573816742059811,"#f781bf"
8,1,0.214224917035663,"#ffd300"
8.2,1.6,0.214224917035663,"#ffd300"
8.4,1.6,0.214224917035663,"#ffd300"
9,6.4,0.214224917035663,"#AAAAAA"
8.8,5.8,0.214224917035663,"#AAAAAA"
8.6,5.8,0.214224917035663,"#AAAAAA"
8,1,0.497307843118503,"#f781bf"
8.2,1.4,0.497307843118503,"#f781bf"
8.4,1.4,0.497307843118503,"#f781bf"
9,4.6,0.497307843118503,"#AAAAAA"
8.8,4.2,0.497307843118503,"#AAAAAA"
8.6,4.2,0.497307843118503,"#AAAAAA"
8,1,81.2687088166942,"#AAAAAA"
8.2,1,81.2687088166942,"#AAAAAA"
8.4,1,81.2687088166942,"#AAAAAA"
9,1,81.2687088166942,"#AAAAAA"
8.8,1,81.2687088166942,"#AAAAAA"
8.6,1,81.2687088166942,"#AAAAAA"
8,1,0.868376002983847,"#4daf4a"
8.2,1.5,0.868376002983847,"#4daf4a"
8.4,1.5,0.868376002983847,"#4daf4a"
9,5.5,0.868376002983847,"#AAAAAA"
8.8,5,0.868376002983847,"#AAAAAA"
8.6,5,0.868376002983847,"#AAAAAA"
8,1,0.0535562292589157,"#a65628"
8.2,1.3,0.0535562292589157,"#a65628"
8.4,1.3,0.0535562292589157,"#a65628"
9,3.7,0.0535562292589157,"#AAAAAA"
8.8,3.4,0.0535562292589157,"#AAAAAA"
8.6,3.4,0.0535562292589157,"#AAAAAA"
8,5.5,0.426537111597793,"#ffd300"
8.2,5.6,0.426537111597793,"#ffd300"
8.4,5.6,0.426537111597793,"#ffd300"
9,6.4,0.426537111597793,"#4daf4a"
8.8,6.3,0.426537111597793,"#4daf4a"
8.6,6.3,0.426537111597793,"#4daf4a"
8,5.5,0.0124326960779626,"#e41a1c"
8.2,5.1,0.0124326960779626,"#e41a1c"
8.4,5.1,0.0124326960779626,"#e41a1c"
9,1.9,0.0124326960779626,"#4daf4a"
8.8,2.3,0.0124326960779626,"#4daf4a"
8.6,2.3,0.0124326960779626,"#4daf4a"
8,5.5,0.464791561068447,"#f781bf"
8.2,5.4,0.464791561068447,"#f781bf"
8.4,5.4,0.464791561068447,"#f781bf"
9,4.6,0.464791561068447,"#4daf4a"
8.8,4.7,0.464791561068447,"#4daf4a"
8.6,4.7,0.464791561068447,"#4daf4a"
8,5.5,0.843510610827922,"#AAAAAA"
8.2,5,0.843510610827922,"#AAAAAA"
8.4,5,0.843510610827922,"#AAAAAA"
9,1,0.843510610827922,"#4daf4a"
8.8,1.5,0.843510610827922,"#4daf4a"
8.6,1.5,0.843510610827922,"#4daf4a"
8,5.5,1.30543308818607,"#4daf4a"
8.2,5.5,1.30543308818607,"#4daf4a"
8.4,5.5,1.30543308818607,"#4daf4a"
9,5.5,1.30543308818607,"#4daf4a"
8.8,5.5,1.30543308818607,"#4daf4a"
8.6,5.5,1.30543308818607,"#4daf4a"
8,5.5,0.373937243575643,"#a65628"
8.2,5.3,0.373937243575643,"#a65628"
8.4,5.3,0.373937243575643,"#a65628"
9,3.7,0.373937243575643,"#4daf4a"
8.8,3.9,0.373937243575643,"#4daf4a"
8.6,3.9,0.373937243575643,"#4daf4a"
8,3.7,0.105199736044299,"#ffd300"
8.2,4,0.105199736044299,"#ffd300"
8.4,4,0.105199736044299,"#ffd300"
9,6.4,0.105199736044299,"#a65628"
8.8,6.1,0.105199736044299,"#a65628"
8.6,6.1,0.105199736044299,"#a65628"
8,3.7,0.0525998680221493,"#f781bf"
8.2,3.8,0.0525998680221493,"#f781bf"
8.4,3.8,0.0525998680221493,"#f781bf"
9,4.6,0.0525998680221493,"#a65628"
8.8,4.5,0.0525998680221493,"#a65628"
8.6,4.5,0.0525998680221493,"#a65628"
8,3.7,0.148235991698784,"#AAAAAA"
8.2,3.4,0.148235991698784,"#AAAAAA"
8.4,3.4,0.148235991698784,"#AAAAAA"
9,1,0.148235991698784,"#a65628"
8.8,1.3,0.148235991698784,"#a65628"
8.6,1.3,0.148235991698784,"#a65628"
8,3.7,0.570947658349512,"#4daf4a"
8.2,3.9,0.570947658349512,"#4daf4a"
8.4,3.9,0.570947658349512,"#4daf4a"
9,5.5,0.570947658349512,"#a65628"
8.8,5.3,0.570947658349512,"#a65628"
8.6,5.3,0.570947658349512,"#a65628"
8,3.7,0.051643506785383,"#a65628"
8.2,3.7,0.051643506785383,"#a65628"
8.4,3.7,0.051643506785383,"#a65628"
9,3.7,0.051643506785383,"#a65628"
8.8,3.7,0.051643506785383,"#a65628"
8.6,3.7,0.051643506785383,"#a65628"
9,6.4,0.156843242829682,"#ffd300"
9.2,6.4,0.156843242829682,"#ffd300"
9.4,6.4,0.156843242829682,"#ffd300"
10,6.4,0.156843242829682,"#ffd300"
9.8,6.4,0.156843242829682,"#ffd300"
9.6,6.4,0.156843242829682,"#ffd300"
9,6.4,0.2017922209577,"#f781bf"
9.2,6.2,0.2017922209577,"#f781bf"
9.4,6.2,0.2017922209577,"#f781bf"
10,4.6,0.2017922209577,"#ffd300"
9.8,4.8,0.2017922209577,"#ffd300"
9.6,4.8,0.2017922209577,"#ffd300"
9,6.4,0.0573816742059811,"#AAAAAA"
9.2,5.8,0.0573816742059811,"#AAAAAA"
9.4,5.8,0.0573816742059811,"#AAAAAA"
10,1,0.0573816742059811,"#ffd300"
9.8,1.6,0.0573816742059811,"#ffd300"
9.6,1.6,0.0573816742059811,"#ffd300"
9,6.4,1.30830217189637,"#4daf4a"
9.2,6.3,1.30830217189637,"#4daf4a"
9.4,6.3,1.30830217189637,"#4daf4a"
10,5.5,1.30830217189637,"#ffd300"
9.8,5.6,1.30830217189637,"#ffd300"
9.6,5.6,1.30830217189637,"#ffd300"
9,6.4,0.0277344758662242,"#a65628"
9.2,6.1,0.0277344758662242,"#a65628"
9.4,6.1,0.0277344758662242,"#a65628"
10,3.7,0.0277344758662242,"#ffd300"
9.8,4,0.0277344758662242,"#ffd300"
9.6,4,0.0277344758662242,"#ffd300"
9,1.9,0.0124326960779626,"#4daf4a"
9.2,2.3,0.0124326960779626,"#4daf4a"
9.4,2.3,0.0124326960779626,"#4daf4a"
10,5.5,0.0124326960779626,"#e41a1c"
9.8,5.1,0.0124326960779626,"#e41a1c"
9.6,5.1,0.0124326960779626,"#e41a1c"
9,4.6,0.0459053393647849,"#ffd300"
9.2,4.8,0.0459053393647849,"#ffd300"
9.4,4.8,0.0459053393647849,"#ffd300"
10,6.4,0.0459053393647849,"#f781bf"
9.8,6.2,0.0459053393647849,"#f781bf"
9.6,6.2,0.0459053393647849,"#f781bf"
9,4.6,0.00478180618383176,"#e41a1c"
9.2,4.3,0.00478180618383176,"#e41a1c"
9.4,4.3,0.00478180618383176,"#e41a1c"
10,1.9,0.00478180618383176,"#f781bf"
9.8,2.2,0.00478180618383176,"#f781bf"
9.6,2.2,0.00478180618383176,"#f781bf"
9,4.6,8.75357440012241,"#f781bf"
9.2,4.6,8.75357440012241,"#f781bf"
9.4,4.6,8.75357440012241,"#f781bf"
10,4.6,8.75357440012241,"#f781bf"
9.8,4.6,8.75357440012241,"#f781bf"
9.6,4.6,8.75357440012241,"#f781bf"
9,4.6,0.982182990159043,"#AAAAAA"
9.2,4.2,0.982182990159043,"#AAAAAA"
9.4,4.2,0.982182990159043,"#AAAAAA"
10,1,0.982182990159043,"#f781bf"
9.8,1.4,0.982182990159043,"#f781bf"
9.6,1.4,0.982182990159043,"#f781bf"
9,4.6,0.623547526371661,"#4daf4a"
9.2,4.7,0.623547526371661,"#4daf4a"
9.4,4.7,0.623547526371661,"#4daf4a"
10,5.5,0.623547526371661,"#f781bf"
9.8,5.4,0.623547526371661,"#f781bf"
9.6,5.4,0.623547526371661,"#f781bf"
9,4.6,0.0669452865736446,"#a65628"
9.2,4.5,0.0669452865736446,"#a65628"
9.4,4.5,0.0669452865736446,"#a65628"
10,3.7,0.0669452865736446,"#f781bf"
9.8,3.8,0.0669452865736446,"#f781bf"
9.6,3.8,0.0669452865736446,"#f781bf"
9,1,0.135803295620822,"#ffd300"
9.2,1.6,0.135803295620822,"#ffd300"
9.4,1.6,0.135803295620822,"#ffd300"
10,6.4,0.135803295620822,"#AAAAAA"
9.8,5.8,0.135803295620822,"#AAAAAA"
9.6,5.8,0.135803295620822,"#AAAAAA"
9,1,0.622591165134895,"#f781bf"
9.2,1.4,0.622591165134895,"#f781bf"
9.4,1.4,0.622591165134895,"#f781bf"
10,4.6,0.622591165134895,"#AAAAAA"
9.8,4.2,0.622591165134895,"#AAAAAA"
9.6,4.2,0.622591165134895,"#AAAAAA"
9,1,80.8909461281715,"#AAAAAA"
9.2,1,80.8909461281715,"#AAAAAA"
9.4,1,80.8909461281715,"#AAAAAA"
10,1,80.8909461281715,"#AAAAAA"
9.8,1,80.8909461281715,"#AAAAAA"
9.6,1,80.8909461281715,"#AAAAAA"
9,1,1.87351166282528,"#4daf4a"
9.2,1.5,1.87351166282528,"#4daf4a"
9.4,1.5,1.87351166282528,"#4daf4a"
10,5.5,1.87351166282528,"#AAAAAA"
9.8,5,1.87351166282528,"#AAAAAA"
9.6,5,1.87351166282528,"#AAAAAA"
9,1,0.0784216214148408,"#a65628"
9.2,1.3,0.0784216214148408,"#a65628"
9.4,1.3,0.0784216214148408,"#a65628"
10,3.7,0.0784216214148408,"#AAAAAA"
9.8,3.4,0.0784216214148408,"#AAAAAA"
9.6,3.4,0.0784216214148408,"#AAAAAA"
9,5.5,0.376806327285942,"#ffd300"
9.2,5.6,0.376806327285942,"#ffd300"
9.4,5.6,0.376806327285942,"#ffd300"
10,6.4,0.376806327285942,"#4daf4a"
9.8,6.3,0.376806327285942,"#4daf4a"
9.6,6.3,0.376806327285942,"#4daf4a"
9,5.5,0.000956361236766352,"#e41a1c"
9.2,5.1,0.000956361236766352,"#e41a1c"
9.4,5.1,0.000956361236766352,"#e41a1c"
10,1.9,0.000956361236766352,"#4daf4a"
9.8,2.3,0.000956361236766352,"#4daf4a"
9.6,2.3,0.000956361236766352,"#4daf4a"
9,5.5,0.145366907988485,"#f781bf"
9.2,5.4,0.145366907988485,"#f781bf"
9.4,5.4,0.145366907988485,"#f781bf"
10,4.6,0.145366907988485,"#4daf4a"
9.8,4.7,0.145366907988485,"#4daf4a"
9.6,4.7,0.145366907988485,"#4daf4a"
9,5.5,0.174057745091476,"#AAAAAA"
9.2,5,0.174057745091476,"#AAAAAA"
9.4,5,0.174057745091476,"#AAAAAA"
10,1,0.174057745091476,"#4daf4a"
9.8,1.5,0.174057745091476,"#4daf4a"
9.6,1.5,0.174057745091476,"#4daf4a"
9,5.5,2.87673460019318,"#4daf4a"
9.2,5.5,2.87673460019318,"#4daf4a"
9.4,5.5,2.87673460019318,"#4daf4a"
10,5.5,2.87673460019318,"#4daf4a"
9.8,5.5,2.87673460019318,"#4daf4a"
9.6,5.5,2.87673460019318,"#4daf4a"
9,5.5,0.067901647810411,"#a65628"
9.2,5.3,0.067901647810411,"#a65628"
9.4,5.3,0.067901647810411,"#a65628"
10,3.7,0.067901647810411,"#4daf4a"
9.8,3.9,0.067901647810411,"#4daf4a"
9.6,3.9,0.067901647810411,"#4daf4a"
9,3.7,0.139628740567887,"#ffd300"
9.2,4,0.139628740567887,"#ffd300"
9.4,4,0.139628740567887,"#ffd300"
10,6.4,0.139628740567887,"#a65628"
9.8,6.1,0.139628740567887,"#a65628"
9.6,6.1,0.139628740567887,"#a65628"
9,3.7,0.0411235331809531,"#f781bf"
9.2,3.8,0.0411235331809531,"#f781bf"
9.4,3.8,0.0411235331809531,"#f781bf"
10,4.6,0.0411235331809531,"#a65628"
9.8,4.5,0.0411235331809531,"#a65628"
9.6,4.5,0.0411235331809531,"#a65628"
9,3.7,0.0229526696823924,"#AAAAAA"
9.2,3.4,0.0229526696823924,"#AAAAAA"
9.4,3.4,0.0229526696823924,"#AAAAAA"
10,1,0.0229526696823924,"#a65628"
9.8,1.3,0.0229526696823924,"#a65628"
9.6,1.3,0.0229526696823924,"#a65628"
9,3.7,0.267781146294578,"#4daf4a"
9.2,3.9,0.267781146294578,"#4daf4a"
9.4,3.9,0.267781146294578,"#4daf4a"
10,5.5,0.267781146294578,"#a65628"
9.8,5.3,0.267781146294578,"#a65628"
9.6,5.3,0.267781146294578,"#a65628"
9,3.7,0.0439926168912522,"#a65628"
9.2,3.7,0.0439926168912522,"#a65628"
9.4,3.7,0.0439926168912522,"#a65628"
10,3.7,0.0439926168912522,"#a65628"
9.8,3.7,0.0439926168912522,"#a65628"
9.6,3.7,0.0439926168912522,"#a65628"
10,6.4,0.398802635731569,"#ffd300"
10.2,6.4,0.398802635731569,"#ffd300"
10.4,6.4,0.398802635731569,"#ffd300"
11,6.4,0.398802635731569,"#ffd300"
10.8,6.4,0.398802635731569,"#ffd300"
10.6,6.4,0.398802635731569,"#ffd300"
10,6.4,0.0564253129692147,"#f781bf"
10.2,6.2,0.0564253129692147,"#f781bf"
10.4,6.2,0.0564253129692147,"#f781bf"
11,4.6,0.0564253129692147,"#ffd300"
10.8,4.8,0.0564253129692147,"#ffd300"
10.6,4.8,0.0564253129692147,"#ffd300"
10,6.4,0.200835859720934,"#AAAAAA"
10.2,5.8,0.200835859720934,"#AAAAAA"
10.4,5.8,0.200835859720934,"#AAAAAA"
11,1,0.200835859720934,"#ffd300"
10.8,1.6,0.200835859720934,"#ffd300"
10.6,1.6,0.200835859720934,"#ffd300"
10,6.4,0.151105075409084,"#4daf4a"
10.2,6.3,0.151105075409084,"#4daf4a"
10.4,6.3,0.151105075409084,"#4daf4a"
11,5.5,0.151105075409084,"#ffd300"
10.8,5.6,0.151105075409084,"#ffd300"
10.6,5.6,0.151105075409084,"#ffd300"
10,6.4,0.0478180618383176,"#a65628"
10.2,6.1,0.0478180618383176,"#a65628"
10.4,6.1,0.0478180618383176,"#a65628"
11,3.7,0.0478180618383176,"#ffd300"
10.8,4,0.0478180618383176,"#ffd300"
10.6,4,0.0478180618383176,"#ffd300"
10,1.9,0.000956361236766352,"#ffd300"
10.2,2.4,0.000956361236766352,"#ffd300"
10.4,2.4,0.000956361236766352,"#ffd300"
11,6.4,0.000956361236766352,"#e41a1c"
10.8,5.9,0.000956361236766352,"#e41a1c"
10.6,5.9,0.000956361236766352,"#e41a1c"
10,1.9,0.00382544494706541,"#f781bf"
10.2,2.2,0.00382544494706541,"#f781bf"
10.4,2.2,0.00382544494706541,"#f781bf"
11,4.6,0.00382544494706541,"#e41a1c"
10.8,4.3,0.00382544494706541,"#e41a1c"
10.6,4.3,0.00382544494706541,"#e41a1c"
10,1.9,0.00286908371029905,"#AAAAAA"
10.2,1.8,0.00286908371029905,"#AAAAAA"
10.4,1.8,0.00286908371029905,"#AAAAAA"
11,1,0.00286908371029905,"#e41a1c"
10.8,1.1,0.00286908371029905,"#e41a1c"
10.6,1.1,0.00286908371029905,"#e41a1c"
10,4.6,0.461922477358148,"#ffd300"
10.2,4.8,0.461922477358148,"#ffd300"
10.4,4.8,0.461922477358148,"#ffd300"
11,6.4,0.461922477358148,"#f781bf"
10.8,6.2,0.461922477358148,"#f781bf"
10.6,6.2,0.461922477358148,"#f781bf"
10,4.6,0.0019127224735327,"#e41a1c"
10.2,4.3,0.0019127224735327,"#e41a1c"
10.4,4.3,0.0019127224735327,"#e41a1c"
11,1.9,0.0019127224735327,"#f781bf"
10.8,2.2,0.0019127224735327,"#f781bf"
10.6,2.2,0.0019127224735327,"#f781bf"
10,4.6,9.48040894006484,"#f781bf"
10.2,4.6,9.48040894006484,"#f781bf"
10.4,4.6,9.48040894006484,"#f781bf"
11,4.6,9.48040894006484,"#f781bf"
10.8,4.6,9.48040894006484,"#f781bf"
10.6,4.6,9.48040894006484,"#f781bf"
10,4.6,0.895154117613305,"#AAAAAA"
10.2,4.2,0.895154117613305,"#AAAAAA"
10.4,4.2,0.895154117613305,"#AAAAAA"
11,1,0.895154117613305,"#f781bf"
10.8,1.4,0.895154117613305,"#f781bf"
10.6,1.4,0.895154117613305,"#f781bf"
10,4.6,0.469573367252279,"#4daf4a"
10.2,4.7,0.469573367252279,"#4daf4a"
10.4,4.7,0.469573367252279,"#4daf4a"
11,5.5,0.469573367252279,"#f781bf"
10.8,5.4,0.469573367252279,"#f781bf"
10.6,5.4,0.469573367252279,"#f781bf"
10,4.6,0.171188661381177,"#a65628"
10.2,4.5,0.171188661381177,"#a65628"
10.4,4.5,0.171188661381177,"#a65628"
11,3.7,0.171188661381177,"#f781bf"
10.8,3.8,0.171188661381177,"#f781bf"
10.6,3.8,0.171188661381177,"#f781bf"
10,1,0.0650325641001119,"#ffd300"
10.2,1.6,0.0650325641001119,"#ffd300"
10.4,1.6,0.0650325641001119,"#ffd300"
11,6.4,0.0650325641001119,"#AAAAAA"
10.8,5.8,0.0650325641001119,"#AAAAAA"
10.6,5.8,0.0650325641001119,"#AAAAAA"
10,1,0.0019127224735327,"#e41a1c"
10.2,1.1,0.0019127224735327,"#e41a1c"
10.4,1.1,0.0019127224735327,"#e41a1c"
11,1.9,0.0019127224735327,"#AAAAAA"
10.8,1.8,0.0019127224735327,"#AAAAAA"
10.6,1.8,0.0019127224735327,"#AAAAAA"
10,1,0.328988265447625,"#f781bf"
10.2,1.4,0.328988265447625,"#f781bf"
10.4,1.4,0.328988265447625,"#f781bf"
11,4.6,0.328988265447625,"#AAAAAA"
10.8,4.2,0.328988265447625,"#AAAAAA"
10.6,4.2,0.328988265447625,"#AAAAAA"
10,1,79.4458842994176,"#AAAAAA"
10.2,1,79.4458842994176,"#AAAAAA"
10.4,1,79.4458842994176,"#AAAAAA"
11,1,79.4458842994176,"#AAAAAA"
10.8,1,79.4458842994176,"#AAAAAA"
10.6,1,79.4458842994176,"#AAAAAA"
10,1,0.529824125168559,"#4daf4a"
10.2,1.5,0.529824125168559,"#4daf4a"
10.4,1.5,0.529824125168559,"#4daf4a"
11,5.5,0.529824125168559,"#AAAAAA"
10.8,5,0.529824125168559,"#AAAAAA"
10.6,5,0.529824125168559,"#AAAAAA"
10,1,0.0382544494706541,"#a65628"
10.2,1.3,0.0382544494706541,"#a65628"
10.4,1.3,0.0382544494706541,"#a65628"
11,3.7,0.0382544494706541,"#AAAAAA"
10.8,3.4,0.0382544494706541,"#AAAAAA"
10.6,3.4,0.0382544494706541,"#AAAAAA"
10,5.5,0.931495844610426,"#ffd300"
10.2,5.6,0.931495844610426,"#ffd300"
10.4,5.6,0.931495844610426,"#ffd300"
11,6.4,0.931495844610426,"#4daf4a"
10.8,6.3,0.931495844610426,"#4daf4a"
10.6,6.3,0.931495844610426,"#4daf4a"
10,5.5,0.376806327285942,"#f781bf"
10.2,5.4,0.376806327285942,"#f781bf"
10.4,5.4,0.376806327285942,"#f781bf"
11,4.6,0.376806327285942,"#4daf4a"
10.8,4.7,0.376806327285942,"#4daf4a"
10.6,4.7,0.376806327285942,"#4daf4a"
10,5.5,1.51105075409084,"#AAAAAA"
10.2,5,1.51105075409084,"#AAAAAA"
10.4,5,1.51105075409084,"#AAAAAA"
11,1,1.51105075409084,"#4daf4a"
10.8,1.5,1.51105075409084,"#4daf4a"
10.6,1.5,1.51105075409084,"#4daf4a"
10,5.5,1.42880368772893,"#4daf4a"
10.2,5.5,1.42880368772893,"#4daf4a"
10.4,5.5,1.42880368772893,"#4daf4a"
11,5.5,1.42880368772893,"#4daf4a"
10.8,5.5,1.42880368772893,"#4daf4a"
10.6,5.5,1.42880368772893,"#4daf4a"
10,5.5,2.7141531899429,"#a65628"
10.2,5.3,2.7141531899429,"#a65628"
10.4,5.3,2.7141531899429,"#a65628"
11,3.7,2.7141531899429,"#4daf4a"
10.8,3.9,2.7141531899429,"#4daf4a"
10.6,3.9,2.7141531899429,"#4daf4a"
10,3.7,0.0210399472088597,"#ffd300"
10.2,4,0.0210399472088597,"#ffd300"
10.4,4,0.0210399472088597,"#ffd300"
11,6.4,0.0210399472088597,"#a65628"
10.8,6.1,0.0210399472088597,"#a65628"
10.6,6.1,0.0210399472088597,"#a65628"
10,3.7,0.0401671719441868,"#f781bf"
10.2,3.8,0.0401671719441868,"#f781bf"
10.4,3.8,0.0401671719441868,"#f781bf"
11,4.6,0.0401671719441868,"#a65628"
10.8,4.5,0.0401671719441868,"#a65628"
10.6,4.5,0.0401671719441868,"#a65628"
10,3.7,0.054512590495682,"#AAAAAA"
10.2,3.4,0.054512590495682,"#AAAAAA"
10.4,3.4,0.054512590495682,"#AAAAAA"
11,1,0.054512590495682,"#a65628"
10.8,1.3,0.054512590495682,"#a65628"
10.6,1.3,0.054512590495682,"#a65628"
10,3.7,0.0994615686237005,"#4daf4a"
10.2,3.9,0.0994615686237005,"#4daf4a"
10.4,3.9,0.0994615686237005,"#4daf4a"
11,5.5,0.0994615686237005,"#a65628"
10.8,5.3,0.0994615686237005,"#a65628"
10.6,5.3,0.0994615686237005,"#a65628"
10,3.7,0.0698143702839436,"#a65628"
10.2,3.7,0.0698143702839436,"#a65628"
10.4,3.7,0.0698143702839436,"#a65628"
11,3.7,0.0698143702839436,"#a65628"
10.8,3.7,0.0698143702839436,"#a65628"
10.6,3.7,0.0698143702839436,"#a65628"
11,6.4,0.593900328031904,"#ffd300"
11.2,6.4,0.593900328031904,"#ffd300"
11.4,6.4,0.593900328031904,"#ffd300"
12,6.4,0.593900328031904,"#ffd300"
11.8,6.4,0.593900328031904,"#ffd300"
11.6,6.4,0.593900328031904,"#ffd300"
11,6.4,0.0124326960779626,"#e41a1c"
11.2,5.9,0.0124326960779626,"#e41a1c"
11.4,5.9,0.0124326960779626,"#e41a1c"
12,1.9,0.0124326960779626,"#ffd300"
11.8,2.4,0.0124326960779626,"#ffd300"
11.6,2.4,0.0124326960779626,"#ffd300"
11,6.4,0.132934211910523,"#f781bf"
11.2,6.2,0.132934211910523,"#f781bf"
11.4,6.2,0.132934211910523,"#f781bf"
12,4.6,0.132934211910523,"#ffd300"
11.8,4.8,0.132934211910523,"#ffd300"
11.6,4.8,0.132934211910523,"#ffd300"
11,6.4,0.2017922209577,"#AAAAAA"
11.2,5.8,0.2017922209577,"#AAAAAA"
11.4,5.8,0.2017922209577,"#AAAAAA"
12,1,0.2017922209577,"#ffd300"
11.8,1.6,0.2017922209577,"#ffd300"
11.6,1.6,0.2017922209577,"#ffd300"
11,6.4,0.890372311429473,"#4daf4a"
11.2,6.3,0.890372311429473,"#4daf4a"
11.4,6.3,0.890372311429473,"#4daf4a"
12,5.5,0.890372311429473,"#ffd300"
11.8,5.6,0.890372311429473,"#ffd300"
11.6,5.6,0.890372311429473,"#ffd300"
11,6.4,0.0478180618383176,"#a65628"
11.2,6.1,0.0478180618383176,"#a65628"
11.4,6.1,0.0478180618383176,"#a65628"
12,3.7,0.0478180618383176,"#ffd300"
11.8,4,0.0478180618383176,"#ffd300"
11.6,4,0.0478180618383176,"#ffd300"
11,1.9,0.0019127224735327,"#f781bf"
11.2,2.2,0.0019127224735327,"#f781bf"
11.4,2.2,0.0019127224735327,"#f781bf"
12,4.6,0.0019127224735327,"#e41a1c"
11.8,4.3,0.0019127224735327,"#e41a1c"
11.6,4.3,0.0019127224735327,"#e41a1c"
11,1.9,0.0019127224735327,"#AAAAAA"
11.2,1.8,0.0019127224735327,"#AAAAAA"
11.4,1.8,0.0019127224735327,"#AAAAAA"
12,1,0.0019127224735327,"#e41a1c"
11.8,1.1,0.0019127224735327,"#e41a1c"
11.6,1.1,0.0019127224735327,"#e41a1c"
11,4.6,0.0449489781280185,"#ffd300"
11.2,4.8,0.0449489781280185,"#ffd300"
11.4,4.8,0.0449489781280185,"#ffd300"
12,6.4,0.0449489781280185,"#f781bf"
11.8,6.2,0.0449489781280185,"#f781bf"
11.6,6.2,0.0449489781280185,"#f781bf"
11,4.6,0.0019127224735327,"#e41a1c"
11.2,4.3,0.0019127224735327,"#e41a1c"
11.4,4.3,0.0019127224735327,"#e41a1c"
12,1.9,0.0019127224735327,"#f781bf"
11.8,2.2,0.0019127224735327,"#f781bf"
11.6,2.2,0.0019127224735327,"#f781bf"
11,4.6,7.68627525989117,"#f781bf"
11.2,4.6,7.68627525989117,"#f781bf"
11.4,4.6,7.68627525989117,"#f781bf"
12,4.6,7.68627525989117,"#f781bf"
11.8,4.6,7.68627525989117,"#f781bf"
11.6,4.6,7.68627525989117,"#f781bf"
11,4.6,2.47410651951455,"#AAAAAA"
11.2,4.2,2.47410651951455,"#AAAAAA"
11.4,4.2,2.47410651951455,"#AAAAAA"
12,1,2.47410651951455,"#f781bf"
11.8,1.4,2.47410651951455,"#f781bf"
11.6,1.4,2.47410651951455,"#f781bf"
11,4.6,0.151105075409084,"#4daf4a"
11.2,4.7,0.151105075409084,"#4daf4a"
11.4,4.7,0.151105075409084,"#4daf4a"
12,5.5,0.151105075409084,"#f781bf"
11.8,5.4,0.151105075409084,"#f781bf"
11.6,5.4,0.151105075409084,"#f781bf"
11,4.6,0.00956361236766351,"#a65628"
11.2,4.5,0.00956361236766351,"#a65628"
11.4,4.5,0.00956361236766351,"#a65628"
12,3.7,0.00956361236766351,"#f781bf"
11.8,3.8,0.00956361236766351,"#f781bf"
11.6,3.8,0.00956361236766351,"#f781bf"
11,1,0.216137639509195,"#ffd300"
11.2,1.6,0.216137639509195,"#ffd300"
11.4,1.6,0.216137639509195,"#ffd300"
12,6.4,0.216137639509195,"#AAAAAA"
11.8,5.8,0.216137639509195,"#AAAAAA"
11.6,5.8,0.216137639509195,"#AAAAAA"
11,1,0.00669452865736446,"#e41a1c"
11.2,1.1,0.00669452865736446,"#e41a1c"
11.4,1.1,0.00669452865736446,"#e41a1c"
12,1.9,0.00669452865736446,"#AAAAAA"
11.8,1.8,0.00669452865736446,"#AAAAAA"
11.6,1.8,0.00669452865736446,"#AAAAAA"
11,1,1.09407725486071,"#f781bf"
11.2,1.4,1.09407725486071,"#f781bf"
11.4,1.4,1.09407725486071,"#f781bf"
12,4.6,1.09407725486071,"#AAAAAA"
11.8,4.2,1.09407725486071,"#AAAAAA"
11.6,4.2,1.09407725486071,"#AAAAAA"
11,1,79.8418178514388,"#AAAAAA"
11.2,1,79.8418178514388,"#AAAAAA"
11.4,1,79.8418178514388,"#AAAAAA"
12,1,79.8418178514388,"#AAAAAA"
11.8,1,79.8418178514388,"#AAAAAA"
11.6,1,79.8418178514388,"#AAAAAA"
11,1,0.780390769201343,"#4daf4a"
11.2,1.5,0.780390769201343,"#4daf4a"
11.4,1.5,0.780390769201343,"#4daf4a"
12,5.5,0.780390769201343,"#AAAAAA"
11.8,5,0.780390769201343,"#AAAAAA"
11.6,5,0.780390769201343,"#AAAAAA"
11,1,0.089897956256037,"#a65628"
11.2,1.3,0.089897956256037,"#a65628"
11.4,1.3,0.089897956256037,"#a65628"
12,3.7,0.089897956256037,"#AAAAAA"
11.8,3.4,0.089897956256037,"#AAAAAA"
11.6,3.4,0.089897956256037,"#AAAAAA"
11,5.5,0.53460593135239,"#ffd300"
11.2,5.6,0.53460593135239,"#ffd300"
11.4,5.6,0.53460593135239,"#ffd300"
12,6.4,0.53460593135239,"#4daf4a"
11.8,6.3,0.53460593135239,"#4daf4a"
11.6,6.3,0.53460593135239,"#4daf4a"
11,5.5,0.000956361236766352,"#e41a1c"
11.2,5.1,0.000956361236766352,"#e41a1c"
11.4,5.1,0.000956361236766352,"#e41a1c"
12,1.9,0.000956361236766352,"#4daf4a"
11.8,2.3,0.000956361236766352,"#4daf4a"
11.6,2.3,0.000956361236766352,"#4daf4a"
11,5.5,0.32516282050056,"#f781bf"
11.2,5.4,0.32516282050056,"#f781bf"
11.4,5.4,0.32516282050056,"#f781bf"
12,4.6,0.32516282050056,"#4daf4a"
11.8,4.7,0.32516282050056,"#4daf4a"
11.6,4.7,0.32516282050056,"#4daf4a"
11,5.5,0.380631772233008,"#AAAAAA"
11.2,5,0.380631772233008,"#AAAAAA"
11.4,5,0.380631772233008,"#AAAAAA"
12,1,0.380631772233008,"#4daf4a"
11.8,1.5,0.380631772233008,"#4daf4a"
11.6,1.5,0.380631772233008,"#4daf4a"
11,5.5,1.14093895546226,"#4daf4a"
11.2,5.5,1.14093895546226,"#4daf4a"
11.4,5.5,1.14093895546226,"#4daf4a"
12,5.5,1.14093895546226,"#4daf4a"
11.8,5.5,1.14093895546226,"#4daf4a"
11.6,5.5,1.14093895546226,"#4daf4a"
11,5.5,0.296471983397569,"#a65628"
11.2,5.3,0.296471983397569,"#a65628"
11.4,5.3,0.296471983397569,"#a65628"
12,3.7,0.296471983397569,"#4daf4a"
11.8,3.9,0.296471983397569,"#4daf4a"
11.6,3.9,0.296471983397569,"#4daf4a"
11,3.7,0.0210399472088597,"#ffd300"
11.2,4,0.0210399472088597,"#ffd300"
11.4,4,0.0210399472088597,"#ffd300"
12,6.4,0.0210399472088597,"#a65628"
11.8,6.1,0.0210399472088597,"#a65628"
11.6,6.1,0.0210399472088597,"#a65628"
11,3.7,0.0105199736044299,"#e41a1c"
11.2,3.5,0.0105199736044299,"#e41a1c"
11.4,3.5,0.0105199736044299,"#e41a1c"
12,1.9,0.0105199736044299,"#a65628"
11.8,2.1,0.0105199736044299,"#a65628"
11.6,2.1,0.0105199736044299,"#a65628"
11,3.7,0.315599208132896,"#f781bf"
11.2,3.8,0.315599208132896,"#f781bf"
11.4,3.8,0.315599208132896,"#f781bf"
12,4.6,0.315599208132896,"#a65628"
11.8,4.5,0.315599208132896,"#a65628"
11.6,4.5,0.315599208132896,"#a65628"
11,3.7,0.260130256400448,"#AAAAAA"
11.2,3.4,0.260130256400448,"#AAAAAA"
11.4,3.4,0.260130256400448,"#AAAAAA"
12,1,0.260130256400448,"#a65628"
11.8,1.3,0.260130256400448,"#a65628"
11.6,1.3,0.260130256400448,"#a65628"
11,3.7,2.27709610474068,"#4daf4a"
11.2,3.9,2.27709610474068,"#4daf4a"
11.4,3.9,2.27709610474068,"#4daf4a"
12,5.5,2.27709610474068,"#a65628"
11.8,5.3,2.27709610474068,"#a65628"
11.6,5.3,2.27709610474068,"#a65628"
11,3.7,0.156843242829682,"#a65628"
11.2,3.7,0.156843242829682,"#a65628"
11.4,3.7,0.156843242829682,"#a65628"
12,3.7,0.156843242829682,"#a65628"
11.8,3.7,0.156843242829682,"#a65628"
11.6,3.7,0.156843242829682,"#a65628"
12,6.4,0.415060776756597,"#ffd300"
12.2,6.4,0.415060776756597,"#ffd300"
12.4,6.4,0.415060776756597,"#ffd300"
13,6.4,0.415060776756597,"#ffd300"
12.8,6.4,0.415060776756597,"#ffd300"
12.6,6.4,0.415060776756597,"#ffd300"
12,6.4,0.0019127224735327,"#e41a1c"
12.2,5.9,0.0019127224735327,"#e41a1c"
12.4,5.9,0.0019127224735327,"#e41a1c"
13,1.9,0.0019127224735327,"#ffd300"
12.8,2.4,0.0019127224735327,"#ffd300"
12.6,2.4,0.0019127224735327,"#ffd300"
12,6.4,0.158755965303214,"#f781bf"
12.2,6.2,0.158755965303214,"#f781bf"
12.4,6.2,0.158755965303214,"#f781bf"
13,4.6,0.158755965303214,"#ffd300"
12.8,4.8,0.158755965303214,"#ffd300"
12.6,4.8,0.158755965303214,"#ffd300"
12,6.4,0.114763348411962,"#AAAAAA"
12.2,5.8,0.114763348411962,"#AAAAAA"
12.4,5.8,0.114763348411962,"#AAAAAA"
13,1,0.114763348411962,"#ffd300"
12.8,1.6,0.114763348411962,"#ffd300"
12.6,1.6,0.114763348411962,"#ffd300"
12,6.4,0.712489121390932,"#4daf4a"
12.2,6.3,0.712489121390932,"#4daf4a"
12.4,6.3,0.712489121390932,"#4daf4a"
13,5.5,0.712489121390932,"#ffd300"
12.8,5.6,0.712489121390932,"#ffd300"
12.6,5.6,0.712489121390932,"#ffd300"
12,6.4,0.00765088989413081,"#a65628"
12.2,6.1,0.00765088989413081,"#a65628"
12.4,6.1,0.00765088989413081,"#a65628"
13,3.7,0.00765088989413081,"#ffd300"
12.8,4,0.00765088989413081,"#ffd300"
12.6,4,0.00765088989413081,"#ffd300"
12,1.9,0.00860725113089716,"#ffd300"
12.2,2.4,0.00860725113089716,"#ffd300"
12.4,2.4,0.00860725113089716,"#ffd300"
13,6.4,0.00860725113089716,"#e41a1c"
12.8,5.9,0.00860725113089716,"#e41a1c"
12.6,5.9,0.00860725113089716,"#e41a1c"
12,1.9,0.00382544494706541,"#f781bf"
12.2,2.2,0.00382544494706541,"#f781bf"
12.4,2.2,0.00382544494706541,"#f781bf"
13,4.6,0.00382544494706541,"#e41a1c"
12.8,4.3,0.00382544494706541,"#e41a1c"
12.6,4.3,0.00382544494706541,"#e41a1c"
12,1.9,0.00860725113089716,"#AAAAAA"
12.2,1.8,0.00860725113089716,"#AAAAAA"
12.4,1.8,0.00860725113089716,"#AAAAAA"
13,1,0.00860725113089716,"#e41a1c"
12.8,1.1,0.00860725113089716,"#e41a1c"
12.6,1.1,0.00860725113089716,"#e41a1c"
12,1.9,0.0114763348411962,"#4daf4a"
12.2,2.3,0.0114763348411962,"#4daf4a"
12.4,2.3,0.0114763348411962,"#4daf4a"
13,5.5,0.0114763348411962,"#e41a1c"
12.8,5.1,0.0114763348411962,"#e41a1c"
12.6,5.1,0.0114763348411962,"#e41a1c"
12,4.6,0.214224917035663,"#ffd300"
12.2,4.8,0.214224917035663,"#ffd300"
12.4,4.8,0.214224917035663,"#ffd300"
13,6.4,0.214224917035663,"#f781bf"
12.8,6.2,0.214224917035663,"#f781bf"
12.6,6.2,0.214224917035663,"#f781bf"
12,4.6,0.000956361236766352,"#e41a1c"
12.2,4.3,0.000956361236766352,"#e41a1c"
12.4,4.3,0.000956361236766352,"#e41a1c"
13,1.9,0.000956361236766352,"#f781bf"
12.8,2.2,0.000956361236766352,"#f781bf"
12.6,2.2,0.000956361236766352,"#f781bf"
12,4.6,7.54855924179681,"#f781bf"
12.2,4.6,7.54855924179681,"#f781bf"
12.4,4.6,7.54855924179681,"#f781bf"
13,4.6,7.54855924179681,"#f781bf"
12.8,4.6,7.54855924179681,"#f781bf"
12.6,4.6,7.54855924179681,"#f781bf"
12,4.6,1.17058615380201,"#AAAAAA"
12.2,4.2,1.17058615380201,"#AAAAAA"
12.4,4.2,1.17058615380201,"#AAAAAA"
13,1,1.17058615380201,"#f781bf"
12.8,1.4,1.17058615380201,"#f781bf"
12.6,1.4,1.17058615380201,"#f781bf"
12,4.6,0.160668687776747,"#4daf4a"
12.2,4.7,0.160668687776747,"#4daf4a"
12.4,4.7,0.160668687776747,"#4daf4a"
13,5.5,0.160668687776747,"#f781bf"
12.8,5.4,0.160668687776747,"#f781bf"
12.6,5.4,0.160668687776747,"#f781bf"
12,4.6,0.00765088989413081,"#a65628"
12.2,4.5,0.00765088989413081,"#a65628"
12.4,4.5,0.00765088989413081,"#a65628"
13,3.7,0.00765088989413081,"#f781bf"
12.8,3.8,0.00765088989413081,"#f781bf"
12.6,3.8,0.00765088989413081,"#f781bf"
12,1,0.851161500722053,"#ffd300"
12.2,1.6,0.851161500722053,"#ffd300"
12.4,1.6,0.851161500722053,"#ffd300"
13,6.4,0.851161500722053,"#AAAAAA"
12.8,5.8,0.851161500722053,"#AAAAAA"
12.6,5.8,0.851161500722053,"#AAAAAA"
12,1,0.0105199736044299,"#e41a1c"
12.2,1.1,0.0105199736044299,"#e41a1c"
12.4,1.1,0.0105199736044299,"#e41a1c"
13,1.9,0.0105199736044299,"#AAAAAA"
12.8,1.8,0.0105199736044299,"#AAAAAA"
12.6,1.8,0.0105199736044299,"#AAAAAA"
12,1,0.663714698315848,"#f781bf"
12.2,1.4,0.663714698315848,"#f781bf"
12.4,1.4,0.663714698315848,"#f781bf"
13,4.6,0.663714698315848,"#AAAAAA"
12.8,4.2,0.663714698315848,"#AAAAAA"
12.6,4.2,0.663714698315848,"#AAAAAA"
12,1,81.3260904909002,"#AAAAAA"
12.2,1,81.3260904909002,"#AAAAAA"
12.4,1,81.3260904909002,"#AAAAAA"
13,1,81.3260904909002,"#AAAAAA"
12.8,1,81.3260904909002,"#AAAAAA"
12.6,1,81.3260904909002,"#AAAAAA"
12,1,0.702925509023268,"#4daf4a"
12.2,1.5,0.702925509023268,"#4daf4a"
12.4,1.5,0.702925509023268,"#4daf4a"
13,5.5,0.702925509023268,"#AAAAAA"
12.8,5,0.702925509023268,"#AAAAAA"
12.6,5,0.702925509023268,"#AAAAAA"
12,1,0.0592943966795138,"#a65628"
12.2,1.3,0.0592943966795138,"#a65628"
12.4,1.3,0.0592943966795138,"#a65628"
13,3.7,0.0592943966795138,"#AAAAAA"
12.8,3.4,0.0592943966795138,"#AAAAAA"
12.6,3.4,0.0592943966795138,"#AAAAAA"
12,5.5,0.750743570861586,"#ffd300"
12.2,5.6,0.750743570861586,"#ffd300"
12.4,5.6,0.750743570861586,"#ffd300"
13,6.4,0.750743570861586,"#4daf4a"
12.8,6.3,0.750743570861586,"#4daf4a"
12.6,6.3,0.750743570861586,"#4daf4a"
12,5.5,0.0019127224735327,"#e41a1c"
12.2,5.1,0.0019127224735327,"#e41a1c"
12.4,5.1,0.0019127224735327,"#e41a1c"
13,1.9,0.0019127224735327,"#4daf4a"
12.8,2.3,0.0019127224735327,"#4daf4a"
12.6,2.3,0.0019127224735327,"#4daf4a"
12,5.5,0.396889913258036,"#f781bf"
12.2,5.4,0.396889913258036,"#f781bf"
12.4,5.4,0.396889913258036,"#f781bf"
13,4.6,0.396889913258036,"#4daf4a"
12.8,4.7,0.396889913258036,"#4daf4a"
12.6,4.7,0.396889913258036,"#4daf4a"
12,5.5,1.59903598787334,"#AAAAAA"
12.2,5,1.59903598787334,"#AAAAAA"
12.4,5,1.59903598787334,"#AAAAAA"
13,1,1.59903598787334,"#4daf4a"
12.8,1.5,1.59903598787334,"#4daf4a"
12.6,1.5,1.59903598787334,"#4daf4a"
12,5.5,1.35038206631409,"#4daf4a"
12.2,5.5,1.35038206631409,"#4daf4a"
12.4,5.5,1.35038206631409,"#4daf4a"
13,5.5,1.35038206631409,"#4daf4a"
12.8,5.5,1.35038206631409,"#4daf4a"
12.6,5.5,1.35038206631409,"#4daf4a"
12,5.5,1.13998259422549,"#a65628"
12.2,5.3,1.13998259422549,"#a65628"
12.4,5.3,1.13998259422549,"#a65628"
13,3.7,1.13998259422549,"#4daf4a"
12.8,3.9,1.13998259422549,"#4daf4a"
12.6,3.9,1.13998259422549,"#4daf4a"
12,5.5,0.000956361236766352,"#377eb8"
12.2,5.2,0.000956361236766352,"#377eb8"
12.4,5.2,0.000956361236766352,"#377eb8"
13,2.8,0.000956361236766352,"#4daf4a"
12.8,3.1,0.000956361236766352,"#4daf4a"
12.6,3.1,0.000956361236766352,"#4daf4a"
12,3.7,0.0478180618383176,"#ffd300"
12.2,4,0.0478180618383176,"#ffd300"
12.4,4,0.0478180618383176,"#ffd300"
13,6.4,0.0478180618383176,"#a65628"
12.8,6.1,0.0478180618383176,"#a65628"
12.6,6.1,0.0478180618383176,"#a65628"
12,3.7,0.0019127224735327,"#e41a1c"
12.2,3.5,0.0019127224735327,"#e41a1c"
12.4,3.5,0.0019127224735327,"#e41a1c"
13,1.9,0.0019127224735327,"#a65628"
12.8,2.1,0.0019127224735327,"#a65628"
12.6,2.1,0.0019127224735327,"#a65628"
12,3.7,0.0172145022617943,"#f781bf"
12.2,3.8,0.0172145022617943,"#f781bf"
12.4,3.8,0.0172145022617943,"#f781bf"
13,4.6,0.0172145022617943,"#a65628"
12.8,4.5,0.0172145022617943,"#a65628"
12.6,4.5,0.0172145022617943,"#a65628"
12,3.7,0.267781146294578,"#AAAAAA"
12.2,3.4,0.267781146294578,"#AAAAAA"
12.4,3.4,0.267781146294578,"#AAAAAA"
13,1,0.267781146294578,"#a65628"
12.8,1.3,0.267781146294578,"#a65628"
12.6,1.3,0.267781146294578,"#a65628"
12,3.7,0.197966776010635,"#4daf4a"
12.2,3.9,0.197966776010635,"#4daf4a"
12.4,3.9,0.197966776010635,"#4daf4a"
13,5.5,0.197966776010635,"#a65628"
12.8,5.3,0.197966776010635,"#a65628"
12.6,5.3,0.197966776010635,"#a65628"
12,3.7,0.067901647810411,"#a65628"
12.2,3.7,0.067901647810411,"#a65628"
12.4,3.7,0.067901647810411,"#a65628"
13,3.7,0.067901647810411,"#a65628"
12.8,3.7,0.067901647810411,"#a65628"
12.6,3.7,0.067901647810411,"#a65628"
13,6.4,1.53209070129969,"#ffd300"
13.2,6.4,1.53209070129969,"#ffd300"
13.4,6.4,1.53209070129969,"#ffd300"
14,6.4,1.53209070129969,"#ffd300"
13.8,6.4,1.53209070129969,"#ffd300"
13.6,6.4,1.53209070129969,"#ffd300"
13,6.4,0.0200835859720934,"#e41a1c"
13.2,5.9,0.0200835859720934,"#e41a1c"
13.4,5.9,0.0200835859720934,"#e41a1c"
14,1.9,0.0200835859720934,"#ffd300"
13.8,2.4,0.0200835859720934,"#ffd300"
13.6,2.4,0.0200835859720934,"#ffd300"
13,6.4,0.144410546751719,"#f781bf"
13.2,6.2,0.144410546751719,"#f781bf"
13.4,6.2,0.144410546751719,"#f781bf"
14,4.6,0.144410546751719,"#ffd300"
13.8,4.8,0.144410546751719,"#ffd300"
13.6,4.8,0.144410546751719,"#ffd300"
13,6.4,0.159712326539981,"#AAAAAA"
13.2,5.8,0.159712326539981,"#AAAAAA"
13.4,5.8,0.159712326539981,"#AAAAAA"
14,1,0.159712326539981,"#ffd300"
13.8,1.6,0.159712326539981,"#ffd300"
13.6,1.6,0.159712326539981,"#ffd300"
13,6.4,0.416973499230129,"#4daf4a"
13.2,6.3,0.416973499230129,"#4daf4a"
13.4,6.3,0.416973499230129,"#4daf4a"
14,5.5,0.416973499230129,"#ffd300"
13.8,5.6,0.416973499230129,"#ffd300"
13.6,5.6,0.416973499230129,"#ffd300"
13,6.4,0.0124326960779626,"#a65628"
13.2,6.1,0.0124326960779626,"#a65628"
13.4,6.1,0.0124326960779626,"#a65628"
14,3.7,0.0124326960779626,"#ffd300"
13.8,4,0.0124326960779626,"#ffd300"
13.6,4,0.0124326960779626,"#ffd300"
13,6.4,0.0019127224735327,"#377eb8"
13.2,6,0.0019127224735327,"#377eb8"
13.4,6,0.0019127224735327,"#377eb8"
14,2.8,0.0019127224735327,"#ffd300"
13.8,3.2,0.0019127224735327,"#ffd300"
13.6,3.2,0.0019127224735327,"#ffd300"
13,1.9,0.000956361236766352,"#ffd300"
13.2,2.4,0.000956361236766352,"#ffd300"
13.4,2.4,0.000956361236766352,"#ffd300"
14,6.4,0.000956361236766352,"#e41a1c"
13.8,5.9,0.000956361236766352,"#e41a1c"
13.6,5.9,0.000956361236766352,"#e41a1c"
13,1.9,0.00286908371029905,"#e41a1c"
13.2,1.9,0.00286908371029905,"#e41a1c"
13.4,1.9,0.00286908371029905,"#e41a1c"
14,1.9,0.00286908371029905,"#e41a1c"
13.8,1.9,0.00286908371029905,"#e41a1c"
13.6,1.9,0.00286908371029905,"#e41a1c"
13,1.9,0.000956361236766352,"#f781bf"
13.2,2.2,0.000956361236766352,"#f781bf"
13.4,2.2,0.000956361236766352,"#f781bf"
14,4.6,0.000956361236766352,"#e41a1c"
13.8,4.3,0.000956361236766352,"#e41a1c"
13.6,4.3,0.000956361236766352,"#e41a1c"
13,1.9,0.00765088989413081,"#AAAAAA"
13.2,1.8,0.00765088989413081,"#AAAAAA"
13.4,1.8,0.00765088989413081,"#AAAAAA"
14,1,0.00765088989413081,"#e41a1c"
13.8,1.1,0.00765088989413081,"#e41a1c"
13.6,1.1,0.00765088989413081,"#e41a1c"
13,1.9,0.00382544494706541,"#4daf4a"
13.2,2.3,0.00382544494706541,"#4daf4a"
13.4,2.3,0.00382544494706541,"#4daf4a"
14,5.5,0.00382544494706541,"#e41a1c"
13.8,5.1,0.00382544494706541,"#e41a1c"
13.6,5.1,0.00382544494706541,"#e41a1c"
13,1.9,0.000956361236766352,"#a65628"
13.2,2.1,0.000956361236766352,"#a65628"
13.4,2.1,0.000956361236766352,"#a65628"
14,3.7,0.000956361236766352,"#e41a1c"
13.8,3.5,0.000956361236766352,"#e41a1c"
13.6,3.5,0.000956361236766352,"#e41a1c"
13,4.6,0.186490441169439,"#ffd300"
13.2,4.8,0.186490441169439,"#ffd300"
13.4,4.8,0.186490441169439,"#ffd300"
14,6.4,0.186490441169439,"#f781bf"
13.8,6.2,0.186490441169439,"#f781bf"
13.6,6.2,0.186490441169439,"#f781bf"
13,4.6,3.83787764314337,"#f781bf"
13.2,4.6,3.83787764314337,"#f781bf"
13.4,4.6,3.83787764314337,"#f781bf"
14,4.6,3.83787764314337,"#f781bf"
13.8,4.6,3.83787764314337,"#f781bf"
13.6,4.6,3.83787764314337,"#f781bf"
13,4.6,5.32501936631504,"#AAAAAA"
13.2,4.2,5.32501936631504,"#AAAAAA"
13.4,4.2,5.32501936631504,"#AAAAAA"
14,1,5.32501936631504,"#f781bf"
13.8,1.4,5.32501936631504,"#f781bf"
13.6,1.4,5.32501936631504,"#f781bf"
13,4.6,0.320381014316728,"#4daf4a"
13.2,4.7,0.320381014316728,"#4daf4a"
13.4,4.7,0.320381014316728,"#4daf4a"
14,5.5,0.320381014316728,"#f781bf"
13.8,5.4,0.320381014316728,"#f781bf"
13.6,5.4,0.320381014316728,"#f781bf"
13,4.6,0.000956361236766352,"#a65628"
13.2,4.5,0.000956361236766352,"#a65628"
13.4,4.5,0.000956361236766352,"#a65628"
14,3.7,0.000956361236766352,"#f781bf"
13.8,3.8,0.000956361236766352,"#f781bf"
13.6,3.8,0.000956361236766352,"#f781bf"
13,1,0.067901647810411,"#ffd300"
13.2,1.6,0.067901647810411,"#ffd300"
13.4,1.6,0.067901647810411,"#ffd300"
14,6.4,0.067901647810411,"#AAAAAA"
13.8,5.8,0.067901647810411,"#AAAAAA"
13.6,5.8,0.067901647810411,"#AAAAAA"
13,1,0.0239090309191588,"#e41a1c"
13.2,1.1,0.0239090309191588,"#e41a1c"
13.4,1.1,0.0239090309191588,"#e41a1c"
14,1.9,0.0239090309191588,"#AAAAAA"
13.8,1.8,0.0239090309191588,"#AAAAAA"
13.6,1.8,0.0239090309191588,"#AAAAAA"
13,1,0.504002371775867,"#f781bf"
13.2,1.4,0.504002371775867,"#f781bf"
13.4,1.4,0.504002371775867,"#f781bf"
14,4.6,0.504002371775867,"#AAAAAA"
13.8,4.2,0.504002371775867,"#AAAAAA"
13.6,4.2,0.504002371775867,"#AAAAAA"
13,1,81.7870566070216,"#AAAAAA"
13.2,1,81.7870566070216,"#AAAAAA"
13.4,1,81.7870566070216,"#AAAAAA"
14,1,81.7870566070216,"#AAAAAA"
13.8,1,81.7870566070216,"#AAAAAA"
13.6,1,81.7870566070216,"#AAAAAA"
13,1,1.20118971337854,"#4daf4a"
13.2,1.5,1.20118971337854,"#4daf4a"
13.4,1.5,1.20118971337854,"#4daf4a"
14,5.5,1.20118971337854,"#AAAAAA"
13.8,5,1.20118971337854,"#AAAAAA"
13.6,5,1.20118971337854,"#AAAAAA"
13,1,0.0210399472088597,"#a65628"
13.2,1.3,0.0210399472088597,"#a65628"
13.4,1.3,0.0210399472088597,"#a65628"
14,3.7,0.0210399472088597,"#AAAAAA"
13.8,3.4,0.0210399472088597,"#AAAAAA"
13.6,3.4,0.0210399472088597,"#AAAAAA"
13,5.5,0.827252469802894,"#ffd300"
13.2,5.6,0.827252469802894,"#ffd300"
13.4,5.6,0.827252469802894,"#ffd300"
14,6.4,0.827252469802894,"#4daf4a"
13.8,6.3,0.827252469802894,"#4daf4a"
13.6,6.3,0.827252469802894,"#4daf4a"
13,5.5,0.0879852337825043,"#f781bf"
13.2,5.4,0.0879852337825043,"#f781bf"
13.4,5.4,0.0879852337825043,"#f781bf"
14,4.6,0.0879852337825043,"#4daf4a"
13.8,4.7,0.0879852337825043,"#4daf4a"
13.6,4.7,0.0879852337825043,"#4daf4a"
13,5.5,0.260130256400448,"#AAAAAA"
13.2,5,0.260130256400448,"#AAAAAA"
13.4,5,0.260130256400448,"#AAAAAA"
14,1,0.260130256400448,"#4daf4a"
13.8,1.5,0.260130256400448,"#4daf4a"
13.6,1.5,0.260130256400448,"#4daf4a"
13,5.5,1.67171944186758,"#4daf4a"
13.2,5.5,1.67171944186758,"#4daf4a"
13.4,5.5,1.67171944186758,"#4daf4a"
14,5.5,1.67171944186758,"#4daf4a"
13.8,5.5,1.67171944186758,"#4daf4a"
13.6,5.5,1.67171944186758,"#4daf4a"
13,5.5,0.288821093503438,"#a65628"
13.2,5.3,0.288821093503438,"#a65628"
13.4,5.3,0.288821093503438,"#a65628"
14,3.7,0.288821093503438,"#4daf4a"
13.8,3.9,0.288821093503438,"#4daf4a"
13.6,3.9,0.288821093503438,"#4daf4a"
13,3.7,0.00286908371029905,"#ffd300"
13.2,4,0.00286908371029905,"#ffd300"
13.4,4,0.00286908371029905,"#ffd300"
14,6.4,0.00286908371029905,"#a65628"
13.8,6.1,0.00286908371029905,"#a65628"
13.6,6.1,0.00286908371029905,"#a65628"
13,3.7,0.000956361236766352,"#e41a1c"
13.2,3.5,0.000956361236766352,"#e41a1c"
13.4,3.5,0.000956361236766352,"#e41a1c"
14,1.9,0.000956361236766352,"#a65628"
13.8,2.1,0.000956361236766352,"#a65628"
13.6,2.1,0.000956361236766352,"#a65628"
13,3.7,0.0841597888354389,"#f781bf"
13.2,3.8,0.0841597888354389,"#f781bf"
13.4,3.8,0.0841597888354389,"#f781bf"
14,4.6,0.0841597888354389,"#a65628"
13.8,4.5,0.0841597888354389,"#a65628"
13.6,4.5,0.0841597888354389,"#a65628"
13,3.7,0.0640762028633455,"#AAAAAA"
13.2,3.4,0.0640762028633455,"#AAAAAA"
13.4,3.4,0.0640762028633455,"#AAAAAA"
14,1,0.0640762028633455,"#a65628"
13.8,1.3,0.0640762028633455,"#a65628"
13.6,1.3,0.0640762028633455,"#a65628"
13,3.7,1.11033539588573,"#4daf4a"
13.2,3.9,1.11033539588573,"#4daf4a"
13.4,3.9,1.11033539588573,"#4daf4a"
14,5.5,1.11033539588573,"#a65628"
13.8,5.3,1.11033539588573,"#a65628"
13.6,5.3,1.11033539588573,"#a65628"
13,3.7,0.0200835859720934,"#a65628"
13.2,3.7,0.0200835859720934,"#a65628"
13.4,3.7,0.0200835859720934,"#a65628"
14,3.7,0.0200835859720934,"#a65628"
13.8,3.7,0.0200835859720934,"#a65628"
13.6,3.7,0.0200835859720934,"#a65628"
13,2.8,0.000956361236766352,"#ffd300"
13.2,3.2,0.000956361236766352,"#ffd300"
13.4,3.2,0.000956361236766352,"#ffd300"
14,6.4,0.000956361236766352,"#377eb8"
13.8,6,0.000956361236766352,"#377eb8"
13.6,6,0.000956361236766352,"#377eb8"
