"xCoords","yCoords","width","colorToUse"
1,6.4,0.683293474547318,"#ffd300"
1.2,6.4,0.683293474547318,"#ffd300"
1.4,6.4,0.683293474547318,"#ffd300"
2,6.4,0.683293474547318,"#ffd300"
1.8,6.4,0.683293474547318,"#ffd300"
1.6,6.4,0.683293474547318,"#ffd300"
1,6.4,3.96310215237444,"#AAAAAA"
1.2,5.8,3.96310215237444,"#AAAAAA"
1.4,5.8,3.96310215237444,"#AAAAAA"
2,1,3.96310215237444,"#ffd300"
1.8,1.6,3.96310215237444,"#ffd300"
1.6,1.6,3.96310215237444,"#ffd300"
1,6.4,15.7157499145883,"#4daf4a"
1.2,6.3,15.7157499145883,"#4daf4a"
1.4,6.3,15.7157499145883,"#4daf4a"
2,5.5,15.7157499145883,"#ffd300"
1.8,5.6,15.7157499145883,"#ffd300"
1.6,5.6,15.7157499145883,"#ffd300"
1,4.6,3.34813802528186,"#ffd300"
1.2,4.8,3.34813802528186,"#ffd300"
1.4,4.8,3.34813802528186,"#ffd300"
2,6.4,3.34813802528186,"#f781bf"
1.8,6.2,3.34813802528186,"#f781bf"
1.6,6.2,3.34813802528186,"#f781bf"
1,4.6,2.86983259309874,"#f781bf"
1.2,4.6,2.86983259309874,"#f781bf"
1.4,4.6,2.86983259309874,"#f781bf"
2,4.6,2.86983259309874,"#f781bf"
1.8,4.6,2.86983259309874,"#f781bf"
1.6,4.6,2.86983259309874,"#f781bf"
1,4.6,0.239152716091561,"#AAAAAA"
1.2,4.2,0.239152716091561,"#AAAAAA"
1.4,4.2,0.239152716091561,"#AAAAAA"
2,1,0.239152716091561,"#f781bf"
1.8,1.4,0.239152716091561,"#f781bf"
1.6,1.4,0.239152716091561,"#f781bf"
1,1,1.16159890673044,"#ffd300"
1.2,1.6,1.16159890673044,"#ffd300"
1.4,1.6,1.16159890673044,"#ffd300"
2,6.4,1.16159890673044,"#AAAAAA"
1.8,5.8,1.16159890673044,"#AAAAAA"
1.6,5.8,1.16159890673044,"#AAAAAA"
1,1,2.49402118209771,"#f781bf"
1.2,1.4,2.49402118209771,"#f781bf"
1.4,1.4,2.49402118209771,"#f781bf"
2,4.6,2.49402118209771,"#AAAAAA"
1.8,4.2,2.49402118209771,"#AAAAAA"
1.6,4.2,2.49402118209771,"#AAAAAA"
1,1,60.6764605398018,"#AAAAAA"
1.2,1,60.6764605398018,"#AAAAAA"
1.4,1,60.6764605398018,"#AAAAAA"
2,1,60.6764605398018,"#AAAAAA"
1.8,1,60.6764605398018,"#AAAAAA"
1.6,1,60.6764605398018,"#AAAAAA"
1,1,0.649128800819952,"#4daf4a"
1.2,1.5,0.649128800819952,"#4daf4a"
1.4,1.5,0.649128800819952,"#4daf4a"
2,5.5,0.649128800819952,"#AAAAAA"
1.8,5,0.649128800819952,"#AAAAAA"
1.6,5,0.649128800819952,"#AAAAAA"
1,1,0.0341646737273659,"#a65628"
1.2,1.3,0.0341646737273659,"#a65628"
1.4,1.3,0.0341646737273659,"#a65628"
2,3.7,0.0341646737273659,"#AAAAAA"
1.8,3.4,0.0341646737273659,"#AAAAAA"
1.6,3.4,0.0341646737273659,"#AAAAAA"
1,5.5,2.11820977109669,"#ffd300"
1.2,5.6,2.11820977109669,"#ffd300"
1.4,5.6,2.11820977109669,"#ffd300"
2,6.4,2.11820977109669,"#4daf4a"
1.8,6.3,2.11820977109669,"#4daf4a"
1.6,6.3,2.11820977109669,"#4daf4a"
1,5.5,0.0341646737273659,"#f781bf"
1.2,5.4,0.0341646737273659,"#f781bf"
1.4,5.4,0.0341646737273659,"#f781bf"
2,4.6,0.0341646737273659,"#4daf4a"
1.8,4.7,0.0341646737273659,"#4daf4a"
1.6,4.7,0.0341646737273659,"#4daf4a"
1,5.5,2.59651520327981,"#AAAAAA"
1.2,5,2.59651520327981,"#AAAAAA"
1.4,5,2.59651520327981,"#AAAAAA"
2,1,2.59651520327981,"#4daf4a"
1.8,1.5,2.59651520327981,"#4daf4a"
1.6,1.5,2.59651520327981,"#4daf4a"
1,5.5,2.18653911855142,"#4daf4a"
1.2,5.5,2.18653911855142,"#4daf4a"
1.4,5.5,2.18653911855142,"#4daf4a"
2,5.5,2.18653911855142,"#4daf4a"
1.8,5.5,2.18653911855142,"#4daf4a"
1.6,5.5,2.18653911855142,"#4daf4a"
1,5.5,0.341646737273659,"#a65628"
1.2,5.3,0.341646737273659,"#a65628"
1.4,5.3,0.341646737273659,"#a65628"
2,3.7,0.341646737273659,"#4daf4a"
1.8,3.9,0.341646737273659,"#4daf4a"
1.6,3.9,0.341646737273659,"#4daf4a"
1,3.7,0.785787495729416,"#f781bf"
1.2,3.8,0.785787495729416,"#f781bf"
1.4,3.8,0.785787495729416,"#f781bf"
2,4.6,0.785787495729416,"#a65628"
1.8,4.5,0.785787495729416,"#a65628"
1.6,4.5,0.785787495729416,"#a65628"
1,3.7,0.102494021182098,"#AAAAAA"
1.2,3.4,0.102494021182098,"#AAAAAA"
1.4,3.4,0.102494021182098,"#AAAAAA"
2,1,0.102494021182098,"#a65628"
1.8,1.3,0.102494021182098,"#a65628"
1.6,1.3,0.102494021182098,"#a65628"
2,6.4,0.478305432183123,"#ffd300"
2.2,6.4,0.478305432183123,"#ffd300"
2.4,6.4,0.478305432183123,"#ffd300"
3,6.4,0.478305432183123,"#ffd300"
2.8,6.4,0.478305432183123,"#ffd300"
2.6,6.4,0.478305432183123,"#ffd300"
2,6.4,0.0341646737273659,"#f781bf"
2.2,6.2,0.0341646737273659,"#f781bf"
2.4,6.2,0.0341646737273659,"#f781bf"
3,4.6,0.0341646737273659,"#ffd300"
2.8,4.8,0.0341646737273659,"#ffd300"
2.6,4.8,0.0341646737273659,"#ffd300"
2,6.4,0.649128800819952,"#AAAAAA"
2.2,5.8,0.649128800819952,"#AAAAAA"
2.4,5.8,0.649128800819952,"#AAAAAA"
3,1,0.649128800819952,"#ffd300"
2.8,1.6,0.649128800819952,"#ffd300"
2.6,1.6,0.649128800819952,"#ffd300"
2,6.4,6.14964127092586,"#4daf4a"
2.2,6.3,6.14964127092586,"#4daf4a"
2.4,6.3,6.14964127092586,"#4daf4a"
3,5.5,6.14964127092586,"#ffd300"
2.8,5.6,6.14964127092586,"#ffd300"
2.6,5.6,6.14964127092586,"#ffd300"
2,4.6,4.85138366928596,"#f781bf"
2.2,4.6,4.85138366928596,"#f781bf"
2.4,4.6,4.85138366928596,"#f781bf"
3,4.6,4.85138366928596,"#f781bf"
2.8,4.6,4.85138366928596,"#f781bf"
2.6,4.6,4.85138366928596,"#f781bf"
2,4.6,1.33242227536727,"#AAAAAA"
2.2,4.2,1.33242227536727,"#AAAAAA"
2.4,4.2,1.33242227536727,"#AAAAAA"
3,1,1.33242227536727,"#f781bf"
2.8,1.4,1.33242227536727,"#f781bf"
2.6,1.4,1.33242227536727,"#f781bf"
2,1,1.09326955927571,"#ffd300"
2.2,1.6,1.09326955927571,"#ffd300"
2.4,1.6,1.09326955927571,"#ffd300"
3,6.4,1.09326955927571,"#AAAAAA"
2.8,5.8,1.09326955927571,"#AAAAAA"
2.6,5.8,1.09326955927571,"#AAAAAA"
2,1,1.5032456440041,"#f781bf"
2.2,1.4,1.5032456440041,"#f781bf"
2.4,1.4,1.5032456440041,"#f781bf"
3,4.6,1.5032456440041,"#AAAAAA"
2.8,4.2,1.5032456440041,"#AAAAAA"
2.6,4.2,1.5032456440041,"#AAAAAA"
2,1,63.8537751964469,"#AAAAAA"
2.2,1,63.8537751964469,"#AAAAAA"
2.4,1,63.8537751964469,"#AAAAAA"
3,1,63.8537751964469,"#AAAAAA"
2.8,1,63.8537751964469,"#AAAAAA"
2.6,1,63.8537751964469,"#AAAAAA"
2,1,1.09326955927571,"#4daf4a"
2.2,1.5,1.09326955927571,"#4daf4a"
2.4,1.5,1.09326955927571,"#4daf4a"
3,5.5,1.09326955927571,"#AAAAAA"
2.8,5,1.09326955927571,"#AAAAAA"
2.6,5,1.09326955927571,"#AAAAAA"
2,1,0.0341646737273659,"#a65628"
2.2,1.3,0.0341646737273659,"#a65628"
2.4,1.3,0.0341646737273659,"#a65628"
3,3.7,0.0341646737273659,"#AAAAAA"
2.8,3.4,0.0341646737273659,"#AAAAAA"
2.6,3.4,0.0341646737273659,"#AAAAAA"
2,5.5,6.96959344038264,"#ffd300"
2.2,5.6,6.96959344038264,"#ffd300"
2.4,5.6,6.96959344038264,"#ffd300"
3,6.4,6.96959344038264,"#4daf4a"
2.8,6.3,6.96959344038264,"#4daf4a"
2.6,6.3,6.96959344038264,"#4daf4a"
2,5.5,0.17082336863683,"#f781bf"
2.2,5.4,0.17082336863683,"#f781bf"
2.4,5.4,0.17082336863683,"#f781bf"
3,4.6,0.17082336863683,"#4daf4a"
2.8,4.7,0.17082336863683,"#4daf4a"
2.6,4.7,0.17082336863683,"#4daf4a"
2,5.5,5.15886573283225,"#AAAAAA"
2.2,5,5.15886573283225,"#AAAAAA"
2.4,5,5.15886573283225,"#AAAAAA"
3,1,5.15886573283225,"#4daf4a"
2.8,1.5,5.15886573283225,"#4daf4a"
2.6,1.5,5.15886573283225,"#4daf4a"
2,5.5,6.18380594465323,"#4daf4a"
2.2,5.5,6.18380594465323,"#4daf4a"
2.4,5.5,6.18380594465323,"#4daf4a"
3,5.5,6.18380594465323,"#4daf4a"
2.8,5.5,6.18380594465323,"#4daf4a"
2.6,5.5,6.18380594465323,"#4daf4a"
2,5.5,0.0683293474547318,"#a65628"
2.2,5.3,0.0683293474547318,"#a65628"
2.4,5.3,0.0683293474547318,"#a65628"
3,3.7,0.0683293474547318,"#4daf4a"
2.8,3.9,0.0683293474547318,"#4daf4a"
2.6,3.9,0.0683293474547318,"#4daf4a"
2,3.7,0.375811411001025,"#f781bf"
2.2,3.8,0.375811411001025,"#f781bf"
2.4,3.8,0.375811411001025,"#f781bf"
3,4.6,0.375811411001025,"#a65628"
2.8,4.5,0.375811411001025,"#a65628"
2.6,4.5,0.375811411001025,"#a65628"
3,6.4,0.375811411001025,"#ffd300"
3.2,6.4,0.375811411001025,"#ffd300"
3.4,6.4,0.375811411001025,"#ffd300"
4,6.4,0.375811411001025,"#ffd300"
3.8,6.4,0.375811411001025,"#ffd300"
3.6,6.4,0.375811411001025,"#ffd300"
3,6.4,0.0683293474547318,"#f781bf"
3.2,6.2,0.0683293474547318,"#f781bf"
3.4,6.2,0.0683293474547318,"#f781bf"
4,4.6,0.0683293474547318,"#ffd300"
3.8,4.8,0.0683293474547318,"#ffd300"
3.6,4.8,0.0683293474547318,"#ffd300"
3,6.4,0.785787495729416,"#AAAAAA"
3.2,5.8,0.785787495729416,"#AAAAAA"
3.4,5.8,0.785787495729416,"#AAAAAA"
4,1,0.785787495729416,"#ffd300"
3.8,1.6,0.785787495729416,"#ffd300"
3.6,1.6,0.785787495729416,"#ffd300"
3,6.4,7.3112401776563,"#4daf4a"
3.2,6.3,7.3112401776563,"#4daf4a"
3.4,6.3,7.3112401776563,"#4daf4a"
4,5.5,7.3112401776563,"#ffd300"
3.8,5.6,7.3112401776563,"#ffd300"
3.6,5.6,7.3112401776563,"#ffd300"
3,4.6,6.90126409292791,"#f781bf"
3.2,4.6,6.90126409292791,"#f781bf"
3.4,4.6,6.90126409292791,"#f781bf"
4,4.6,6.90126409292791,"#f781bf"
3.8,4.6,6.90126409292791,"#f781bf"
3.6,4.6,6.90126409292791,"#f781bf"
3,4.6,0.0341646737273659,"#AAAAAA"
3.2,4.2,0.0341646737273659,"#AAAAAA"
3.4,4.2,0.0341646737273659,"#AAAAAA"
4,1,0.0341646737273659,"#f781bf"
3.8,1.4,0.0341646737273659,"#f781bf"
3.6,1.4,0.0341646737273659,"#f781bf"
3,1,2.86983259309874,"#ffd300"
3.2,1.6,2.86983259309874,"#ffd300"
3.4,1.6,2.86983259309874,"#ffd300"
4,6.4,2.86983259309874,"#AAAAAA"
3.8,5.8,2.86983259309874,"#AAAAAA"
3.6,5.8,2.86983259309874,"#AAAAAA"
3,1,9.90775538093611,"#f781bf"
3.2,1.4,9.90775538093611,"#f781bf"
3.4,1.4,9.90775538093611,"#f781bf"
4,4.6,9.90775538093611,"#AAAAAA"
3.8,4.2,9.90775538093611,"#AAAAAA"
3.6,4.2,9.90775538093611,"#AAAAAA"
3,1,56.7475230611548,"#AAAAAA"
3.2,1,56.7475230611548,"#AAAAAA"
3.4,1,56.7475230611548,"#AAAAAA"
4,1,56.7475230611548,"#AAAAAA"
3.8,1,56.7475230611548,"#AAAAAA"
3.6,1,56.7475230611548,"#AAAAAA"
3,1,1.400751622822,"#4daf4a"
3.2,1.5,1.400751622822,"#4daf4a"
3.4,1.5,1.400751622822,"#4daf4a"
4,5.5,1.400751622822,"#AAAAAA"
3.8,5,1.400751622822,"#AAAAAA"
3.6,5,1.400751622822,"#AAAAAA"
3,1,0.0683293474547318,"#a65628"
3.2,1.3,0.0683293474547318,"#a65628"
3.4,1.3,0.0683293474547318,"#a65628"
4,3.7,0.0683293474547318,"#AAAAAA"
3.8,3.4,0.0683293474547318,"#AAAAAA"
3.6,3.4,0.0683293474547318,"#AAAAAA"
3,5.5,7.65288691492996,"#ffd300"
3.2,5.6,7.65288691492996,"#ffd300"
3.4,5.6,7.65288691492996,"#ffd300"
4,6.4,7.65288691492996,"#4daf4a"
3.8,6.3,7.65288691492996,"#4daf4a"
3.6,6.3,7.65288691492996,"#4daf4a"
3,5.5,0.0341646737273659,"#e41a1c"
3.2,5.1,0.0341646737273659,"#e41a1c"
3.4,5.1,0.0341646737273659,"#e41a1c"
4,1.9,0.0341646737273659,"#4daf4a"
3.8,2.3,0.0341646737273659,"#4daf4a"
3.6,2.3,0.0341646737273659,"#4daf4a"
3,5.5,1.02494021182098,"#f781bf"
3.2,5.4,1.02494021182098,"#f781bf"
3.4,5.4,1.02494021182098,"#f781bf"
4,4.6,1.02494021182098,"#4daf4a"
3.8,4.7,1.02494021182098,"#4daf4a"
3.6,4.7,1.02494021182098,"#4daf4a"
3,5.5,2.28903313973352,"#AAAAAA"
3.2,5,2.28903313973352,"#AAAAAA"
3.4,5,2.28903313973352,"#AAAAAA"
4,1,2.28903313973352,"#4daf4a"
3.8,1.5,2.28903313973352,"#4daf4a"
3.6,1.5,2.28903313973352,"#4daf4a"
3,5.5,2.35736248718825,"#4daf4a"
3.2,5.5,2.35736248718825,"#4daf4a"
3.4,5.5,2.35736248718825,"#4daf4a"
4,5.5,2.35736248718825,"#4daf4a"
3.8,5.5,2.35736248718825,"#4daf4a"
3.6,5.5,2.35736248718825,"#4daf4a"
3,5.5,0.0341646737273659,"#a65628"
3.2,5.3,0.0341646737273659,"#a65628"
3.4,5.3,0.0341646737273659,"#a65628"
4,3.7,0.0341646737273659,"#4daf4a"
3.8,3.9,0.0341646737273659,"#4daf4a"
3.6,3.9,0.0341646737273659,"#4daf4a"
3,5.5,0.0341646737273659,"#377eb8"
3.2,5.2,0.0341646737273659,"#377eb8"
3.4,5.2,0.0341646737273659,"#377eb8"
4,2.8,0.0341646737273659,"#4daf4a"
3.8,3.1,0.0341646737273659,"#4daf4a"
3.6,3.1,0.0341646737273659,"#4daf4a"
3,3.7,0.102494021182098,"#f781bf"
3.2,3.8,0.102494021182098,"#f781bf"
3.4,3.8,0.102494021182098,"#f781bf"
4,4.6,0.102494021182098,"#a65628"
3.8,4.5,0.102494021182098,"#a65628"
3.6,4.5,0.102494021182098,"#a65628"
4,6.4,0.854116843184148,"#ffd300"
4.2,6.4,0.854116843184148,"#ffd300"
4.4,6.4,0.854116843184148,"#ffd300"
5,6.4,0.854116843184148,"#ffd300"
4.8,6.4,0.854116843184148,"#ffd300"
4.6,6.4,0.854116843184148,"#ffd300"
4,6.4,2.25486846600615,"#f781bf"
4.2,6.2,2.25486846600615,"#f781bf"
4.4,6.2,2.25486846600615,"#f781bf"
5,4.6,2.25486846600615,"#ffd300"
4.8,4.8,2.25486846600615,"#ffd300"
4.6,4.8,2.25486846600615,"#ffd300"
4,6.4,2.32319781346088,"#AAAAAA"
4.2,5.8,2.32319781346088,"#AAAAAA"
4.4,5.8,2.32319781346088,"#AAAAAA"
5,1,2.32319781346088,"#ffd300"
4.8,1.6,2.32319781346088,"#ffd300"
4.6,1.6,2.32319781346088,"#ffd300"
4,6.4,5.46634779637855,"#4daf4a"
4.2,6.3,5.46634779637855,"#4daf4a"
4.4,6.3,5.46634779637855,"#4daf4a"
5,5.5,5.46634779637855,"#ffd300"
4.8,5.6,5.46634779637855,"#ffd300"
4.6,5.6,5.46634779637855,"#ffd300"
4,1.9,0.0341646737273659,"#f781bf"
4.2,2.2,0.0341646737273659,"#f781bf"
4.4,2.2,0.0341646737273659,"#f781bf"
5,4.6,0.0341646737273659,"#e41a1c"
4.8,4.3,0.0341646737273659,"#e41a1c"
4.6,4.3,0.0341646737273659,"#e41a1c"
4,4.6,5.29552442774172,"#ffd300"
4.2,4.8,5.29552442774172,"#ffd300"
4.4,4.8,5.29552442774172,"#ffd300"
5,6.4,5.29552442774172,"#f781bf"
4.8,6.2,5.29552442774172,"#f781bf"
4.6,6.2,5.29552442774172,"#f781bf"
4,4.6,10.2494021182098,"#f781bf"
4.2,4.6,10.2494021182098,"#f781bf"
4.4,4.6,10.2494021182098,"#f781bf"
5,4.6,10.2494021182098,"#f781bf"
4.8,4.6,10.2494021182098,"#f781bf"
4.6,4.6,10.2494021182098,"#f781bf"
4,4.6,2.73317389818927,"#AAAAAA"
4.2,4.2,2.73317389818927,"#AAAAAA"
4.4,4.2,2.73317389818927,"#AAAAAA"
5,1,2.73317389818927,"#f781bf"
4.8,1.4,2.73317389818927,"#f781bf"
4.6,1.4,2.73317389818927,"#f781bf"
4,4.6,0.409976084728391,"#4daf4a"
4.2,4.7,0.409976084728391,"#4daf4a"
4.4,4.7,0.409976084728391,"#4daf4a"
5,5.5,0.409976084728391,"#f781bf"
4.8,5.4,0.409976084728391,"#f781bf"
4.6,5.4,0.409976084728391,"#f781bf"
4,1,0.136658694909464,"#ffd300"
4.2,1.6,0.136658694909464,"#ffd300"
4.4,1.6,0.136658694909464,"#ffd300"
5,6.4,0.136658694909464,"#AAAAAA"
4.8,5.8,0.136658694909464,"#AAAAAA"
4.6,5.8,0.136658694909464,"#AAAAAA"
4,1,2.59651520327981,"#f781bf"
4.2,1.4,2.59651520327981,"#f781bf"
4.4,1.4,2.59651520327981,"#f781bf"
5,4.6,2.59651520327981,"#AAAAAA"
4.8,4.2,2.59651520327981,"#AAAAAA"
4.6,4.2,2.59651520327981,"#AAAAAA"
4,1,56.2692176289716,"#AAAAAA"
4.2,1,56.2692176289716,"#AAAAAA"
4.4,1,56.2692176289716,"#AAAAAA"
5,1,56.2692176289716,"#AAAAAA"
4.8,1,56.2692176289716,"#AAAAAA"
4.6,1,56.2692176289716,"#AAAAAA"
4,1,0.17082336863683,"#4daf4a"
4.2,1.5,0.17082336863683,"#4daf4a"
4.4,1.5,0.17082336863683,"#4daf4a"
5,5.5,0.17082336863683,"#AAAAAA"
4.8,5,0.17082336863683,"#AAAAAA"
4.6,5,0.17082336863683,"#AAAAAA"
4,5.5,1.02494021182098,"#ffd300"
4.2,5.6,1.02494021182098,"#ffd300"
4.4,5.6,1.02494021182098,"#ffd300"
5,6.4,1.02494021182098,"#4daf4a"
4.8,6.3,1.02494021182098,"#4daf4a"
4.6,6.3,1.02494021182098,"#4daf4a"
4,5.5,5.53467714383328,"#f781bf"
4.2,5.4,5.53467714383328,"#f781bf"
4.4,5.4,5.53467714383328,"#f781bf"
5,4.6,5.53467714383328,"#4daf4a"
4.8,4.7,5.53467714383328,"#4daf4a"
4.6,4.7,5.53467714383328,"#4daf4a"
4,5.5,1.36658694909464,"#AAAAAA"
4.2,5,1.36658694909464,"#AAAAAA"
4.4,5,1.36658694909464,"#AAAAAA"
5,1,1.36658694909464,"#4daf4a"
4.8,1.5,1.36658694909464,"#4daf4a"
4.6,1.5,1.36658694909464,"#4daf4a"
4,5.5,2.83566791937137,"#4daf4a"
4.2,5.5,2.83566791937137,"#4daf4a"
4.4,5.5,2.83566791937137,"#4daf4a"
5,5.5,2.83566791937137,"#4daf4a"
4.8,5.5,2.83566791937137,"#4daf4a"
4.6,5.5,2.83566791937137,"#4daf4a"
4,5.5,0.307482063546293,"#a65628"
4.2,5.3,0.307482063546293,"#a65628"
4.4,5.3,0.307482063546293,"#a65628"
5,3.7,0.307482063546293,"#4daf4a"
4.8,3.9,0.307482063546293,"#4daf4a"
4.6,3.9,0.307482063546293,"#4daf4a"
4,3.7,0.0683293474547318,"#f781bf"
4.2,3.8,0.0683293474547318,"#f781bf"
4.4,3.8,0.0683293474547318,"#f781bf"
5,4.6,0.0683293474547318,"#a65628"
4.8,4.5,0.0683293474547318,"#a65628"
4.6,4.5,0.0683293474547318,"#a65628"
4,3.7,0.0341646737273659,"#AAAAAA"
4.2,3.4,0.0341646737273659,"#AAAAAA"
4.4,3.4,0.0341646737273659,"#AAAAAA"
5,1,0.0341646737273659,"#a65628"
4.8,1.3,0.0341646737273659,"#a65628"
4.6,1.3,0.0341646737273659,"#a65628"
4,2.8,0.0341646737273659,"#f781bf"
4.2,3,0.0341646737273659,"#f781bf"
4.4,3,0.0341646737273659,"#f781bf"
5,4.6,0.0341646737273659,"#377eb8"
4.8,4.4,0.0341646737273659,"#377eb8"
4.6,4.4,0.0341646737273659,"#377eb8"
5,6.4,2.73317389818927,"#ffd300"
5.2,6.4,2.73317389818927,"#ffd300"
5.4,6.4,2.73317389818927,"#ffd300"
6,6.4,2.73317389818927,"#ffd300"
5.8,6.4,2.73317389818927,"#ffd300"
5.6,6.4,2.73317389818927,"#ffd300"
5,6.4,0.75162282200205,"#f781bf"
5.2,6.2,0.75162282200205,"#f781bf"
5.4,6.2,0.75162282200205,"#f781bf"
6,4.6,0.75162282200205,"#ffd300"
5.8,4.8,0.75162282200205,"#ffd300"
5.6,4.8,0.75162282200205,"#ffd300"
5,6.4,0.614964127092586,"#AAAAAA"
5.2,5.8,0.614964127092586,"#AAAAAA"
5.4,5.8,0.614964127092586,"#AAAAAA"
6,1,0.614964127092586,"#ffd300"
5.8,1.6,0.614964127092586,"#ffd300"
5.6,1.6,0.614964127092586,"#ffd300"
5,6.4,3.21147933037239,"#4daf4a"
5.2,6.3,3.21147933037239,"#4daf4a"
5.4,6.3,3.21147933037239,"#4daf4a"
6,5.5,3.21147933037239,"#ffd300"
5.8,5.6,3.21147933037239,"#ffd300"
5.6,5.6,3.21147933037239,"#ffd300"
5,4.6,1.74239836009566,"#ffd300"
5.2,4.8,1.74239836009566,"#ffd300"
5.4,4.8,1.74239836009566,"#ffd300"
6,6.4,1.74239836009566,"#f781bf"
5.8,6.2,1.74239836009566,"#f781bf"
5.6,6.2,1.74239836009566,"#f781bf"
5,4.6,16.0915613255893,"#f781bf"
5.2,4.6,16.0915613255893,"#f781bf"
5.4,4.6,16.0915613255893,"#f781bf"
6,4.6,16.0915613255893,"#f781bf"
5.8,4.6,16.0915613255893,"#f781bf"
5.6,4.6,16.0915613255893,"#f781bf"
5,4.6,1.09326955927571,"#AAAAAA"
5.2,4.2,1.09326955927571,"#AAAAAA"
5.4,4.2,1.09326955927571,"#AAAAAA"
6,1,1.09326955927571,"#f781bf"
5.8,1.4,1.09326955927571,"#f781bf"
5.6,1.4,1.09326955927571,"#f781bf"
5,4.6,2.28903313973352,"#4daf4a"
5.2,4.7,2.28903313973352,"#4daf4a"
5.4,4.7,2.28903313973352,"#4daf4a"
6,5.5,2.28903313973352,"#f781bf"
5.8,5.4,2.28903313973352,"#f781bf"
5.6,5.4,2.28903313973352,"#f781bf"
5,1,1.94738640245986,"#ffd300"
5.2,1.6,1.94738640245986,"#ffd300"
5.4,1.6,1.94738640245986,"#ffd300"
6,6.4,1.94738640245986,"#AAAAAA"
5.8,5.8,1.94738640245986,"#AAAAAA"
5.6,5.8,1.94738640245986,"#AAAAAA"
5,1,0.58079945336522,"#f781bf"
5.2,1.4,0.58079945336522,"#f781bf"
5.4,1.4,0.58079945336522,"#f781bf"
6,4.6,0.58079945336522,"#AAAAAA"
5.8,4.2,0.58079945336522,"#AAAAAA"
5.6,4.2,0.58079945336522,"#AAAAAA"
5,1,59.5490263067988,"#AAAAAA"
5.2,1,59.5490263067988,"#AAAAAA"
5.4,1,59.5490263067988,"#AAAAAA"
6,1,59.5490263067988,"#AAAAAA"
5.8,1,59.5490263067988,"#AAAAAA"
5.6,1,59.5490263067988,"#AAAAAA"
5,1,0.204988042364195,"#4daf4a"
5.2,1.5,0.204988042364195,"#4daf4a"
5.4,1.5,0.204988042364195,"#4daf4a"
6,5.5,0.204988042364195,"#AAAAAA"
5.8,5,0.204988042364195,"#AAAAAA"
5.6,5,0.204988042364195,"#AAAAAA"
5,5.5,3.92893747864708,"#ffd300"
5.2,5.6,3.92893747864708,"#ffd300"
5.4,5.6,3.92893747864708,"#ffd300"
6,6.4,3.92893747864708,"#4daf4a"
5.8,6.3,3.92893747864708,"#4daf4a"
5.6,6.3,3.92893747864708,"#4daf4a"
5,5.5,1.43491629654937,"#f781bf"
5.2,5.4,1.43491629654937,"#f781bf"
5.4,5.4,1.43491629654937,"#f781bf"
6,4.6,1.43491629654937,"#4daf4a"
5.8,4.7,1.43491629654937,"#4daf4a"
5.6,4.7,1.43491629654937,"#4daf4a"
5,5.5,1.2982576016399,"#AAAAAA"
5.2,5,1.2982576016399,"#AAAAAA"
5.4,5,1.2982576016399,"#AAAAAA"
6,1,1.2982576016399,"#4daf4a"
5.8,1.5,1.2982576016399,"#4daf4a"
5.6,1.5,1.2982576016399,"#4daf4a"
5,5.5,0.819952169456782,"#4daf4a"
5.2,5.5,0.819952169456782,"#4daf4a"
5.4,5.5,0.819952169456782,"#4daf4a"
6,5.5,0.819952169456782,"#4daf4a"
5.8,5.5,0.819952169456782,"#4daf4a"
5.6,5.5,0.819952169456782,"#4daf4a"
5,5.5,1.400751622822,"#a65628"
5.2,5.3,1.400751622822,"#a65628"
5.4,5.3,1.400751622822,"#a65628"
6,3.7,1.400751622822,"#4daf4a"
5.8,3.9,1.400751622822,"#4daf4a"
5.6,3.9,1.400751622822,"#4daf4a"
5,3.7,0.307482063546293,"#f781bf"
5.2,3.8,0.307482063546293,"#f781bf"
5.4,3.8,0.307482063546293,"#f781bf"
6,4.6,0.307482063546293,"#a65628"
5.8,4.5,0.307482063546293,"#a65628"
5.6,4.5,0.307482063546293,"#a65628"
6,6.4,3.31397335155449,"#ffd300"
6.2,6.4,3.31397335155449,"#ffd300"
6.4,6.4,3.31397335155449,"#ffd300"
7,6.4,3.31397335155449,"#ffd300"
6.8,6.4,3.31397335155449,"#ffd300"
6.6,6.4,3.31397335155449,"#ffd300"
6,6.4,1.26409292791254,"#f781bf"
6.2,6.2,1.26409292791254,"#f781bf"
6.4,6.2,1.26409292791254,"#f781bf"
7,4.6,1.26409292791254,"#ffd300"
6.8,4.8,1.26409292791254,"#ffd300"
6.6,4.8,1.26409292791254,"#ffd300"
6,6.4,1.46908097027673,"#AAAAAA"
6.2,5.8,1.46908097027673,"#AAAAAA"
6.4,5.8,1.46908097027673,"#AAAAAA"
7,1,1.46908097027673,"#ffd300"
6.8,1.6,1.46908097027673,"#ffd300"
6.6,1.6,1.46908097027673,"#ffd300"
6,6.4,4.3047488896481,"#4daf4a"
6.2,6.3,4.3047488896481,"#4daf4a"
6.4,6.3,4.3047488896481,"#4daf4a"
7,5.5,4.3047488896481,"#ffd300"
6.8,5.6,4.3047488896481,"#ffd300"
6.6,5.6,4.3047488896481,"#ffd300"
6,4.6,7.85787495729416,"#ffd300"
6.2,4.8,7.85787495729416,"#ffd300"
6.4,4.8,7.85787495729416,"#ffd300"
7,6.4,7.85787495729416,"#f781bf"
6.8,6.2,7.85787495729416,"#f781bf"
6.6,6.2,7.85787495729416,"#f781bf"
6,4.6,10.181072770755,"#f781bf"
6.2,4.6,10.181072770755,"#f781bf"
6.4,4.6,10.181072770755,"#f781bf"
7,4.6,10.181072770755,"#f781bf"
6.8,4.6,10.181072770755,"#f781bf"
6.6,4.6,10.181072770755,"#f781bf"
6,4.6,0.478305432183123,"#AAAAAA"
6.2,4.2,0.478305432183123,"#AAAAAA"
6.4,4.2,0.478305432183123,"#AAAAAA"
7,1,0.478305432183123,"#f781bf"
6.8,1.4,0.478305432183123,"#f781bf"
6.6,1.4,0.478305432183123,"#f781bf"
6,4.6,0.58079945336522,"#4daf4a"
6.2,4.7,0.58079945336522,"#4daf4a"
6.4,4.7,0.58079945336522,"#4daf4a"
7,5.5,0.58079945336522,"#f781bf"
6.8,5.4,0.58079945336522,"#f781bf"
6.6,5.4,0.58079945336522,"#f781bf"
6,1,1.19576358045781,"#ffd300"
6.2,1.6,1.19576358045781,"#ffd300"
6.4,1.6,1.19576358045781,"#ffd300"
7,6.4,1.19576358045781,"#AAAAAA"
6.8,5.8,1.19576358045781,"#AAAAAA"
6.6,5.8,1.19576358045781,"#AAAAAA"
6,1,2.56235052955244,"#f781bf"
6.2,1.4,2.56235052955244,"#f781bf"
6.4,1.4,2.56235052955244,"#f781bf"
7,4.6,2.56235052955244,"#AAAAAA"
6.8,4.2,2.56235052955244,"#AAAAAA"
6.6,4.2,2.56235052955244,"#AAAAAA"
6,1,58.5240860949778,"#AAAAAA"
6.2,1,58.5240860949778,"#AAAAAA"
6.4,1,58.5240860949778,"#AAAAAA"
7,1,58.5240860949778,"#AAAAAA"
6.8,1,58.5240860949778,"#AAAAAA"
6.6,1,58.5240860949778,"#AAAAAA"
6,1,0.341646737273659,"#4daf4a"
6.2,1.5,0.341646737273659,"#4daf4a"
6.4,1.5,0.341646737273659,"#4daf4a"
7,5.5,0.341646737273659,"#AAAAAA"
6.8,5,0.341646737273659,"#AAAAAA"
6.6,5,0.341646737273659,"#AAAAAA"
6,5.5,4.95387769046806,"#ffd300"
6.2,5.6,4.95387769046806,"#ffd300"
6.4,5.6,4.95387769046806,"#ffd300"
7,6.4,4.95387769046806,"#4daf4a"
6.8,6.3,4.95387769046806,"#4daf4a"
6.6,6.3,4.95387769046806,"#4daf4a"
6,5.5,0.204988042364195,"#f781bf"
6.2,5.4,0.204988042364195,"#f781bf"
6.4,5.4,0.204988042364195,"#f781bf"
7,4.6,0.204988042364195,"#4daf4a"
6.8,4.7,0.204988042364195,"#4daf4a"
6.6,4.7,0.204988042364195,"#4daf4a"
6,5.5,0.136658694909464,"#AAAAAA"
6.2,5,0.136658694909464,"#AAAAAA"
6.4,5,0.136658694909464,"#AAAAAA"
7,1,0.136658694909464,"#4daf4a"
6.8,1.5,0.136658694909464,"#4daf4a"
6.6,1.5,0.136658694909464,"#4daf4a"
6,5.5,1.22992825418517,"#4daf4a"
6.2,5.5,1.22992825418517,"#4daf4a"
6.4,5.5,1.22992825418517,"#4daf4a"
7,5.5,1.22992825418517,"#4daf4a"
6.8,5.5,1.22992825418517,"#4daf4a"
6.6,5.5,1.22992825418517,"#4daf4a"
6,3.7,1.36658694909464,"#f781bf"
6.2,3.8,1.36658694909464,"#f781bf"
6.4,3.8,1.36658694909464,"#f781bf"
7,4.6,1.36658694909464,"#a65628"
6.8,4.5,1.36658694909464,"#a65628"
6.6,4.5,1.36658694909464,"#a65628"
6,3.7,0.0341646737273659,"#4daf4a"
6.2,3.9,0.0341646737273659,"#4daf4a"
6.4,3.9,0.0341646737273659,"#4daf4a"
7,5.5,0.0341646737273659,"#a65628"
6.8,5.3,0.0341646737273659,"#a65628"
6.6,5.3,0.0341646737273659,"#a65628"
7,6.4,3.68978476255552,"#ffd300"
7.2,6.4,3.68978476255552,"#ffd300"
7.4,6.4,3.68978476255552,"#ffd300"
8,6.4,3.68978476255552,"#ffd300"
7.8,6.4,3.68978476255552,"#ffd300"
7.6,6.4,3.68978476255552,"#ffd300"
7,6.4,0.478305432183123,"#f781bf"
7.2,6.2,0.478305432183123,"#f781bf"
7.4,6.2,0.478305432183123,"#f781bf"
8,4.6,0.478305432183123,"#ffd300"
7.8,4.8,0.478305432183123,"#ffd300"
7.6,4.8,0.478305432183123,"#ffd300"
7,6.4,0.58079945336522,"#AAAAAA"
7.2,5.8,0.58079945336522,"#AAAAAA"
7.4,5.8,0.58079945336522,"#AAAAAA"
8,1,0.58079945336522,"#ffd300"
7.8,1.6,0.58079945336522,"#ffd300"
7.6,1.6,0.58079945336522,"#ffd300"
7,6.4,12.5725999316707,"#4daf4a"
7.2,6.3,12.5725999316707,"#4daf4a"
7.4,6.3,12.5725999316707,"#4daf4a"
8,5.5,12.5725999316707,"#ffd300"
7.8,5.6,12.5725999316707,"#ffd300"
7.6,5.6,12.5725999316707,"#ffd300"
7,4.6,7.07208746156474,"#ffd300"
7.2,4.8,7.07208746156474,"#ffd300"
7.4,4.8,7.07208746156474,"#ffd300"
8,6.4,7.07208746156474,"#f781bf"
7.8,6.2,7.07208746156474,"#f781bf"
7.6,6.2,7.07208746156474,"#f781bf"
7,4.6,8.19952169456782,"#f781bf"
7.2,4.6,8.19952169456782,"#f781bf"
7.4,4.6,8.19952169456782,"#f781bf"
8,4.6,8.19952169456782,"#f781bf"
7.8,4.6,8.19952169456782,"#f781bf"
7.6,4.6,8.19952169456782,"#f781bf"
7,4.6,0.956610864366245,"#AAAAAA"
7.2,4.2,0.956610864366245,"#AAAAAA"
7.4,4.2,0.956610864366245,"#AAAAAA"
8,1,0.956610864366245,"#f781bf"
7.8,1.4,0.956610864366245,"#f781bf"
7.6,1.4,0.956610864366245,"#f781bf"
7,4.6,0.136658694909464,"#4daf4a"
7.2,4.7,0.136658694909464,"#4daf4a"
7.4,4.7,0.136658694909464,"#4daf4a"
8,5.5,0.136658694909464,"#f781bf"
7.8,5.4,0.136658694909464,"#f781bf"
7.6,5.4,0.136658694909464,"#f781bf"
7,1,0.341646737273659,"#ffd300"
7.2,1.6,0.341646737273659,"#ffd300"
7.4,1.6,0.341646737273659,"#ffd300"
8,6.4,0.341646737273659,"#AAAAAA"
7.8,5.8,0.341646737273659,"#AAAAAA"
7.6,5.8,0.341646737273659,"#AAAAAA"
7,1,0.136658694909464,"#f781bf"
7.2,1.4,0.136658694909464,"#f781bf"
7.4,1.4,0.136658694909464,"#f781bf"
8,4.6,0.136658694909464,"#AAAAAA"
7.8,4.2,0.136658694909464,"#AAAAAA"
7.6,4.2,0.136658694909464,"#AAAAAA"
7,1,59.3098735907072,"#AAAAAA"
7.2,1,59.3098735907072,"#AAAAAA"
7.4,1,59.3098735907072,"#AAAAAA"
8,1,59.3098735907072,"#AAAAAA"
7.8,1,59.3098735907072,"#AAAAAA"
7.6,1,59.3098735907072,"#AAAAAA"
7,1,0.0341646737273659,"#4daf4a"
7.2,1.5,0.0341646737273659,"#4daf4a"
7.4,1.5,0.0341646737273659,"#4daf4a"
8,5.5,0.0341646737273659,"#AAAAAA"
7.8,5,0.0341646737273659,"#AAAAAA"
7.6,5,0.0341646737273659,"#AAAAAA"
7,5.5,4.98804236419542,"#ffd300"
7.2,5.6,4.98804236419542,"#ffd300"
7.4,5.6,4.98804236419542,"#ffd300"
8,6.4,4.98804236419542,"#4daf4a"
7.8,6.3,4.98804236419542,"#4daf4a"
7.6,6.3,4.98804236419542,"#4daf4a"
7,5.5,0.341646737273659,"#f781bf"
7.2,5.4,0.341646737273659,"#f781bf"
7.4,5.4,0.341646737273659,"#f781bf"
8,4.6,0.341646737273659,"#4daf4a"
7.8,4.7,0.341646737273659,"#4daf4a"
7.6,4.7,0.341646737273659,"#4daf4a"
7,5.5,0.0683293474547318,"#AAAAAA"
7.2,5,0.0683293474547318,"#AAAAAA"
7.4,5,0.0683293474547318,"#AAAAAA"
8,1,0.0683293474547318,"#4daf4a"
7.8,1.5,0.0683293474547318,"#4daf4a"
7.6,1.5,0.0683293474547318,"#4daf4a"
7,5.5,1.09326955927571,"#4daf4a"
7.2,5.5,1.09326955927571,"#4daf4a"
7.4,5.5,1.09326955927571,"#4daf4a"
8,5.5,1.09326955927571,"#4daf4a"
7.8,5.5,1.09326955927571,"#4daf4a"
7.6,5.5,1.09326955927571,"#4daf4a"
8,6.4,4.74888964810386,"#ffd300"
8.2,6.4,4.74888964810386,"#ffd300"
8.4,6.4,4.74888964810386,"#ffd300"
9,6.4,4.74888964810386,"#ffd300"
8.8,6.4,4.74888964810386,"#ffd300"
8.6,6.4,4.74888964810386,"#ffd300"
8,6.4,0.58079945336522,"#f781bf"
8.2,6.2,0.58079945336522,"#f781bf"
8.4,6.2,0.58079945336522,"#f781bf"
9,4.6,0.58079945336522,"#ffd300"
8.8,4.8,0.58079945336522,"#ffd300"
8.6,4.8,0.58079945336522,"#ffd300"
8,6.4,0.136658694909464,"#AAAAAA"
8.2,5.8,0.136658694909464,"#AAAAAA"
8.4,5.8,0.136658694909464,"#AAAAAA"
9,1,0.136658694909464,"#ffd300"
8.8,1.6,0.136658694909464,"#ffd300"
8.6,1.6,0.136658694909464,"#ffd300"
8,6.4,10.6252135292108,"#4daf4a"
8.2,6.3,10.6252135292108,"#4daf4a"
8.4,6.3,10.6252135292108,"#4daf4a"
9,5.5,10.6252135292108,"#ffd300"
8.8,5.6,10.6252135292108,"#ffd300"
8.6,5.6,10.6252135292108,"#ffd300"
8,4.6,1.46908097027673,"#ffd300"
8.2,4.8,1.46908097027673,"#ffd300"
8.4,4.8,1.46908097027673,"#ffd300"
9,6.4,1.46908097027673,"#f781bf"
8.8,6.2,1.46908097027673,"#f781bf"
8.6,6.2,1.46908097027673,"#f781bf"
8,4.6,6.55961735565425,"#f781bf"
8.2,4.6,6.55961735565425,"#f781bf"
8.4,4.6,6.55961735565425,"#f781bf"
9,4.6,6.55961735565425,"#f781bf"
8.8,4.6,6.55961735565425,"#f781bf"
8.6,4.6,6.55961735565425,"#f781bf"
8,4.6,0.273317389818927,"#AAAAAA"
8.2,4.2,0.273317389818927,"#AAAAAA"
8.4,4.2,0.273317389818927,"#AAAAAA"
9,1,0.273317389818927,"#f781bf"
8.8,1.4,0.273317389818927,"#f781bf"
8.6,1.4,0.273317389818927,"#f781bf"
8,4.6,0.239152716091561,"#4daf4a"
8.2,4.7,0.239152716091561,"#4daf4a"
8.4,4.7,0.239152716091561,"#4daf4a"
9,5.5,0.239152716091561,"#f781bf"
8.8,5.4,0.239152716091561,"#f781bf"
8.6,5.4,0.239152716091561,"#f781bf"
8,1,0.0341646737273659,"#ffd300"
8.2,1.6,0.0341646737273659,"#ffd300"
8.4,1.6,0.0341646737273659,"#ffd300"
9,6.4,0.0341646737273659,"#AAAAAA"
8.8,5.8,0.0341646737273659,"#AAAAAA"
8.6,5.8,0.0341646737273659,"#AAAAAA"
8,1,0.0341646737273659,"#f781bf"
8.2,1.4,0.0341646737273659,"#f781bf"
8.4,1.4,0.0341646737273659,"#f781bf"
9,4.6,0.0341646737273659,"#AAAAAA"
8.8,4.2,0.0341646737273659,"#AAAAAA"
8.6,4.2,0.0341646737273659,"#AAAAAA"
8,1,61.3255893406218,"#AAAAAA"
8.2,1,61.3255893406218,"#AAAAAA"
8.4,1,61.3255893406218,"#AAAAAA"
9,1,61.3255893406218,"#AAAAAA"
8.8,1,61.3255893406218,"#AAAAAA"
8.6,1,61.3255893406218,"#AAAAAA"
8,1,0.136658694909464,"#4daf4a"
8.2,1.5,0.136658694909464,"#4daf4a"
8.4,1.5,0.136658694909464,"#4daf4a"
9,5.5,0.136658694909464,"#AAAAAA"
8.8,5,0.136658694909464,"#AAAAAA"
8.6,5,0.136658694909464,"#AAAAAA"
8,5.5,10.0444140758456,"#ffd300"
8.2,5.6,10.0444140758456,"#ffd300"
8.4,5.6,10.0444140758456,"#ffd300"
9,6.4,10.0444140758456,"#4daf4a"
8.8,6.3,10.0444140758456,"#4daf4a"
8.6,6.3,10.0444140758456,"#4daf4a"
8,5.5,1.05910488554834,"#f781bf"
8.2,5.4,1.05910488554834,"#f781bf"
8.4,5.4,1.05910488554834,"#f781bf"
9,4.6,1.05910488554834,"#4daf4a"
8.8,4.7,1.05910488554834,"#4daf4a"
8.6,4.7,1.05910488554834,"#4daf4a"
8,5.5,2.73317389818927,"#4daf4a"
8.2,5.5,2.73317389818927,"#4daf4a"
8.4,5.5,2.73317389818927,"#4daf4a"
9,5.5,2.73317389818927,"#4daf4a"
8.8,5.5,2.73317389818927,"#4daf4a"
8.6,5.5,2.73317389818927,"#4daf4a"
9,6.4,1.2982576016399,"#ffd300"
9.2,6.4,1.2982576016399,"#ffd300"
9.4,6.4,1.2982576016399,"#ffd300"
10,6.4,1.2982576016399,"#ffd300"
9.8,6.4,1.2982576016399,"#ffd300"
9.6,6.4,1.2982576016399,"#ffd300"
9,6.4,0.0341646737273659,"#f781bf"
9.2,6.2,0.0341646737273659,"#f781bf"
9.4,6.2,0.0341646737273659,"#f781bf"
10,4.6,0.0341646737273659,"#ffd300"
9.8,4.8,0.0341646737273659,"#ffd300"
9.6,4.8,0.0341646737273659,"#ffd300"
9,6.4,0.0683293474547318,"#AAAAAA"
9.2,5.8,0.0683293474547318,"#AAAAAA"
9.4,5.8,0.0683293474547318,"#AAAAAA"
10,1,0.0683293474547318,"#ffd300"
9.8,1.6,0.0683293474547318,"#ffd300"
9.6,1.6,0.0683293474547318,"#ffd300"
9,6.4,14.8957977451315,"#4daf4a"
9.2,6.3,14.8957977451315,"#4daf4a"
9.4,6.3,14.8957977451315,"#4daf4a"
10,5.5,14.8957977451315,"#ffd300"
9.8,5.6,14.8957977451315,"#ffd300"
9.6,5.6,14.8957977451315,"#ffd300"
9,4.6,5.36385377519645,"#ffd300"
9.2,4.8,5.36385377519645,"#ffd300"
9.4,4.8,5.36385377519645,"#ffd300"
10,6.4,5.36385377519645,"#f781bf"
9.8,6.2,5.36385377519645,"#f781bf"
9.6,6.2,5.36385377519645,"#f781bf"
9,4.6,2.45985650837035,"#f781bf"
9.2,4.6,2.45985650837035,"#f781bf"
9.4,4.6,2.45985650837035,"#f781bf"
10,4.6,2.45985650837035,"#f781bf"
9.8,4.6,2.45985650837035,"#f781bf"
9.6,4.6,2.45985650837035,"#f781bf"
9,4.6,0.0683293474547318,"#AAAAAA"
9.2,4.2,0.0683293474547318,"#AAAAAA"
9.4,4.2,0.0683293474547318,"#AAAAAA"
10,1,0.0683293474547318,"#f781bf"
9.8,1.4,0.0683293474547318,"#f781bf"
9.6,1.4,0.0683293474547318,"#f781bf"
9,4.6,0.444140758455757,"#4daf4a"
9.2,4.7,0.444140758455757,"#4daf4a"
9.4,4.7,0.444140758455757,"#4daf4a"
10,5.5,0.444140758455757,"#f781bf"
9.8,5.4,0.444140758455757,"#f781bf"
9.6,5.4,0.444140758455757,"#f781bf"
9,1,0.444140758455757,"#ffd300"
9.2,1.6,0.444140758455757,"#ffd300"
9.4,1.6,0.444140758455757,"#ffd300"
10,6.4,0.444140758455757,"#AAAAAA"
9.8,5.8,0.444140758455757,"#AAAAAA"
9.6,5.8,0.444140758455757,"#AAAAAA"
9,1,61.1206012982576,"#AAAAAA"
9.2,1,61.1206012982576,"#AAAAAA"
9.4,1,61.1206012982576,"#AAAAAA"
10,1,61.1206012982576,"#AAAAAA"
9.8,1,61.1206012982576,"#AAAAAA"
9.6,1,61.1206012982576,"#AAAAAA"
9,1,0.0683293474547318,"#4daf4a"
9.2,1.5,0.0683293474547318,"#4daf4a"
9.4,1.5,0.0683293474547318,"#4daf4a"
10,5.5,0.0683293474547318,"#AAAAAA"
9.8,5,0.0683293474547318,"#AAAAAA"
9.6,5,0.0683293474547318,"#AAAAAA"
9,5.5,12.982576016399,"#ffd300"
9.2,5.6,12.982576016399,"#ffd300"
9.4,5.6,12.982576016399,"#ffd300"
10,6.4,12.982576016399,"#4daf4a"
9.8,6.3,12.982576016399,"#4daf4a"
9.6,6.3,12.982576016399,"#4daf4a"
9,5.5,0.0683293474547318,"#f781bf"
9.2,5.4,0.0683293474547318,"#f781bf"
9.4,5.4,0.0683293474547318,"#f781bf"
10,4.6,0.0683293474547318,"#4daf4a"
9.8,4.7,0.0683293474547318,"#4daf4a"
9.6,4.7,0.0683293474547318,"#4daf4a"
9,5.5,0.239152716091561,"#AAAAAA"
9.2,5,0.239152716091561,"#AAAAAA"
9.4,5,0.239152716091561,"#AAAAAA"
10,1,0.239152716091561,"#4daf4a"
9.8,1.5,0.239152716091561,"#4daf4a"
9.6,1.5,0.239152716091561,"#4daf4a"
9,5.5,0.444140758455757,"#4daf4a"
9.2,5.5,0.444140758455757,"#4daf4a"
9.4,5.5,0.444140758455757,"#4daf4a"
10,5.5,0.444140758455757,"#4daf4a"
9.8,5.5,0.444140758455757,"#4daf4a"
9.6,5.5,0.444140758455757,"#4daf4a"
10,6.4,2.15237444482405,"#ffd300"
10.2,6.4,2.15237444482405,"#ffd300"
10.4,6.4,2.15237444482405,"#ffd300"
11,6.4,2.15237444482405,"#ffd300"
10.8,6.4,2.15237444482405,"#ffd300"
10.6,6.4,2.15237444482405,"#ffd300"
10,6.4,1.33242227536727,"#f781bf"
10.2,6.2,1.33242227536727,"#f781bf"
10.4,6.2,1.33242227536727,"#f781bf"
11,4.6,1.33242227536727,"#ffd300"
10.8,4.8,1.33242227536727,"#ffd300"
10.6,4.8,1.33242227536727,"#ffd300"
10,6.4,0.512470105910489,"#AAAAAA"
10.2,5.8,0.512470105910489,"#AAAAAA"
10.4,5.8,0.512470105910489,"#AAAAAA"
11,1,0.512470105910489,"#ffd300"
10.8,1.6,0.512470105910489,"#ffd300"
10.6,1.6,0.512470105910489,"#ffd300"
10,6.4,16.0915613255893,"#4daf4a"
10.2,6.3,16.0915613255893,"#4daf4a"
10.4,6.3,16.0915613255893,"#4daf4a"
11,5.5,16.0915613255893,"#ffd300"
10.8,5.6,16.0915613255893,"#ffd300"
10.6,5.6,16.0915613255893,"#ffd300"
10,4.6,0.0341646737273659,"#ffd300"
10.2,4.8,0.0341646737273659,"#ffd300"
10.4,4.8,0.0341646737273659,"#ffd300"
11,6.4,0.0341646737273659,"#f781bf"
10.8,6.2,0.0341646737273659,"#f781bf"
10.6,6.2,0.0341646737273659,"#f781bf"
10,4.6,1.400751622822,"#f781bf"
10.2,4.6,1.400751622822,"#f781bf"
10.4,4.6,1.400751622822,"#f781bf"
11,4.6,1.400751622822,"#f781bf"
10.8,4.6,1.400751622822,"#f781bf"
10.6,4.6,1.400751622822,"#f781bf"
10,4.6,1.16159890673044,"#AAAAAA"
10.2,4.2,1.16159890673044,"#AAAAAA"
10.4,4.2,1.16159890673044,"#AAAAAA"
11,1,1.16159890673044,"#f781bf"
10.8,1.4,1.16159890673044,"#f781bf"
10.6,1.4,1.16159890673044,"#f781bf"
10,1,0.17082336863683,"#f781bf"
10.2,1.4,0.17082336863683,"#f781bf"
10.4,1.4,0.17082336863683,"#f781bf"
11,4.6,0.17082336863683,"#AAAAAA"
10.8,4.2,0.17082336863683,"#AAAAAA"
10.6,4.2,0.17082336863683,"#AAAAAA"
10,1,61.2230953194397,"#AAAAAA"
10.2,1,61.2230953194397,"#AAAAAA"
10.4,1,61.2230953194397,"#AAAAAA"
11,1,61.2230953194397,"#AAAAAA"
10.8,1,61.2230953194397,"#AAAAAA"
10.6,1,61.2230953194397,"#AAAAAA"
10,1,0.0683293474547318,"#4daf4a"
10.2,1.5,0.0683293474547318,"#4daf4a"
10.4,1.5,0.0683293474547318,"#4daf4a"
11,5.5,0.0683293474547318,"#AAAAAA"
10.8,5,0.0683293474547318,"#AAAAAA"
10.6,5,0.0683293474547318,"#AAAAAA"
10,5.5,15.3741031773147,"#ffd300"
10.2,5.6,15.3741031773147,"#ffd300"
10.4,5.6,15.3741031773147,"#ffd300"
11,6.4,15.3741031773147,"#4daf4a"
10.8,6.3,15.3741031773147,"#4daf4a"
10.6,6.3,15.3741031773147,"#4daf4a"
10,5.5,0.0341646737273659,"#f781bf"
10.2,5.4,0.0341646737273659,"#f781bf"
10.4,5.4,0.0341646737273659,"#f781bf"
11,4.6,0.0341646737273659,"#4daf4a"
10.8,4.7,0.0341646737273659,"#4daf4a"
10.6,4.7,0.0341646737273659,"#4daf4a"
10,5.5,0.102494021182098,"#AAAAAA"
10.2,5,0.102494021182098,"#AAAAAA"
10.4,5,0.102494021182098,"#AAAAAA"
11,1,0.102494021182098,"#4daf4a"
10.8,1.5,0.102494021182098,"#4daf4a"
10.6,1.5,0.102494021182098,"#4daf4a"
10,5.5,0.341646737273659,"#4daf4a"
10.2,5.5,0.341646737273659,"#4daf4a"
10.4,5.5,0.341646737273659,"#4daf4a"
11,5.5,0.341646737273659,"#4daf4a"
10.8,5.5,0.341646737273659,"#4daf4a"
10.6,5.5,0.341646737273659,"#4daf4a"
11,6.4,6.76460539801845,"#ffd300"
11.2,6.4,6.76460539801845,"#ffd300"
11.4,6.4,6.76460539801845,"#ffd300"
12,6.4,6.76460539801845,"#ffd300"
11.8,6.4,6.76460539801845,"#ffd300"
11.6,6.4,6.76460539801845,"#ffd300"
11,6.4,0.273317389818927,"#AAAAAA"
11.2,5.8,0.273317389818927,"#AAAAAA"
11.4,5.8,0.273317389818927,"#AAAAAA"
12,1,0.273317389818927,"#ffd300"
11.8,1.6,0.273317389818927,"#ffd300"
11.6,1.6,0.273317389818927,"#ffd300"
11,6.4,10.5227195080287,"#4daf4a"
11.2,6.3,10.5227195080287,"#4daf4a"
11.4,6.3,10.5227195080287,"#4daf4a"
12,5.5,10.5227195080287,"#ffd300"
11.8,5.6,10.5227195080287,"#ffd300"
11.6,5.6,10.5227195080287,"#ffd300"
11,4.6,0.17082336863683,"#ffd300"
11.2,4.8,0.17082336863683,"#ffd300"
11.4,4.8,0.17082336863683,"#ffd300"
12,6.4,0.17082336863683,"#f781bf"
11.8,6.2,0.17082336863683,"#f781bf"
11.6,6.2,0.17082336863683,"#f781bf"
11,4.6,3.41646737273659,"#f781bf"
11.2,4.6,3.41646737273659,"#f781bf"
11.4,4.6,3.41646737273659,"#f781bf"
12,4.6,3.41646737273659,"#f781bf"
11.8,4.6,3.41646737273659,"#f781bf"
11.6,4.6,3.41646737273659,"#f781bf"
11,4.6,0.683293474547318,"#AAAAAA"
11.2,4.2,0.683293474547318,"#AAAAAA"
11.4,4.2,0.683293474547318,"#AAAAAA"
12,1,0.683293474547318,"#f781bf"
11.8,1.4,0.683293474547318,"#f781bf"
11.6,1.4,0.683293474547318,"#f781bf"
11,4.6,0.0341646737273659,"#4daf4a"
11.2,4.7,0.0341646737273659,"#4daf4a"
11.4,4.7,0.0341646737273659,"#4daf4a"
12,5.5,0.0341646737273659,"#f781bf"
11.8,5.4,0.0341646737273659,"#f781bf"
11.6,5.4,0.0341646737273659,"#f781bf"
11,1,1.22992825418517,"#ffd300"
11.2,1.6,1.22992825418517,"#ffd300"
11.4,1.6,1.22992825418517,"#ffd300"
12,6.4,1.22992825418517,"#AAAAAA"
11.8,5.8,1.22992825418517,"#AAAAAA"
11.6,5.8,1.22992825418517,"#AAAAAA"
11,1,0.0683293474547318,"#f781bf"
11.2,1.4,0.0683293474547318,"#f781bf"
11.4,1.4,0.0683293474547318,"#f781bf"
12,4.6,0.0683293474547318,"#AAAAAA"
11.8,4.2,0.0683293474547318,"#AAAAAA"
11.6,4.2,0.0683293474547318,"#AAAAAA"
11,1,60.0273317389819,"#AAAAAA"
11.2,1,60.0273317389819,"#AAAAAA"
11.4,1,60.0273317389819,"#AAAAAA"
12,1,60.0273317389819,"#AAAAAA"
11.8,1,60.0273317389819,"#AAAAAA"
11.6,1,60.0273317389819,"#AAAAAA"
11,1,0.307482063546293,"#4daf4a"
11.2,1.5,0.307482063546293,"#4daf4a"
11.4,1.5,0.307482063546293,"#4daf4a"
12,5.5,0.307482063546293,"#AAAAAA"
11.8,5,0.307482063546293,"#AAAAAA"
11.6,5,0.307482063546293,"#AAAAAA"
11,5.5,10.5227195080287,"#ffd300"
11.2,5.6,10.5227195080287,"#ffd300"
11.4,5.6,10.5227195080287,"#ffd300"
12,6.4,10.5227195080287,"#4daf4a"
11.8,6.3,10.5227195080287,"#4daf4a"
11.6,6.3,10.5227195080287,"#4daf4a"
11,5.5,1.63990433891356,"#f781bf"
11.2,5.4,1.63990433891356,"#f781bf"
11.4,5.4,1.63990433891356,"#f781bf"
12,4.6,1.63990433891356,"#4daf4a"
11.8,4.7,1.63990433891356,"#4daf4a"
11.6,4.7,1.63990433891356,"#4daf4a"
11,5.5,3.41646737273659,"#AAAAAA"
11.2,5,3.41646737273659,"#AAAAAA"
11.4,5,3.41646737273659,"#AAAAAA"
12,1,3.41646737273659,"#4daf4a"
11.8,1.5,3.41646737273659,"#4daf4a"
11.6,1.5,3.41646737273659,"#4daf4a"
11,5.5,0.888281516911514,"#4daf4a"
11.2,5.5,0.888281516911514,"#4daf4a"
11.4,5.5,0.888281516911514,"#4daf4a"
12,5.5,0.888281516911514,"#4daf4a"
11.8,5.5,0.888281516911514,"#4daf4a"
11.6,5.5,0.888281516911514,"#4daf4a"
11,5.5,0.0341646737273659,"#a65628"
11.2,5.3,0.0341646737273659,"#a65628"
11.4,5.3,0.0341646737273659,"#a65628"
12,3.7,0.0341646737273659,"#4daf4a"
11.8,3.9,0.0341646737273659,"#4daf4a"
11.6,3.9,0.0341646737273659,"#4daf4a"
12,6.4,1.12743423300307,"#ffd300"
12.2,6.4,1.12743423300307,"#ffd300"
12.4,6.4,1.12743423300307,"#ffd300"
13,6.4,1.12743423300307,"#ffd300"
12.8,6.4,1.12743423300307,"#ffd300"
12.6,6.4,1.12743423300307,"#ffd300"
12,6.4,8.30201571574992,"#f781bf"
12.2,6.2,8.30201571574992,"#f781bf"
12.4,6.2,8.30201571574992,"#f781bf"
13,4.6,8.30201571574992,"#ffd300"
12.8,4.8,8.30201571574992,"#ffd300"
12.6,4.8,8.30201571574992,"#ffd300"
12,6.4,0.307482063546293,"#AAAAAA"
12.2,5.8,0.307482063546293,"#AAAAAA"
12.4,5.8,0.307482063546293,"#AAAAAA"
13,1,0.307482063546293,"#ffd300"
12.8,1.6,0.307482063546293,"#ffd300"
12.6,1.6,0.307482063546293,"#ffd300"
12,6.4,8.95114451656987,"#4daf4a"
12.2,6.3,8.95114451656987,"#4daf4a"
12.4,6.3,8.95114451656987,"#4daf4a"
13,5.5,8.95114451656987,"#ffd300"
12.8,5.6,8.95114451656987,"#ffd300"
12.6,5.6,8.95114451656987,"#ffd300"
12,4.6,4.23641954219337,"#f781bf"
12.2,4.6,4.23641954219337,"#f781bf"
12.4,4.6,4.23641954219337,"#f781bf"
13,4.6,4.23641954219337,"#f781bf"
12.8,4.6,4.23641954219337,"#f781bf"
12.6,4.6,4.23641954219337,"#f781bf"
12,4.6,0.785787495729416,"#AAAAAA"
12.2,4.2,0.785787495729416,"#AAAAAA"
12.4,4.2,0.785787495729416,"#AAAAAA"
13,1,0.785787495729416,"#f781bf"
12.8,1.4,0.785787495729416,"#f781bf"
12.6,1.4,0.785787495729416,"#f781bf"
12,1,0.102494021182098,"#ffd300"
12.2,1.6,0.102494021182098,"#ffd300"
12.4,1.6,0.102494021182098,"#ffd300"
13,6.4,0.102494021182098,"#AAAAAA"
12.8,5.8,0.102494021182098,"#AAAAAA"
12.6,5.8,0.102494021182098,"#AAAAAA"
12,1,2.32319781346088,"#f781bf"
12.2,1.4,2.32319781346088,"#f781bf"
12.4,1.4,2.32319781346088,"#f781bf"
13,4.6,2.32319781346088,"#AAAAAA"
12.8,4.2,2.32319781346088,"#AAAAAA"
12.6,4.2,2.32319781346088,"#AAAAAA"
12,1,61.1889306457123,"#AAAAAA"
12.2,1,61.1889306457123,"#AAAAAA"
12.4,1,61.1889306457123,"#AAAAAA"
13,1,61.1889306457123,"#AAAAAA"
12.8,1,61.1889306457123,"#AAAAAA"
12.6,1,61.1889306457123,"#AAAAAA"
12,1,0.854116843184148,"#4daf4a"
12.2,1.5,0.854116843184148,"#4daf4a"
12.4,1.5,0.854116843184148,"#4daf4a"
13,5.5,0.854116843184148,"#AAAAAA"
12.8,5,0.854116843184148,"#AAAAAA"
12.6,5,0.854116843184148,"#AAAAAA"
12,1,0.0341646737273659,"#377eb8"
12.2,1.2,0.0341646737273659,"#377eb8"
12.4,1.2,0.0341646737273659,"#377eb8"
13,2.8,0.0341646737273659,"#AAAAAA"
12.8,2.6,0.0341646737273659,"#AAAAAA"
12.6,2.6,0.0341646737273659,"#AAAAAA"
12,5.5,10.454390160574,"#ffd300"
12.2,5.6,10.454390160574,"#ffd300"
12.4,5.6,10.454390160574,"#ffd300"
13,6.4,10.454390160574,"#4daf4a"
12.8,6.3,10.454390160574,"#4daf4a"
12.6,6.3,10.454390160574,"#4daf4a"
12,5.5,1.09326955927571,"#f781bf"
12.2,5.4,1.09326955927571,"#f781bf"
12.4,5.4,1.09326955927571,"#f781bf"
13,4.6,1.09326955927571,"#4daf4a"
12.8,4.7,1.09326955927571,"#4daf4a"
12.6,4.7,1.09326955927571,"#4daf4a"
12,5.5,0.0341646737273659,"#AAAAAA"
12.2,5,0.0341646737273659,"#AAAAAA"
12.4,5,0.0341646737273659,"#AAAAAA"
13,1,0.0341646737273659,"#4daf4a"
12.8,1.5,0.0341646737273659,"#4daf4a"
12.6,1.5,0.0341646737273659,"#4daf4a"
12,5.5,0.17082336863683,"#4daf4a"
12.2,5.5,0.17082336863683,"#4daf4a"
12.4,5.5,0.17082336863683,"#4daf4a"
13,5.5,0.17082336863683,"#4daf4a"
12.8,5.5,0.17082336863683,"#4daf4a"
12.6,5.5,0.17082336863683,"#4daf4a"
12,3.7,0.0341646737273659,"#f781bf"
12.2,3.8,0.0341646737273659,"#f781bf"
12.4,3.8,0.0341646737273659,"#f781bf"
13,4.6,0.0341646737273659,"#a65628"
12.8,4.5,0.0341646737273659,"#a65628"
12.6,4.5,0.0341646737273659,"#a65628"
13,6.4,0.75162282200205,"#ffd300"
13.2,6.4,0.75162282200205,"#ffd300"
13.4,6.4,0.75162282200205,"#ffd300"
14,6.4,0.75162282200205,"#ffd300"
13.8,6.4,0.75162282200205,"#ffd300"
13.6,6.4,0.75162282200205,"#ffd300"
13,6.4,0.409976084728391,"#f781bf"
13.2,6.2,0.409976084728391,"#f781bf"
13.4,6.2,0.409976084728391,"#f781bf"
14,4.6,0.409976084728391,"#ffd300"
13.8,4.8,0.409976084728391,"#ffd300"
13.6,4.8,0.409976084728391,"#ffd300"
13,6.4,0.341646737273659,"#AAAAAA"
13.2,5.8,0.341646737273659,"#AAAAAA"
13.4,5.8,0.341646737273659,"#AAAAAA"
14,1,0.341646737273659,"#ffd300"
13.8,1.6,0.341646737273659,"#ffd300"
13.6,1.6,0.341646737273659,"#ffd300"
13,6.4,10.181072770755,"#4daf4a"
13.2,6.3,10.181072770755,"#4daf4a"
13.4,6.3,10.181072770755,"#4daf4a"
14,5.5,10.181072770755,"#ffd300"
13.8,5.6,10.181072770755,"#ffd300"
13.6,5.6,10.181072770755,"#ffd300"
13,4.6,0.17082336863683,"#ffd300"
13.2,4.8,0.17082336863683,"#ffd300"
13.4,4.8,0.17082336863683,"#ffd300"
14,6.4,0.17082336863683,"#f781bf"
13.8,6.2,0.17082336863683,"#f781bf"
13.6,6.2,0.17082336863683,"#f781bf"
13,4.6,16.3990433891356,"#f781bf"
13.2,4.6,16.3990433891356,"#f781bf"
13.4,4.6,16.3990433891356,"#f781bf"
14,4.6,16.3990433891356,"#f781bf"
13.8,4.6,16.3990433891356,"#f781bf"
13.6,4.6,16.3990433891356,"#f781bf"
13,4.6,0.204988042364195,"#AAAAAA"
13.2,4.2,0.204988042364195,"#AAAAAA"
13.4,4.2,0.204988042364195,"#AAAAAA"
14,1,0.204988042364195,"#f781bf"
13.8,1.4,0.204988042364195,"#f781bf"
13.6,1.4,0.204988042364195,"#f781bf"
13,1,0.0341646737273659,"#ffd300"
13.2,1.6,0.0341646737273659,"#ffd300"
13.4,1.6,0.0341646737273659,"#ffd300"
14,6.4,0.0341646737273659,"#AAAAAA"
13.8,5.8,0.0341646737273659,"#AAAAAA"
13.6,5.8,0.0341646737273659,"#AAAAAA"
13,1,0.102494021182098,"#f781bf"
13.2,1.4,0.102494021182098,"#f781bf"
13.4,1.4,0.102494021182098,"#f781bf"
14,4.6,0.102494021182098,"#AAAAAA"
13.8,4.2,0.102494021182098,"#AAAAAA"
13.6,4.2,0.102494021182098,"#AAAAAA"
13,1,61.3255893406218,"#AAAAAA"
13.2,1,61.3255893406218,"#AAAAAA"
13.4,1,61.3255893406218,"#AAAAAA"
14,1,61.3255893406218,"#AAAAAA"
13.8,1,61.3255893406218,"#AAAAAA"
13.6,1,61.3255893406218,"#AAAAAA"
13,1,0.0683293474547318,"#4daf4a"
13.2,1.5,0.0683293474547318,"#4daf4a"
13.4,1.5,0.0683293474547318,"#4daf4a"
14,5.5,0.0683293474547318,"#AAAAAA"
13.8,5,0.0683293474547318,"#AAAAAA"
13.6,5,0.0683293474547318,"#AAAAAA"
13,5.5,8.09702767338572,"#ffd300"
13.2,5.6,8.09702767338572,"#ffd300"
13.4,5.6,8.09702767338572,"#ffd300"
14,6.4,8.09702767338572,"#4daf4a"
13.8,6.3,8.09702767338572,"#4daf4a"
13.6,6.3,8.09702767338572,"#4daf4a"
13,5.5,1.77656303382303,"#f781bf"
13.2,5.4,1.77656303382303,"#f781bf"
13.4,5.4,1.77656303382303,"#f781bf"
14,4.6,1.77656303382303,"#4daf4a"
13.8,4.7,1.77656303382303,"#4daf4a"
13.6,4.7,1.77656303382303,"#4daf4a"
13,5.5,0.0341646737273659,"#AAAAAA"
13.2,5,0.0341646737273659,"#AAAAAA"
13.4,5,0.0341646737273659,"#AAAAAA"
14,1,0.0341646737273659,"#4daf4a"
13.8,1.5,0.0341646737273659,"#4daf4a"
13.6,1.5,0.0341646737273659,"#4daf4a"
13,5.5,0.0683293474547318,"#4daf4a"
13.2,5.5,0.0683293474547318,"#4daf4a"
13.4,5.5,0.0683293474547318,"#4daf4a"
14,5.5,0.0683293474547318,"#4daf4a"
13.8,5.5,0.0683293474547318,"#4daf4a"
13.6,5.5,0.0683293474547318,"#4daf4a"
13,2.8,0.0341646737273659,"#ffd300"
13.2,3.2,0.0341646737273659,"#ffd300"
13.4,3.2,0.0341646737273659,"#ffd300"
14,6.4,0.0341646737273659,"#377eb8"
13.8,6,0.0341646737273659,"#377eb8"
13.6,6,0.0341646737273659,"#377eb8"
