"yearFrom","yearTo","cropRotate","cropFrom","cropTo","plottingColorFrom","plottingColorTo","plotXAxisFrom","plotXAxisTo","plotYAxisFrom","plotYAxisTo","xEndFrom","xEndTo","yEndFrom_streamlined","yEndTo_streamlined","totalNumPixels_cropTransition","totalPercPixelsWiArea_cropTransition","totalNumPixels_cropYearFrom","totalPercPixelsWiArea_cropYearFrom","totalNumPixels_cropYearTo","totalPercPixelsWiArea_cropYearTo"
2008,2009,"corn_corn","corn","corn","#ffd300","#ffd300",1,2,6.4,6.4,1.2,1.8,6.4,6.4,135,4.85611510791367,1360,48.9208633093525,531,19.1007194244604
2008,2009,"corn_other","corn","other","#ffd300","#AAAAAA",1,2,6.4,1,1.2,1.8,5.8,1.6,37,1.33093525179856,1360,48.9208633093525,747,26.8705035971223
2008,2009,"corn_soy","corn","soy","#ffd300","#4daf4a",1,2,6.4,5.5,1.2,1.8,6.3,5.6,1188,42.7338129496403,1360,48.9208633093525,1496,53.8129496402878
2008,2009,"dryBeans_corn","dryBeans","corn","#e41a1c","#ffd300",1,2,1.9,6.4,1.2,1.8,2.4,5.9,2,0.0719424460431655,2,0.0719424460431655,531,19.1007194244604
2008,2009,"hay_hay","hay","hay","#f781bf","#f781bf",1,2,4.6,4.6,1.2,1.8,4.6,4.6,3,0.107913669064748,4,0.143884892086331,6,0.215827338129496
2008,2009,"hay_soy","hay","soy","#f781bf","#4daf4a",1,2,4.6,5.5,1.2,1.8,4.7,5.4,1,0.0359712230215827,4,0.143884892086331,1496,53.8129496402878
2008,2009,"other_corn","other","corn","#AAAAAA","#ffd300",1,2,1,6.4,1.2,1.8,1.6,5.8,207,7.44604316546763,658,23.6690647482014,531,19.1007194244604
2008,2009,"other_hay","other","hay","#AAAAAA","#f781bf",1,2,1,4.6,1.2,1.8,1.4,4.2,3,0.107913669064748,658,23.6690647482014,6,0.215827338129496
2008,2009,"other_other","other","other","#AAAAAA","#AAAAAA",1,2,1,1,1.2,1.8,1,1,383,13.7769784172662,658,23.6690647482014,747,26.8705035971223
2008,2009,"other_soy","other","soy","#AAAAAA","#4daf4a",1,2,1,5.5,1.2,1.8,1.5,5,65,2.33812949640288,658,23.6690647482014,1496,53.8129496402878
2008,2009,"soy_corn","soy","corn","#4daf4a","#ffd300",1,2,5.5,6.4,1.2,1.8,5.6,6.3,187,6.72661870503597,756,27.1942446043165,531,19.1007194244604
2008,2009,"soy_other","soy","other","#4daf4a","#AAAAAA",1,2,5.5,1,1.2,1.8,5,1.5,327,11.7625899280576,756,27.1942446043165,747,26.8705035971223
2008,2009,"soy_soy","soy","soy","#4daf4a","#4daf4a",1,2,5.5,5.5,1.2,1.8,5.5,5.5,242,8.70503597122302,756,27.1942446043165,1496,53.8129496402878
2009,2010,"corn_corn","corn","corn","#ffd300","#ffd300",2,3,6.4,6.4,2.2,2.8,6.4,6.4,76,2.73381294964029,531,19.1007194244604,1248,44.8920863309352
2009,2010,"corn_hay","corn","hay","#ffd300","#f781bf",2,3,6.4,4.6,2.2,2.8,6.2,4.8,1,0.0359712230215827,531,19.1007194244604,8,0.287769784172662
2009,2010,"corn_other","corn","other","#ffd300","#AAAAAA",2,3,6.4,1,2.2,2.8,5.8,1.6,47,1.69064748201439,531,19.1007194244604,548,19.7122302158273
2009,2010,"corn_soy","corn","soy","#ffd300","#4daf4a",2,3,6.4,5.5,2.2,2.8,6.3,5.6,407,14.6402877697842,531,19.1007194244604,976,35.1079136690648
2009,2010,"hay_hay","hay","hay","#f781bf","#f781bf",2,3,4.6,4.6,2.2,2.8,4.6,4.6,1,0.0359712230215827,6,0.215827338129496,8,0.287769784172662
2009,2010,"hay_other","hay","other","#f781bf","#AAAAAA",2,3,4.6,1,2.2,2.8,4.2,1.4,5,0.179856115107914,6,0.215827338129496,548,19.7122302158273
2009,2010,"other_corn","other","corn","#AAAAAA","#ffd300",2,3,1,6.4,2.2,2.8,1.6,5.8,15,0.539568345323741,747,26.8705035971223,1248,44.8920863309352
2009,2010,"other_hay","other","hay","#AAAAAA","#f781bf",2,3,1,4.6,2.2,2.8,1.4,4.2,1,0.0359712230215827,747,26.8705035971223,8,0.287769784172662
2009,2010,"other_other","other","other","#AAAAAA","#AAAAAA",2,3,1,1,2.2,2.8,1,1,411,14.7841726618705,747,26.8705035971223,548,19.7122302158273
2009,2010,"other_soy","other","soy","#AAAAAA","#4daf4a",2,3,1,5.5,2.2,2.8,1.5,5,320,11.5107913669065,747,26.8705035971223,976,35.1079136690648
2009,2010,"soy_corn","soy","corn","#4daf4a","#ffd300",2,3,5.5,6.4,2.2,2.8,5.6,6.3,1157,41.6187050359712,1496,53.8129496402878,1248,44.8920863309352
2009,2010,"soy_hay","soy","hay","#4daf4a","#f781bf",2,3,5.5,4.6,2.2,2.8,5.4,4.7,5,0.179856115107914,1496,53.8129496402878,8,0.287769784172662
2009,2010,"soy_other","soy","other","#4daf4a","#AAAAAA",2,3,5.5,1,2.2,2.8,5,1.5,85,3.05755395683453,1496,53.8129496402878,548,19.7122302158273
2009,2010,"soy_soy","soy","soy","#4daf4a","#4daf4a",2,3,5.5,5.5,2.2,2.8,5.5,5.5,249,8.9568345323741,1496,53.8129496402878,976,35.1079136690648
2010,2011,"corn_corn","corn","corn","#ffd300","#ffd300",3,4,6.4,6.4,3.2,3.8,6.4,6.4,269,9.67625899280576,1248,44.8920863309352,694,24.9640287769784
2010,2011,"corn_other","corn","other","#ffd300","#AAAAAA",3,4,6.4,1,3.2,3.8,5.8,1.6,37,1.33093525179856,1248,44.8920863309352,960,34.5323741007194
2010,2011,"corn_soy","corn","soy","#ffd300","#4daf4a",3,4,6.4,5.5,3.2,3.8,6.3,5.6,942,33.8848920863309,1248,44.8920863309352,1113,40.0359712230216
2010,2011,"hay_hay","hay","hay","#f781bf","#f781bf",3,4,4.6,4.6,3.2,3.8,4.6,4.6,1,0.0359712230215827,8,0.287769784172662,13,0.467625899280576
2010,2011,"hay_other","hay","other","#f781bf","#AAAAAA",3,4,4.6,1,3.2,3.8,4.2,1.4,4,0.143884892086331,8,0.287769784172662,960,34.5323741007194
2010,2011,"hay_soy","hay","soy","#f781bf","#4daf4a",3,4,4.6,5.5,3.2,3.8,4.7,5.4,3,0.107913669064748,8,0.287769784172662,1113,40.0359712230216
2010,2011,"other_corn","other","corn","#AAAAAA","#ffd300",3,4,1,6.4,3.2,3.8,1.6,5.8,19,0.683453237410072,548,19.7122302158273,694,24.9640287769784
2010,2011,"other_hay","other","hay","#AAAAAA","#f781bf",3,4,1,4.6,3.2,3.8,1.4,4.2,12,0.431654676258993,548,19.7122302158273,13,0.467625899280576
2010,2011,"other_other","other","other","#AAAAAA","#AAAAAA",3,4,1,1,3.2,3.8,1,1,495,17.8057553956835,548,19.7122302158273,960,34.5323741007194
2010,2011,"other_soy","other","soy","#AAAAAA","#4daf4a",3,4,1,5.5,3.2,3.8,1.5,5,22,0.79136690647482,548,19.7122302158273,1113,40.0359712230216
2010,2011,"soy_corn","soy","corn","#4daf4a","#ffd300",3,4,5.5,6.4,3.2,3.8,5.6,6.3,406,14.6043165467626,976,35.1079136690648,694,24.9640287769784
2010,2011,"soy_other","soy","other","#4daf4a","#AAAAAA",3,4,5.5,1,3.2,3.8,5,1.5,424,15.2517985611511,976,35.1079136690648,960,34.5323741007194
2010,2011,"soy_soy","soy","soy","#4daf4a","#4daf4a",3,4,5.5,5.5,3.2,3.8,5.5,5.5,146,5.25179856115108,976,35.1079136690648,1113,40.0359712230216
2011,2012,"corn_corn","corn","corn","#ffd300","#ffd300",4,5,6.4,6.4,4.2,4.8,6.4,6.4,284,10.2158273381295,694,24.9640287769784,1361,48.9568345323741
2011,2012,"corn_other","corn","other","#ffd300","#AAAAAA",4,5,6.4,1,4.2,4.8,5.8,1.6,1,0.0359712230215827,694,24.9640287769784,528,18.9928057553957
2011,2012,"corn_soy","corn","soy","#ffd300","#4daf4a",4,5,6.4,5.5,4.2,4.8,6.3,5.6,409,14.7122302158273,694,24.9640287769784,874,31.4388489208633
2011,2012,"hay_hay","hay","hay","#f781bf","#f781bf",4,5,4.6,4.6,4.2,4.8,4.6,4.6,7,0.251798561151079,13,0.467625899280576,17,0.611510791366906
2011,2012,"hay_other","hay","other","#f781bf","#AAAAAA",4,5,4.6,1,4.2,4.8,4.2,1.4,6,0.215827338129496,13,0.467625899280576,528,18.9928057553957
2011,2012,"other_corn","other","corn","#AAAAAA","#ffd300",4,5,1,6.4,4.2,4.8,1.6,5.8,81,2.9136690647482,960,34.5323741007194,1361,48.9568345323741
2011,2012,"other_hay","other","hay","#AAAAAA","#f781bf",4,5,1,4.6,4.2,4.8,1.4,4.2,10,0.359712230215827,960,34.5323741007194,17,0.611510791366906
2011,2012,"other_other","other","other","#AAAAAA","#AAAAAA",4,5,1,1,4.2,4.8,1,1,517,18.5971223021583,960,34.5323741007194,528,18.9928057553957
2011,2012,"other_soy","other","soy","#AAAAAA","#4daf4a",4,5,1,5.5,4.2,4.8,1.5,5,352,12.6618705035971,960,34.5323741007194,874,31.4388489208633
2011,2012,"soy_corn","soy","corn","#4daf4a","#ffd300",4,5,5.5,6.4,4.2,4.8,5.6,6.3,996,35.8273381294964,1113,40.0359712230216,1361,48.9568345323741
2011,2012,"soy_other","soy","other","#4daf4a","#AAAAAA",4,5,5.5,1,4.2,4.8,5,1.5,4,0.143884892086331,1113,40.0359712230216,528,18.9928057553957
2011,2012,"soy_soy","soy","soy","#4daf4a","#4daf4a",4,5,5.5,5.5,4.2,4.8,5.5,5.5,113,4.06474820143885,1113,40.0359712230216,874,31.4388489208633
2012,2013,"corn_corn","corn","corn","#ffd300","#ffd300",5,6,6.4,6.4,5.2,5.8,6.4,6.4,369,13.273381294964,1361,48.9568345323741,520,18.705035971223
2012,2013,"corn_other","corn","other","#ffd300","#AAAAAA",5,6,6.4,1,5.2,5.8,5.8,1.6,75,2.69784172661871,1361,48.9568345323741,898,32.3021582733813
2012,2013,"corn_soy","corn","soy","#ffd300","#4daf4a",5,6,6.4,5.5,5.2,5.8,6.3,5.6,917,32.9856115107914,1361,48.9568345323741,1355,48.7410071942446
2012,2013,"hay_corn","hay","corn","#f781bf","#ffd300",5,6,4.6,6.4,5.2,5.8,4.8,6.2,2,0.0719424460431655,22,0.79136690647482,520,18.705035971223
2012,2013,"hay_hay","hay","hay","#f781bf","#f781bf",5,6,4.6,4.6,5.2,5.8,4.6,4.6,5,0.179856115107914,22,0.79136690647482,7,0.251798561151079
2012,2013,"hay_other","hay","other","#f781bf","#AAAAAA",5,6,4.6,1,5.2,5.8,4.2,1.4,12,0.431654676258993,22,0.79136690647482,898,32.3021582733813
2012,2013,"hay_soy","hay","soy","#f781bf","#4daf4a",5,6,4.6,5.5,5.2,5.8,4.7,5.4,3,0.107913669064748,22,0.79136690647482,1355,48.7410071942446
2012,2013,"other_corn","other","corn","#AAAAAA","#ffd300",5,6,1,6.4,5.2,5.8,1.6,5.8,10,0.359712230215827,523,18.8129496402878,520,18.705035971223
2012,2013,"other_hay","other","hay","#AAAAAA","#f781bf",5,6,1,4.6,5.2,5.8,1.4,4.2,2,0.0719424460431655,523,18.8129496402878,7,0.251798561151079
2012,2013,"other_other","other","other","#AAAAAA","#AAAAAA",5,6,1,1,5.2,5.8,1,1,480,17.2661870503597,523,18.8129496402878,898,32.3021582733813
2012,2013,"other_soy","other","soy","#AAAAAA","#4daf4a",5,6,1,5.5,5.2,5.8,1.5,5,31,1.11510791366906,523,18.8129496402878,1355,48.7410071942446
2012,2013,"soy_corn","soy","corn","#4daf4a","#ffd300",5,6,5.5,6.4,5.2,5.8,5.6,6.3,139,5,874,31.4388489208633,520,18.705035971223
2012,2013,"soy_other","soy","other","#4daf4a","#AAAAAA",5,6,5.5,1,5.2,5.8,5,1.5,331,11.9064748201439,874,31.4388489208633,898,32.3021582733813
2012,2013,"soy_soy","soy","soy","#4daf4a","#4daf4a",5,6,5.5,5.5,5.2,5.8,5.5,5.5,404,14.5323741007194,874,31.4388489208633,1355,48.7410071942446
2013,2014,"corn_corn","corn","corn","#ffd300","#ffd300",6,7,6.4,6.4,6.2,6.8,6.4,6.4,346,12.4460431654676,520,18.705035971223,1607,57.8057553956835
2013,2014,"corn_hay","corn","hay","#ffd300","#f781bf",6,7,6.4,4.6,6.2,6.8,6.2,4.8,1,0.0359712230215827,520,18.705035971223,8,0.287769784172662
2013,2014,"corn_other","corn","other","#ffd300","#AAAAAA",6,7,6.4,1,6.2,6.8,5.8,1.6,10,0.359712230215827,520,18.705035971223,477,17.158273381295
2013,2014,"corn_soy","corn","soy","#ffd300","#4daf4a",6,7,6.4,5.5,6.2,6.8,6.3,5.6,163,5.86330935251799,520,18.705035971223,688,24.7482014388489
2013,2014,"hay_corn","hay","corn","#f781bf","#ffd300",6,7,4.6,6.4,6.2,6.8,4.8,6.2,1,0.0359712230215827,2,0.0719424460431655,1607,57.8057553956835
2013,2014,"hay_hay","hay","hay","#f781bf","#f781bf",6,7,4.6,4.6,6.2,6.8,4.6,4.6,1,0.0359712230215827,2,0.0719424460431655,8,0.287769784172662
2013,2014,"other_corn","other","corn","#AAAAAA","#ffd300",6,7,1,6.4,6.2,6.8,1.6,5.8,114,4.10071942446043,903,32.4820143884892,1607,57.8057553956835
2013,2014,"other_hay","other","hay","#AAAAAA","#f781bf",6,7,1,4.6,6.2,6.8,1.4,4.2,3,0.107913669064748,903,32.4820143884892,8,0.287769784172662
2013,2014,"other_other","other","other","#AAAAAA","#AAAAAA",6,7,1,1,6.2,6.8,1,1,461,16.5827338129496,903,32.4820143884892,477,17.158273381295
2013,2014,"other_soy","other","soy","#AAAAAA","#4daf4a",6,7,1,5.5,6.2,6.8,1.5,5,325,11.6906474820144,903,32.4820143884892,688,24.7482014388489
2013,2014,"soy_corn","soy","corn","#4daf4a","#ffd300",6,7,5.5,6.4,6.2,6.8,5.6,6.3,1146,41.2230215827338,1355,48.7410071942446,1607,57.8057553956835
2013,2014,"soy_hay","soy","hay","#4daf4a","#f781bf",6,7,5.5,4.6,6.2,6.8,5.4,4.7,3,0.107913669064748,1355,48.7410071942446,8,0.287769784172662
2013,2014,"soy_other","soy","other","#4daf4a","#AAAAAA",6,7,5.5,1,6.2,6.8,5,1.5,6,0.215827338129496,1355,48.7410071942446,477,17.158273381295
2013,2014,"soy_soy","soy","soy","#4daf4a","#4daf4a",6,7,5.5,5.5,6.2,6.8,5.5,5.5,200,7.19424460431655,1355,48.7410071942446,688,24.7482014388489
2014,2015,"corn_corn","corn","corn","#ffd300","#ffd300",7,8,6.4,6.4,7.2,7.8,6.4,6.4,136,4.89208633093525,1607,57.8057553956835,789,28.3812949640288
2014,2015,"corn_other","corn","other","#ffd300","#AAAAAA",7,8,6.4,1,7.2,7.8,5.8,1.6,13,0.467625899280576,1607,57.8057553956835,484,17.410071942446
2014,2015,"corn_soy","corn","soy","#ffd300","#4daf4a",7,8,6.4,5.5,7.2,7.8,6.3,5.6,1458,52.4460431654676,1607,57.8057553956835,1501,53.9928057553957
2014,2015,"hay_corn","hay","corn","#f781bf","#ffd300",7,8,4.6,6.4,7.2,7.8,4.8,6.2,3,0.107913669064748,10,0.359712230215827,789,28.3812949640288
2014,2015,"hay_hay","hay","hay","#f781bf","#f781bf",7,8,4.6,4.6,7.2,7.8,4.6,4.6,4,0.143884892086331,10,0.359712230215827,6,0.215827338129496
2014,2015,"hay_other","hay","other","#f781bf","#AAAAAA",7,8,4.6,1,7.2,7.8,4.2,1.4,2,0.0719424460431655,10,0.359712230215827,484,17.410071942446
2014,2015,"hay_soy","hay","soy","#f781bf","#4daf4a",7,8,4.6,5.5,7.2,7.8,4.7,5.4,1,0.0359712230215827,10,0.359712230215827,1501,53.9928057553957
2014,2015,"other_corn","other","corn","#AAAAAA","#ffd300",7,8,1,6.4,7.2,7.8,1.6,5.8,12,0.431654676258993,475,17.0863309352518,789,28.3812949640288
2014,2015,"other_hay","other","hay","#AAAAAA","#f781bf",7,8,1,4.6,7.2,7.8,1.4,4.2,1,0.0359712230215827,475,17.0863309352518,6,0.215827338129496
2014,2015,"other_other","other","other","#AAAAAA","#AAAAAA",7,8,1,1,7.2,7.8,1,1,453,16.294964028777,475,17.0863309352518,484,17.410071942446
2014,2015,"other_soy","other","soy","#AAAAAA","#4daf4a",7,8,1,5.5,7.2,7.8,1.5,5,9,0.323741007194245,475,17.0863309352518,1501,53.9928057553957
2014,2015,"soy_corn","soy","corn","#4daf4a","#ffd300",7,8,5.5,6.4,7.2,7.8,5.6,6.3,638,22.9496402877698,688,24.7482014388489,789,28.3812949640288
2014,2015,"soy_hay","soy","hay","#4daf4a","#f781bf",7,8,5.5,4.6,7.2,7.8,5.4,4.7,1,0.0359712230215827,688,24.7482014388489,6,0.215827338129496
2014,2015,"soy_other","soy","other","#4daf4a","#AAAAAA",7,8,5.5,1,7.2,7.8,5,1.5,16,0.575539568345324,688,24.7482014388489,484,17.410071942446
2014,2015,"soy_soy","soy","soy","#4daf4a","#4daf4a",7,8,5.5,5.5,7.2,7.8,5.5,5.5,33,1.18705035971223,688,24.7482014388489,1501,53.9928057553957
2015,2016,"corn_corn","corn","corn","#ffd300","#ffd300",8,9,6.4,6.4,8.2,8.8,6.4,6.4,83,2.98561151079137,789,28.3812949640288,1560,56.1151079136691
2015,2016,"corn_hay","corn","hay","#ffd300","#f781bf",8,9,6.4,4.6,8.2,8.8,6.2,4.8,1,0.0359712230215827,789,28.3812949640288,7,0.251798561151079
2015,2016,"corn_other","corn","other","#ffd300","#AAAAAA",8,9,6.4,1,8.2,8.8,5.8,1.6,6,0.215827338129496,789,28.3812949640288,490,17.6258992805755
2015,2016,"corn_soy","corn","soy","#ffd300","#4daf4a",8,9,6.4,5.5,8.2,8.8,6.3,5.6,699,25.1438848920863,789,28.3812949640288,723,26.0071942446043
2015,2016,"hay_corn","hay","corn","#f781bf","#ffd300",8,9,4.6,6.4,8.2,8.8,4.8,6.2,1,0.0359712230215827,5,0.179856115107914,1560,56.1151079136691
2015,2016,"hay_hay","hay","hay","#f781bf","#f781bf",8,9,4.6,4.6,8.2,8.8,4.6,4.6,3,0.107913669064748,5,0.179856115107914,7,0.251798561151079
2015,2016,"hay_other","hay","other","#f781bf","#AAAAAA",8,9,4.6,1,8.2,8.8,4.2,1.4,1,0.0359712230215827,5,0.179856115107914,490,17.6258992805755
2015,2016,"other_corn","other","corn","#AAAAAA","#ffd300",8,9,1,6.4,8.2,8.8,1.6,5.8,2,0.0719424460431655,485,17.4460431654676,1560,56.1151079136691
2015,2016,"other_hay","other","hay","#AAAAAA","#f781bf",8,9,1,4.6,8.2,8.8,1.4,4.2,2,0.0719424460431655,485,17.4460431654676,7,0.251798561151079
2015,2016,"other_other","other","other","#AAAAAA","#AAAAAA",8,9,1,1,8.2,8.8,1,1,473,17.0143884892086,485,17.4460431654676,490,17.6258992805755
2015,2016,"other_soy","other","soy","#AAAAAA","#4daf4a",8,9,1,5.5,8.2,8.8,1.5,5,8,0.287769784172662,485,17.4460431654676,723,26.0071942446043
2015,2016,"soy_corn","soy","corn","#4daf4a","#ffd300",8,9,5.5,6.4,8.2,8.8,5.6,6.3,1474,53.0215827338129,1501,53.9928057553957,1560,56.1151079136691
2015,2016,"soy_hay","soy","hay","#4daf4a","#f781bf",8,9,5.5,4.6,8.2,8.8,5.4,4.7,1,0.0359712230215827,1501,53.9928057553957,7,0.251798561151079
2015,2016,"soy_other","soy","other","#4daf4a","#AAAAAA",8,9,5.5,1,8.2,8.8,5,1.5,10,0.359712230215827,1501,53.9928057553957,490,17.6258992805755
2015,2016,"soy_soy","soy","soy","#4daf4a","#4daf4a",8,9,5.5,5.5,8.2,8.8,5.5,5.5,16,0.575539568345324,1501,53.9928057553957,723,26.0071942446043
2016,2017,"corn_corn","corn","corn","#ffd300","#ffd300",9,10,6.4,6.4,9.2,9.8,6.4,6.4,242,8.70503597122302,1560,56.1151079136691,965,34.7122302158273
2016,2017,"corn_other","corn","other","#ffd300","#AAAAAA",9,10,6.4,1,9.2,9.8,5.8,1.6,1,0.0359712230215827,1560,56.1151079136691,476,17.1223021582734
2016,2017,"corn_soy","corn","soy","#ffd300","#4daf4a",9,10,6.4,5.5,9.2,9.8,6.3,5.6,1317,47.3741007194245,1560,56.1151079136691,1334,47.9856115107914
2016,2017,"hay_corn","hay","corn","#f781bf","#ffd300",9,10,4.6,6.4,9.2,9.8,4.8,6.2,2,0.0719424460431655,10,0.359712230215827,965,34.7122302158273
2016,2017,"hay_hay","hay","hay","#f781bf","#f781bf",9,10,4.6,4.6,9.2,9.8,4.6,4.6,5,0.179856115107914,10,0.359712230215827,5,0.179856115107914
2016,2017,"hay_other","hay","other","#f781bf","#AAAAAA",9,10,4.6,1,9.2,9.8,4.2,1.4,2,0.0719424460431655,10,0.359712230215827,476,17.1223021582734
2016,2017,"hay_soy","hay","soy","#f781bf","#4daf4a",9,10,4.6,5.5,9.2,9.8,4.7,5.4,1,0.0359712230215827,10,0.359712230215827,1334,47.9856115107914
2016,2017,"other_corn","other","corn","#AAAAAA","#ffd300",9,10,1,6.4,9.2,9.8,1.6,5.8,8,0.287769784172662,487,17.5179856115108,965,34.7122302158273
2016,2017,"other_other","other","other","#AAAAAA","#AAAAAA",9,10,1,1,9.2,9.8,1,1,473,17.0143884892086,487,17.5179856115108,476,17.1223021582734
2016,2017,"other_soy","other","soy","#AAAAAA","#4daf4a",9,10,1,5.5,9.2,9.8,1.5,5,6,0.215827338129496,487,17.5179856115108,1334,47.9856115107914
2016,2017,"soy_corn","soy","corn","#4daf4a","#ffd300",9,10,5.5,6.4,9.2,9.8,5.6,6.3,713,25.6474820143885,723,26.0071942446043,965,34.7122302158273
2016,2017,"soy_soy","soy","soy","#4daf4a","#4daf4a",9,10,5.5,5.5,9.2,9.8,5.5,5.5,10,0.359712230215827,723,26.0071942446043,1334,47.9856115107914
2017,2018,"corn_corn","corn","corn","#ffd300","#ffd300",10,11,6.4,6.4,10.2,10.8,6.4,6.4,631,22.6978417266187,965,34.7122302158273,1689,60.7553956834532
2017,2018,"corn_hay","corn","hay","#ffd300","#f781bf",10,11,6.4,4.6,10.2,10.8,6.2,4.8,1,0.0359712230215827,965,34.7122302158273,4,0.143884892086331
2017,2018,"corn_other","corn","other","#ffd300","#AAAAAA",10,11,6.4,1,10.2,10.8,5.8,1.6,3,0.107913669064748,965,34.7122302158273,480,17.2661870503597
2017,2018,"corn_soy","corn","soy","#ffd300","#4daf4a",10,11,6.4,5.5,10.2,10.8,6.3,5.6,330,11.8705035971223,965,34.7122302158273,607,21.8345323741007
2017,2018,"hay_hay","hay","hay","#f781bf","#f781bf",10,11,4.6,4.6,10.2,10.8,4.6,4.6,1,0.0359712230215827,3,0.107913669064748,4,0.143884892086331
2017,2018,"hay_other","hay","other","#f781bf","#AAAAAA",10,11,4.6,1,10.2,10.8,4.2,1.4,2,0.0719424460431655,3,0.107913669064748,480,17.2661870503597
2017,2018,"other_corn","other","corn","#AAAAAA","#ffd300",10,11,1,6.4,10.2,10.8,1.6,5.8,5,0.179856115107914,478,17.1942446043165,1689,60.7553956834532
2017,2018,"other_hay","other","hay","#AAAAAA","#f781bf",10,11,1,4.6,10.2,10.8,1.4,4.2,2,0.0719424460431655,478,17.1942446043165,4,0.143884892086331
2017,2018,"other_other","other","other","#AAAAAA","#AAAAAA",10,11,1,1,10.2,10.8,1,1,471,16.9424460431655,478,17.1942446043165,480,17.2661870503597
2017,2018,"soy_corn","soy","corn","#4daf4a","#ffd300",10,11,5.5,6.4,10.2,10.8,5.6,6.3,1053,37.8776978417266,1334,47.9856115107914,1689,60.7553956834532
2017,2018,"soy_other","soy","other","#4daf4a","#AAAAAA",10,11,5.5,1,10.2,10.8,5,1.5,4,0.143884892086331,1334,47.9856115107914,480,17.2661870503597
2017,2018,"soy_soy","soy","soy","#4daf4a","#4daf4a",10,11,5.5,5.5,10.2,10.8,5.5,5.5,277,9.96402877697842,1334,47.9856115107914,607,21.8345323741007
2018,2019,"corn_corn","corn","corn","#ffd300","#ffd300",11,12,6.4,6.4,11.2,11.8,6.4,6.4,48,1.72661870503597,1689,60.7553956834532,417,15
2018,2019,"corn_hay","corn","hay","#ffd300","#f781bf",11,12,6.4,4.6,11.2,11.8,6.2,4.8,3,0.107913669064748,1689,60.7553956834532,12,0.431654676258993
2018,2019,"corn_other","corn","other","#ffd300","#AAAAAA",11,12,6.4,1,11.2,11.8,5.8,1.6,12,0.431654676258993,1689,60.7553956834532,448,16.1151079136691
2018,2019,"corn_soy","corn","soy","#ffd300","#4daf4a",11,12,6.4,5.5,11.2,11.8,6.3,5.6,1626,58.4892086330935,1689,60.7553956834532,1903,68.4532374100719
2018,2019,"hay_hay","hay","hay","#f781bf","#f781bf",11,12,4.6,4.6,11.2,11.8,4.6,4.6,7,0.251798561151079,9,0.323741007194245,12,0.431654676258993
2018,2019,"hay_other","hay","other","#f781bf","#AAAAAA",11,12,4.6,1,11.2,11.8,4.2,1.4,1,0.0359712230215827,9,0.323741007194245,448,16.1151079136691
2018,2019,"hay_soy","hay","soy","#f781bf","#4daf4a",11,12,4.6,5.5,11.2,11.8,4.7,5.4,1,0.0359712230215827,9,0.323741007194245,1903,68.4532374100719
2018,2019,"other_corn","other","corn","#AAAAAA","#ffd300",11,12,1,6.4,11.2,11.8,1.6,5.8,18,0.647482014388489,475,17.0863309352518,417,15
2018,2019,"other_hay","other","hay","#AAAAAA","#f781bf",11,12,1,4.6,11.2,11.8,1.4,4.2,1,0.0359712230215827,475,17.0863309352518,12,0.431654676258993
2018,2019,"other_other","other","other","#AAAAAA","#AAAAAA",11,12,1,1,11.2,11.8,1,1,420,15.1079136690647,475,17.0863309352518,448,16.1151079136691
2018,2019,"other_soy","other","soy","#AAAAAA","#4daf4a",11,12,1,5.5,11.2,11.8,1.5,5,36,1.29496402877698,475,17.0863309352518,1903,68.4532374100719
2018,2019,"soy_corn","soy","corn","#4daf4a","#ffd300",11,12,5.5,6.4,11.2,11.8,5.6,6.3,351,12.6258992805755,607,21.8345323741007,417,15
2018,2019,"soy_hay","soy","hay","#4daf4a","#f781bf",11,12,5.5,4.6,11.2,11.8,5.4,4.7,1,0.0359712230215827,607,21.8345323741007,12,0.431654676258993
2018,2019,"soy_other","soy","other","#4daf4a","#AAAAAA",11,12,5.5,1,11.2,11.8,5,1.5,15,0.539568345323741,607,21.8345323741007,448,16.1151079136691
2018,2019,"soy_soy","soy","soy","#4daf4a","#4daf4a",11,12,5.5,5.5,11.2,11.8,5.5,5.5,240,8.63309352517986,607,21.8345323741007,1903,68.4532374100719
2019,2020,"corn_corn","corn","corn","#ffd300","#ffd300",12,13,6.4,6.4,12.2,12.8,6.4,6.4,243,8.7410071942446,417,15,2174,78.2014388489209
2019,2020,"corn_other","corn","other","#ffd300","#AAAAAA",12,13,6.4,1,12.2,12.8,5.8,1.6,5,0.179856115107914,417,15,418,15.0359712230216
2019,2020,"corn_soy","corn","soy","#ffd300","#4daf4a",12,13,6.4,5.5,12.2,12.8,6.3,5.6,169,6.07913669064748,417,15,177,6.36690647482014
2019,2020,"hay_corn","hay","corn","#f781bf","#ffd300",12,13,4.6,6.4,12.2,12.8,4.8,6.2,4,0.143884892086331,12,0.431654676258993,2174,78.2014388489209
2019,2020,"hay_hay","hay","hay","#f781bf","#f781bf",12,13,4.6,4.6,12.2,12.8,4.6,4.6,7,0.251798561151079,12,0.431654676258993,11,0.39568345323741
2019,2020,"hay_other","hay","other","#f781bf","#AAAAAA",12,13,4.6,1,12.2,12.8,4.2,1.4,1,0.0359712230215827,12,0.431654676258993,418,15.0359712230216
2019,2020,"other_corn","other","corn","#AAAAAA","#ffd300",12,13,1,6.4,12.2,12.8,1.6,5.8,31,1.11510791366906,448,16.1151079136691,2174,78.2014388489209
2019,2020,"other_hay","other","hay","#AAAAAA","#f781bf",12,13,1,4.6,12.2,12.8,1.4,4.2,2,0.0719424460431655,448,16.1151079136691,11,0.39568345323741
2019,2020,"other_other","other","other","#AAAAAA","#AAAAAA",12,13,1,1,12.2,12.8,1,1,412,14.8201438848921,448,16.1151079136691,418,15.0359712230216
2019,2020,"other_soy","other","soy","#AAAAAA","#4daf4a",12,13,1,5.5,12.2,12.8,1.5,5,3,0.107913669064748,448,16.1151079136691,177,6.36690647482014
2019,2020,"soy_corn","soy","corn","#4daf4a","#ffd300",12,13,5.5,6.4,12.2,12.8,5.6,6.3,1896,68.2014388489209,1903,68.4532374100719,2174,78.2014388489209
2019,2020,"soy_hay","soy","hay","#4daf4a","#f781bf",12,13,5.5,4.6,12.2,12.8,5.4,4.7,2,0.0719424460431655,1903,68.4532374100719,11,0.39568345323741
2019,2020,"soy_soy","soy","soy","#4daf4a","#4daf4a",12,13,5.5,5.5,12.2,12.8,5.5,5.5,5,0.179856115107914,1903,68.4532374100719,177,6.36690647482014
2020,2021,"corn_corn","corn","corn","#ffd300","#ffd300",13,14,6.4,6.4,13.2,13.8,6.4,6.4,32,1.15107913669065,2174,78.2014388489209,193,6.94244604316547
2020,2021,"corn_hay","corn","hay","#ffd300","#f781bf",13,14,6.4,4.6,13.2,13.8,6.2,4.8,4,0.143884892086331,2174,78.2014388489209,19,0.683453237410072
2020,2021,"corn_other","corn","other","#ffd300","#AAAAAA",13,14,6.4,1,13.2,13.8,5.8,1.6,20,0.719424460431655,2174,78.2014388489209,429,15.431654676259
2020,2021,"corn_soy","corn","soy","#ffd300","#4daf4a",13,14,6.4,5.5,13.2,13.8,6.3,5.6,2118,76.1870503597122,2174,78.2014388489209,2139,76.9424460431655
2020,2021,"hay_corn","hay","corn","#f781bf","#ffd300",13,14,4.6,6.4,13.2,13.8,4.8,6.2,1,0.0359712230215827,18,0.647482014388489,193,6.94244604316547
2020,2021,"hay_hay","hay","hay","#f781bf","#f781bf",13,14,4.6,4.6,13.2,13.8,4.6,4.6,13,0.467625899280576,18,0.647482014388489,19,0.683453237410072
2020,2021,"hay_other","hay","other","#f781bf","#AAAAAA",13,14,4.6,1,13.2,13.8,4.2,1.4,3,0.107913669064748,18,0.647482014388489,429,15.431654676259
2020,2021,"hay_soy","hay","soy","#f781bf","#4daf4a",13,14,4.6,5.5,13.2,13.8,4.7,5.4,1,0.0359712230215827,18,0.647482014388489,2139,76.9424460431655
2020,2021,"other_corn","other","corn","#AAAAAA","#ffd300",13,14,1,6.4,13.2,13.8,1.6,5.8,2,0.0719424460431655,411,14.7841726618705,193,6.94244604316547
2020,2021,"other_other","other","other","#AAAAAA","#AAAAAA",13,14,1,1,13.2,13.8,1,1,404,14.5323741007194,411,14.7841726618705,429,15.431654676259
2020,2021,"other_soy","other","soy","#AAAAAA","#4daf4a",13,14,1,5.5,13.2,13.8,1.5,5,5,0.179856115107914,411,14.7841726618705,2139,76.9424460431655
2020,2021,"soy_corn","soy","corn","#4daf4a","#ffd300",13,14,5.5,6.4,13.2,13.8,5.6,6.3,158,5.68345323741007,177,6.36690647482014,193,6.94244604316547
2020,2021,"soy_hay","soy","hay","#4daf4a","#f781bf",13,14,5.5,4.6,13.2,13.8,5.4,4.7,2,0.0719424460431655,177,6.36690647482014,19,0.683453237410072
2020,2021,"soy_other","soy","other","#4daf4a","#AAAAAA",13,14,5.5,1,13.2,13.8,5,1.5,2,0.0719424460431655,177,6.36690647482014,429,15.431654676259
2020,2021,"soy_soy","soy","soy","#4daf4a","#4daf4a",13,14,5.5,5.5,13.2,13.8,5.5,5.5,15,0.539568345323741,177,6.36690647482014,2139,76.9424460431655
