"xCoords","yCoords","width","colorToUse"
1,6.4,17.7136972193615,"#ffd300"
1.2,6.4,17.7136972193615,"#ffd300"
1.4,6.4,17.7136972193615,"#ffd300"
2,6.4,17.7136972193615,"#ffd300"
1.8,6.4,17.7136972193615,"#ffd300"
1.6,6.4,17.7136972193615,"#ffd300"
1,6.4,0.961208376244422,"#AAAAAA"
1.2,5.8,0.961208376244422,"#AAAAAA"
1.4,5.8,0.961208376244422,"#AAAAAA"
2,1,0.961208376244422,"#ffd300"
1.8,1.6,0.961208376244422,"#ffd300"
1.6,1.6,0.961208376244422,"#ffd300"
1,6.4,13.3539306556814,"#4daf4a"
1.2,6.3,13.3539306556814,"#4daf4a"
1.4,6.3,13.3539306556814,"#4daf4a"
2,5.5,13.3539306556814,"#ffd300"
1.8,5.6,13.3539306556814,"#ffd300"
1.6,5.6,13.3539306556814,"#ffd300"
1,4.6,0.0343288705801579,"#AAAAAA"
1.2,4.2,0.0343288705801579,"#AAAAAA"
1.4,4.2,0.0343288705801579,"#AAAAAA"
2,1,0.0343288705801579,"#f781bf"
1.8,1.4,0.0343288705801579,"#f781bf"
1.6,1.4,0.0343288705801579,"#f781bf"
1,1,0.240302094061105,"#ffd300"
1.2,1.6,0.240302094061105,"#ffd300"
1.4,1.6,0.240302094061105,"#ffd300"
2,6.4,0.240302094061105,"#AAAAAA"
1.8,5.8,0.240302094061105,"#AAAAAA"
1.6,5.8,0.240302094061105,"#AAAAAA"
1,1,0.102986611740474,"#f781bf"
1.2,1.4,0.102986611740474,"#f781bf"
1.4,1.4,0.102986611740474,"#f781bf"
2,4.6,0.102986611740474,"#AAAAAA"
1.8,4.2,0.102986611740474,"#AAAAAA"
1.6,4.2,0.102986611740474,"#AAAAAA"
1,1,40.645382766907,"#AAAAAA"
1.2,1,40.645382766907,"#AAAAAA"
1.4,1,40.645382766907,"#AAAAAA"
2,1,40.645382766907,"#AAAAAA"
1.8,1,40.645382766907,"#AAAAAA"
1.6,1,40.645382766907,"#AAAAAA"
1,1,0.652248541023,"#4daf4a"
1.2,1.5,0.652248541023,"#4daf4a"
1.4,1.5,0.652248541023,"#4daf4a"
2,5.5,0.652248541023,"#AAAAAA"
1.8,5,0.652248541023,"#AAAAAA"
1.6,5,0.652248541023,"#AAAAAA"
1,5.5,23.5839340885685,"#ffd300"
1.2,5.6,23.5839340885685,"#ffd300"
1.4,5.6,23.5839340885685,"#ffd300"
2,6.4,23.5839340885685,"#4daf4a"
1.8,6.3,23.5839340885685,"#4daf4a"
1.6,6.3,23.5839340885685,"#4daf4a"
1,5.5,0.686577411603158,"#AAAAAA"
1.2,5,0.686577411603158,"#AAAAAA"
1.4,5,0.686577411603158,"#AAAAAA"
2,1,0.686577411603158,"#4daf4a"
1.8,1.5,0.686577411603158,"#4daf4a"
1.6,1.5,0.686577411603158,"#4daf4a"
1,5.5,2.02540336422932,"#4daf4a"
1.2,5.5,2.02540336422932,"#4daf4a"
1.4,5.5,2.02540336422932,"#4daf4a"
2,5.5,2.02540336422932,"#4daf4a"
1.8,5.5,2.02540336422932,"#4daf4a"
1.6,5.5,2.02540336422932,"#4daf4a"
2,6.4,0.102986611740474,"#ffd300"
2.2,6.4,0.102986611740474,"#ffd300"
2.4,6.4,0.102986611740474,"#ffd300"
3,6.4,0.102986611740474,"#ffd300"
2.8,6.4,0.102986611740474,"#ffd300"
2.6,6.4,0.102986611740474,"#ffd300"
2,6.4,0.137315482320632,"#AAAAAA"
2.2,5.8,0.137315482320632,"#AAAAAA"
2.4,5.8,0.137315482320632,"#AAAAAA"
3,1,0.137315482320632,"#ffd300"
2.8,1.6,0.137315482320632,"#ffd300"
2.6,1.6,0.137315482320632,"#ffd300"
2,6.4,41.29763130793,"#4daf4a"
2.2,6.3,41.29763130793,"#4daf4a"
2.4,6.3,41.29763130793,"#4daf4a"
3,5.5,41.29763130793,"#ffd300"
2.8,5.6,41.29763130793,"#ffd300"
2.6,5.6,41.29763130793,"#ffd300"
2,4.6,0.102986611740474,"#AAAAAA"
2.2,4.2,0.102986611740474,"#AAAAAA"
2.4,4.2,0.102986611740474,"#AAAAAA"
3,1,0.102986611740474,"#f781bf"
2.8,1.4,0.102986611740474,"#f781bf"
2.6,1.4,0.102986611740474,"#f781bf"
2,1,1.20151047030553,"#ffd300"
2.2,1.6,1.20151047030553,"#ffd300"
2.4,1.6,1.20151047030553,"#ffd300"
3,6.4,1.20151047030553,"#AAAAAA"
2.8,5.8,1.20151047030553,"#AAAAAA"
2.6,5.8,1.20151047030553,"#AAAAAA"
2,1,0.0686577411603158,"#f781bf"
2.2,1.4,0.0686577411603158,"#f781bf"
2.4,1.4,0.0686577411603158,"#f781bf"
3,4.6,0.0686577411603158,"#AAAAAA"
2.8,4.2,0.0686577411603158,"#AAAAAA"
2.6,4.2,0.0686577411603158,"#AAAAAA"
2,1,37.9334019910745,"#AAAAAA"
2.2,1,37.9334019910745,"#AAAAAA"
2.4,1,37.9334019910745,"#AAAAAA"
3,1,37.9334019910745,"#AAAAAA"
2.8,1,37.9334019910745,"#AAAAAA"
2.6,1,37.9334019910745,"#AAAAAA"
2,1,3.12392722279437,"#4daf4a"
2.2,1.5,3.12392722279437,"#4daf4a"
2.4,1.5,3.12392722279437,"#4daf4a"
3,5.5,3.12392722279437,"#AAAAAA"
2.8,5,3.12392722279437,"#AAAAAA"
2.6,5,3.12392722279437,"#AAAAAA"
2,5.5,13.6285616203227,"#ffd300"
2.2,5.6,13.6285616203227,"#ffd300"
2.4,5.6,13.6285616203227,"#ffd300"
3,6.4,13.6285616203227,"#4daf4a"
2.8,6.3,13.6285616203227,"#4daf4a"
2.6,6.3,13.6285616203227,"#4daf4a"
2,5.5,0.411946446961895,"#AAAAAA"
2.2,5,0.411946446961895,"#AAAAAA"
2.4,5,0.411946446961895,"#AAAAAA"
3,1,0.411946446961895,"#4daf4a"
2.8,1.5,0.411946446961895,"#4daf4a"
2.6,1.5,0.411946446961895,"#4daf4a"
2,5.5,1.99107449364916,"#4daf4a"
2.2,5.5,1.99107449364916,"#4daf4a"
2.4,5.5,1.99107449364916,"#4daf4a"
3,5.5,1.99107449364916,"#4daf4a"
2.8,5.5,1.99107449364916,"#4daf4a"
2.6,5.5,1.99107449364916,"#4daf4a"
3,6.4,0.377617576381737,"#ffd300"
3.2,6.4,0.377617576381737,"#ffd300"
3.4,6.4,0.377617576381737,"#ffd300"
4,6.4,0.377617576381737,"#ffd300"
3.8,6.4,0.377617576381737,"#ffd300"
3.6,6.4,0.377617576381737,"#ffd300"
3,6.4,1.09852385856505,"#AAAAAA"
3.2,5.8,1.09852385856505,"#AAAAAA"
3.4,5.8,1.09852385856505,"#AAAAAA"
4,1,1.09852385856505,"#ffd300"
3.8,1.6,1.09852385856505,"#ffd300"
3.6,1.6,1.09852385856505,"#ffd300"
3,6.4,13.4569172674219,"#4daf4a"
3.2,6.3,13.4569172674219,"#4daf4a"
3.4,6.3,13.4569172674219,"#4daf4a"
4,5.5,13.4569172674219,"#ffd300"
3.8,5.6,13.4569172674219,"#ffd300"
3.6,5.6,13.4569172674219,"#ffd300"
3,4.6,0.137315482320632,"#f781bf"
3.2,4.6,0.137315482320632,"#f781bf"
3.4,4.6,0.137315482320632,"#f781bf"
4,4.6,0.137315482320632,"#f781bf"
3.8,4.6,0.137315482320632,"#f781bf"
3.6,4.6,0.137315482320632,"#f781bf"
3,4.6,0.0343288705801579,"#AAAAAA"
3.2,4.2,0.0343288705801579,"#AAAAAA"
3.4,4.2,0.0343288705801579,"#AAAAAA"
4,1,0.0343288705801579,"#f781bf"
3.8,1.4,0.0343288705801579,"#f781bf"
3.6,1.4,0.0343288705801579,"#f781bf"
3,4.6,0.0343288705801579,"#4daf4a"
3.2,4.7,0.0343288705801579,"#4daf4a"
3.4,4.7,0.0343288705801579,"#4daf4a"
4,5.5,0.0343288705801579,"#f781bf"
3.8,5.4,0.0343288705801579,"#f781bf"
3.6,5.4,0.0343288705801579,"#f781bf"
3,1,0.205973223480947,"#ffd300"
3.2,1.6,0.205973223480947,"#ffd300"
3.4,1.6,0.205973223480947,"#ffd300"
4,6.4,0.205973223480947,"#AAAAAA"
3.8,5.8,0.205973223480947,"#AAAAAA"
3.6,5.8,0.205973223480947,"#AAAAAA"
3,1,0.480604188122211,"#f781bf"
3.2,1.4,0.480604188122211,"#f781bf"
3.4,1.4,0.480604188122211,"#f781bf"
4,4.6,0.480604188122211,"#AAAAAA"
3.8,4.2,0.480604188122211,"#AAAAAA"
3.6,4.2,0.480604188122211,"#AAAAAA"
3,1,37.4184689323721,"#AAAAAA"
3.2,1,37.4184689323721,"#AAAAAA"
3.4,1,37.4184689323721,"#AAAAAA"
4,1,37.4184689323721,"#AAAAAA"
3.8,1,37.4184689323721,"#AAAAAA"
3.6,1,37.4184689323721,"#AAAAAA"
3,1,0.343288705801579,"#4daf4a"
3.2,1.5,0.343288705801579,"#4daf4a"
3.4,1.5,0.343288705801579,"#4daf4a"
4,5.5,0.343288705801579,"#AAAAAA"
3.8,5,0.343288705801579,"#AAAAAA"
3.6,5,0.343288705801579,"#AAAAAA"
3,5.5,42.4304840370752,"#ffd300"
3.2,5.6,42.4304840370752,"#ffd300"
3.4,5.6,42.4304840370752,"#ffd300"
4,6.4,42.4304840370752,"#4daf4a"
3.8,6.3,42.4304840370752,"#4daf4a"
3.6,6.3,42.4304840370752,"#4daf4a"
3,5.5,1.7164435290079,"#AAAAAA"
3.2,5,1.7164435290079,"#AAAAAA"
3.4,5,1.7164435290079,"#AAAAAA"
4,1,1.7164435290079,"#4daf4a"
3.8,1.5,1.7164435290079,"#4daf4a"
3.6,1.5,1.7164435290079,"#4daf4a"
3,5.5,2.26570545829042,"#4daf4a"
3.2,5.5,2.26570545829042,"#4daf4a"
3.4,5.5,2.26570545829042,"#4daf4a"
4,5.5,2.26570545829042,"#4daf4a"
3.8,5.5,2.26570545829042,"#4daf4a"
3.6,5.5,2.26570545829042,"#4daf4a"
4,6.4,2.02540336422932,"#ffd300"
4.2,6.4,2.02540336422932,"#ffd300"
4.4,6.4,2.02540336422932,"#ffd300"
5,6.4,2.02540336422932,"#ffd300"
4.8,6.4,2.02540336422932,"#ffd300"
4.6,6.4,2.02540336422932,"#ffd300"
4,6.4,0.720906282183316,"#AAAAAA"
4.2,5.8,0.720906282183316,"#AAAAAA"
4.4,5.8,0.720906282183316,"#AAAAAA"
5,1,0.720906282183316,"#ffd300"
4.8,1.6,0.720906282183316,"#ffd300"
4.6,1.6,0.720906282183316,"#ffd300"
4,6.4,40.2677651905252,"#4daf4a"
4.2,6.3,40.2677651905252,"#4daf4a"
4.4,6.3,40.2677651905252,"#4daf4a"
5,5.5,40.2677651905252,"#ffd300"
4.8,5.6,40.2677651905252,"#ffd300"
4.6,5.6,40.2677651905252,"#ffd300"
4,4.6,2.98661174047374,"#f781bf"
4.2,4.6,2.98661174047374,"#f781bf"
4.4,4.6,2.98661174047374,"#f781bf"
5,4.6,2.98661174047374,"#f781bf"
4.8,4.6,2.98661174047374,"#f781bf"
4.6,4.6,2.98661174047374,"#f781bf"
4,4.6,0.480604188122211,"#AAAAAA"
4.2,4.2,0.480604188122211,"#AAAAAA"
4.4,4.2,0.480604188122211,"#AAAAAA"
5,1,0.480604188122211,"#f781bf"
4.8,1.4,0.480604188122211,"#f781bf"
4.6,1.4,0.480604188122211,"#f781bf"
4,1,0.480604188122211,"#ffd300"
4.2,1.6,0.480604188122211,"#ffd300"
4.4,1.6,0.480604188122211,"#ffd300"
5,6.4,0.480604188122211,"#AAAAAA"
4.8,5.8,0.480604188122211,"#AAAAAA"
4.6,5.8,0.480604188122211,"#AAAAAA"
4,1,0.0343288705801579,"#f781bf"
4.2,1.4,0.0343288705801579,"#f781bf"
4.4,1.4,0.0343288705801579,"#f781bf"
5,4.6,0.0343288705801579,"#AAAAAA"
4.8,4.2,0.0343288705801579,"#AAAAAA"
4.6,4.2,0.0343288705801579,"#AAAAAA"
4,1,36.2856162032269,"#AAAAAA"
4.2,1,36.2856162032269,"#AAAAAA"
4.4,1,36.2856162032269,"#AAAAAA"
5,1,36.2856162032269,"#AAAAAA"
4.8,1,36.2856162032269,"#AAAAAA"
4.6,1,36.2856162032269,"#AAAAAA"
4,1,0.617919670442842,"#4daf4a"
4.2,1.5,0.617919670442842,"#4daf4a"
4.4,1.5,0.617919670442842,"#4daf4a"
5,5.5,0.617919670442842,"#AAAAAA"
4.8,5,0.617919670442842,"#AAAAAA"
4.6,5,0.617919670442842,"#AAAAAA"
4,5.5,13.2166151733608,"#ffd300"
4.2,5.6,13.2166151733608,"#ffd300"
4.4,5.6,13.2166151733608,"#ffd300"
5,6.4,13.2166151733608,"#4daf4a"
4.8,6.3,13.2166151733608,"#4daf4a"
4.6,6.3,13.2166151733608,"#4daf4a"
4,5.5,0.274630964641263,"#AAAAAA"
4.2,5,0.274630964641263,"#AAAAAA"
4.4,5,0.274630964641263,"#AAAAAA"
5,1,0.274630964641263,"#4daf4a"
4.8,1.5,0.274630964641263,"#4daf4a"
4.6,1.5,0.274630964641263,"#4daf4a"
4,5.5,2.608994164092,"#4daf4a"
4.2,5.5,2.608994164092,"#4daf4a"
4.4,5.5,2.608994164092,"#4daf4a"
5,5.5,2.608994164092,"#4daf4a"
4.8,5.5,2.608994164092,"#4daf4a"
4.6,5.5,2.608994164092,"#4daf4a"
5,6.4,1.99107449364916,"#ffd300"
5.2,6.4,1.99107449364916,"#ffd300"
5.4,6.4,1.99107449364916,"#ffd300"
6,6.4,1.99107449364916,"#ffd300"
5.8,6.4,1.99107449364916,"#ffd300"
5.6,6.4,1.99107449364916,"#ffd300"
5,6.4,0.755235152763474,"#AAAAAA"
5.2,5.8,0.755235152763474,"#AAAAAA"
5.4,5.8,0.755235152763474,"#AAAAAA"
6,1,0.755235152763474,"#ffd300"
5.8,1.6,0.755235152763474,"#ffd300"
5.6,1.6,0.755235152763474,"#ffd300"
5,6.4,12.9763130792997,"#4daf4a"
5.2,6.3,12.9763130792997,"#4daf4a"
5.4,6.3,12.9763130792997,"#4daf4a"
6,5.5,12.9763130792997,"#ffd300"
5.8,5.6,12.9763130792997,"#ffd300"
5.6,5.6,12.9763130792997,"#ffd300"
5,4.6,3.46721592859595,"#f781bf"
5.2,4.6,3.46721592859595,"#f781bf"
5.4,4.6,3.46721592859595,"#f781bf"
6,4.6,3.46721592859595,"#f781bf"
5.8,4.6,3.46721592859595,"#f781bf"
5.6,4.6,3.46721592859595,"#f781bf"
5,4.6,0.102986611740474,"#AAAAAA"
5.2,4.2,0.102986611740474,"#AAAAAA"
5.4,4.2,0.102986611740474,"#AAAAAA"
6,1,0.102986611740474,"#f781bf"
5.8,1.4,0.102986611740474,"#f781bf"
5.6,1.4,0.102986611740474,"#f781bf"
5,1,0.720906282183316,"#ffd300"
5.2,1.6,0.720906282183316,"#ffd300"
5.4,1.6,0.720906282183316,"#ffd300"
6,6.4,0.720906282183316,"#AAAAAA"
5.8,5.8,0.720906282183316,"#AAAAAA"
5.6,5.8,0.720906282183316,"#AAAAAA"
5,1,0.0686577411603158,"#f781bf"
5.2,1.4,0.0686577411603158,"#f781bf"
5.4,1.4,0.0686577411603158,"#f781bf"
6,4.6,0.0686577411603158,"#AAAAAA"
5.8,4.2,0.0686577411603158,"#AAAAAA"
5.6,4.2,0.0686577411603158,"#AAAAAA"
5,1,36.2169584620666,"#AAAAAA"
5.2,1,36.2169584620666,"#AAAAAA"
5.4,1,36.2169584620666,"#AAAAAA"
6,1,36.2169584620666,"#AAAAAA"
5.8,1,36.2169584620666,"#AAAAAA"
5.6,1,36.2169584620666,"#AAAAAA"
5,1,0.205973223480947,"#4daf4a"
5.2,1.5,0.205973223480947,"#4daf4a"
5.4,1.5,0.205973223480947,"#4daf4a"
6,5.5,0.205973223480947,"#AAAAAA"
5.8,5,0.205973223480947,"#AAAAAA"
5.6,5,0.205973223480947,"#AAAAAA"
5,5.5,42.0871953312736,"#ffd300"
5.2,5.6,42.0871953312736,"#ffd300"
5.4,5.6,42.0871953312736,"#ffd300"
6,6.4,42.0871953312736,"#4daf4a"
5.8,6.3,42.0871953312736,"#4daf4a"
5.6,6.3,42.0871953312736,"#4daf4a"
5,5.5,0.377617576381737,"#AAAAAA"
5.2,5,0.377617576381737,"#AAAAAA"
5.4,5,0.377617576381737,"#AAAAAA"
6,1,0.377617576381737,"#4daf4a"
5.8,1.5,0.377617576381737,"#4daf4a"
5.6,1.5,0.377617576381737,"#4daf4a"
5,5.5,1.02986611740474,"#4daf4a"
5.2,5.5,1.02986611740474,"#4daf4a"
5.4,5.5,1.02986611740474,"#4daf4a"
6,5.5,1.02986611740474,"#4daf4a"
5.8,5.5,1.02986611740474,"#4daf4a"
5.6,5.5,1.02986611740474,"#4daf4a"
6,6.4,1.27016821146584,"#ffd300"
6.2,6.4,1.27016821146584,"#ffd300"
6.4,6.4,1.27016821146584,"#ffd300"
7,6.4,1.27016821146584,"#ffd300"
6.8,6.4,1.27016821146584,"#ffd300"
6.6,6.4,1.27016821146584,"#ffd300"
6,6.4,0.205973223480947,"#AAAAAA"
6.2,5.8,0.205973223480947,"#AAAAAA"
6.4,5.8,0.205973223480947,"#AAAAAA"
7,1,0.205973223480947,"#ffd300"
6.8,1.6,0.205973223480947,"#ffd300"
6.6,1.6,0.205973223480947,"#ffd300"
6,6.4,43.3230346721593,"#4daf4a"
6.2,6.3,43.3230346721593,"#4daf4a"
6.4,6.3,43.3230346721593,"#4daf4a"
7,5.5,43.3230346721593,"#ffd300"
6.8,5.6,43.3230346721593,"#ffd300"
6.6,5.6,43.3230346721593,"#ffd300"
6,4.6,0.0343288705801579,"#AAAAAA"
6.2,4.2,0.0343288705801579,"#AAAAAA"
6.4,4.2,0.0343288705801579,"#AAAAAA"
7,1,0.0343288705801579,"#f781bf"
6.8,1.4,0.0343288705801579,"#f781bf"
6.6,1.4,0.0343288705801579,"#f781bf"
6,4.6,0.0343288705801579,"#4daf4a"
6.2,4.7,0.0343288705801579,"#4daf4a"
6.4,4.7,0.0343288705801579,"#4daf4a"
7,5.5,0.0343288705801579,"#f781bf"
6.8,5.4,0.0343288705801579,"#f781bf"
6.6,5.4,0.0343288705801579,"#f781bf"
6,1,0.480604188122211,"#ffd300"
6.2,1.6,0.480604188122211,"#ffd300"
6.4,1.6,0.480604188122211,"#ffd300"
7,6.4,0.480604188122211,"#AAAAAA"
6.8,5.8,0.480604188122211,"#AAAAAA"
6.6,5.8,0.480604188122211,"#AAAAAA"
6,1,0.0343288705801579,"#f781bf"
6.2,1.4,0.0343288705801579,"#f781bf"
6.4,1.4,0.0343288705801579,"#f781bf"
7,4.6,0.0343288705801579,"#AAAAAA"
6.8,4.2,0.0343288705801579,"#AAAAAA"
6.6,4.2,0.0343288705801579,"#AAAAAA"
6,1,39.8214898729832,"#AAAAAA"
6.2,1,39.8214898729832,"#AAAAAA"
6.4,1,39.8214898729832,"#AAAAAA"
7,1,39.8214898729832,"#AAAAAA"
6.8,1,39.8214898729832,"#AAAAAA"
6.6,1,39.8214898729832,"#AAAAAA"
6,1,0.583590799862684,"#4daf4a"
6.2,1.5,0.583590799862684,"#4daf4a"
6.4,1.5,0.583590799862684,"#4daf4a"
7,5.5,0.583590799862684,"#AAAAAA"
6.8,5,0.583590799862684,"#AAAAAA"
6.6,5,0.583590799862684,"#AAAAAA"
6,5.5,13.8002059732235,"#ffd300"
6.2,5.6,13.8002059732235,"#ffd300"
6.4,5.6,13.8002059732235,"#ffd300"
7,6.4,13.8002059732235,"#4daf4a"
6.8,6.3,13.8002059732235,"#4daf4a"
6.6,6.3,13.8002059732235,"#4daf4a"
6,5.5,0.0686577411603158,"#AAAAAA"
6.2,5,0.0686577411603158,"#AAAAAA"
6.4,5,0.0686577411603158,"#AAAAAA"
7,1,0.0686577411603158,"#4daf4a"
6.8,1.5,0.0686577411603158,"#4daf4a"
6.6,1.5,0.0686577411603158,"#4daf4a"
6,5.5,0.343288705801579,"#4daf4a"
6.2,5.5,0.343288705801579,"#4daf4a"
6.4,5.5,0.343288705801579,"#4daf4a"
7,5.5,0.343288705801579,"#4daf4a"
6.8,5.5,0.343288705801579,"#4daf4a"
6.6,5.5,0.343288705801579,"#4daf4a"
7,6.4,1.57912804668726,"#ffd300"
7.2,6.4,1.57912804668726,"#ffd300"
7.4,6.4,1.57912804668726,"#ffd300"
8,6.4,1.57912804668726,"#ffd300"
7.8,6.4,1.57912804668726,"#ffd300"
7.6,6.4,1.57912804668726,"#ffd300"
7,6.4,0.205973223480947,"#f781bf"
7.2,6.2,0.205973223480947,"#f781bf"
7.4,6.2,0.205973223480947,"#f781bf"
8,4.6,0.205973223480947,"#ffd300"
7.8,4.8,0.205973223480947,"#ffd300"
7.6,4.8,0.205973223480947,"#ffd300"
7,6.4,13.7658771026433,"#4daf4a"
7.2,6.3,13.7658771026433,"#4daf4a"
7.4,6.3,13.7658771026433,"#4daf4a"
8,5.5,13.7658771026433,"#ffd300"
7.8,5.6,13.7658771026433,"#ffd300"
7.6,5.6,13.7658771026433,"#ffd300"
7,4.6,0.102986611740474,"#f781bf"
7.2,4.6,0.102986611740474,"#f781bf"
7.4,4.6,0.102986611740474,"#f781bf"
8,4.6,0.102986611740474,"#f781bf"
7.8,4.6,0.102986611740474,"#f781bf"
7.6,4.6,0.102986611740474,"#f781bf"
7,4.6,0.0343288705801579,"#AAAAAA"
7.2,4.2,0.0343288705801579,"#AAAAAA"
7.4,4.2,0.0343288705801579,"#AAAAAA"
8,1,0.0343288705801579,"#f781bf"
7.8,1.4,0.0343288705801579,"#f781bf"
7.6,1.4,0.0343288705801579,"#f781bf"
7,1,0.240302094061105,"#ffd300"
7.2,1.6,0.240302094061105,"#ffd300"
7.4,1.6,0.240302094061105,"#ffd300"
8,6.4,0.240302094061105,"#AAAAAA"
7.8,5.8,0.240302094061105,"#AAAAAA"
7.6,5.8,0.240302094061105,"#AAAAAA"
7,1,39.5811877789221,"#AAAAAA"
7.2,1,39.5811877789221,"#AAAAAA"
7.4,1,39.5811877789221,"#AAAAAA"
8,1,39.5811877789221,"#AAAAAA"
7.8,1,39.5811877789221,"#AAAAAA"
7.6,1,39.5811877789221,"#AAAAAA"
7,1,0.205973223480947,"#4daf4a"
7.2,1.5,0.205973223480947,"#4daf4a"
7.4,1.5,0.205973223480947,"#4daf4a"
8,5.5,0.205973223480947,"#AAAAAA"
7.8,5,0.205973223480947,"#AAAAAA"
7.6,5,0.205973223480947,"#AAAAAA"
7,5.5,43.0827325780982,"#ffd300"
7.2,5.6,43.0827325780982,"#ffd300"
7.4,5.6,43.0827325780982,"#ffd300"
8,6.4,43.0827325780982,"#4daf4a"
7.8,6.3,43.0827325780982,"#4daf4a"
7.6,6.3,43.0827325780982,"#4daf4a"
7,5.5,0.102986611740474,"#f781bf"
7.2,5.4,0.102986611740474,"#f781bf"
7.4,5.4,0.102986611740474,"#f781bf"
8,4.6,0.102986611740474,"#4daf4a"
7.8,4.7,0.102986611740474,"#4daf4a"
7.6,4.7,0.102986611740474,"#4daf4a"
7,5.5,0.0343288705801579,"#AAAAAA"
7.2,5,0.0343288705801579,"#AAAAAA"
7.4,5,0.0343288705801579,"#AAAAAA"
8,1,0.0343288705801579,"#4daf4a"
7.8,1.5,0.0343288705801579,"#4daf4a"
7.6,1.5,0.0343288705801579,"#4daf4a"
7,5.5,1.0641949879849,"#4daf4a"
7.2,5.5,1.0641949879849,"#4daf4a"
7.4,5.5,1.0641949879849,"#4daf4a"
8,5.5,1.0641949879849,"#4daf4a"
7.8,5.5,1.0641949879849,"#4daf4a"
7.6,5.5,1.0641949879849,"#4daf4a"
8,6.4,0.274630964641263,"#ffd300"
8.2,6.4,0.274630964641263,"#ffd300"
8.4,6.4,0.274630964641263,"#ffd300"
9,6.4,0.274630964641263,"#ffd300"
8.8,6.4,0.274630964641263,"#ffd300"
8.6,6.4,0.274630964641263,"#ffd300"
8,6.4,0.137315482320632,"#f781bf"
8.2,6.2,0.137315482320632,"#f781bf"
8.4,6.2,0.137315482320632,"#f781bf"
9,4.6,0.137315482320632,"#ffd300"
8.8,4.8,0.137315482320632,"#ffd300"
8.6,4.8,0.137315482320632,"#ffd300"
8,6.4,0.0686577411603158,"#AAAAAA"
8.2,5.8,0.0686577411603158,"#AAAAAA"
8.4,5.8,0.0686577411603158,"#AAAAAA"
9,1,0.0686577411603158,"#ffd300"
8.8,1.6,0.0686577411603158,"#ffd300"
8.6,1.6,0.0686577411603158,"#ffd300"
8,6.4,44.4215585307243,"#4daf4a"
8.2,6.3,44.4215585307243,"#4daf4a"
8.4,6.3,44.4215585307243,"#4daf4a"
9,5.5,44.4215585307243,"#ffd300"
8.8,5.6,44.4215585307243,"#ffd300"
8.6,5.6,44.4215585307243,"#ffd300"
8,4.6,0.17164435290079,"#f781bf"
8.2,4.6,0.17164435290079,"#f781bf"
8.4,4.6,0.17164435290079,"#f781bf"
9,4.6,0.17164435290079,"#f781bf"
8.8,4.6,0.17164435290079,"#f781bf"
8.6,4.6,0.17164435290079,"#f781bf"
8,4.6,0.137315482320632,"#4daf4a"
8.2,4.7,0.137315482320632,"#4daf4a"
8.4,4.7,0.137315482320632,"#4daf4a"
9,5.5,0.137315482320632,"#f781bf"
8.8,5.4,0.137315482320632,"#f781bf"
8.6,5.4,0.137315482320632,"#f781bf"
8,1,39.6841743906625,"#AAAAAA"
8.2,1,39.6841743906625,"#AAAAAA"
8.4,1,39.6841743906625,"#AAAAAA"
9,1,39.6841743906625,"#AAAAAA"
8.8,1,39.6841743906625,"#AAAAAA"
8.6,1,39.6841743906625,"#AAAAAA"
8,1,0.0686577411603158,"#4daf4a"
8.2,1.5,0.0686577411603158,"#4daf4a"
8.4,1.5,0.0686577411603158,"#4daf4a"
9,5.5,0.0686577411603158,"#AAAAAA"
8.8,5,0.0686577411603158,"#AAAAAA"
8.6,5,0.0686577411603158,"#AAAAAA"
8,5.5,4.3254376930999,"#ffd300"
8.2,5.6,4.3254376930999,"#ffd300"
8.4,5.6,4.3254376930999,"#ffd300"
9,6.4,4.3254376930999,"#4daf4a"
8.8,6.3,4.3254376930999,"#4daf4a"
8.6,6.3,4.3254376930999,"#4daf4a"
8,5.5,0.205973223480947,"#AAAAAA"
8.2,5,0.205973223480947,"#AAAAAA"
8.4,5,0.205973223480947,"#AAAAAA"
9,1,0.205973223480947,"#4daf4a"
8.8,1.5,0.205973223480947,"#4daf4a"
8.6,1.5,0.205973223480947,"#4daf4a"
8,5.5,10.5046343975283,"#4daf4a"
8.2,5.5,10.5046343975283,"#4daf4a"
8.4,5.5,10.5046343975283,"#4daf4a"
9,5.5,10.5046343975283,"#4daf4a"
8.8,5.5,10.5046343975283,"#4daf4a"
8.6,5.5,10.5046343975283,"#4daf4a"
9,6.4,0.17164435290079,"#ffd300"
9.2,6.4,0.17164435290079,"#ffd300"
9.4,6.4,0.17164435290079,"#ffd300"
10,6.4,0.17164435290079,"#ffd300"
9.8,6.4,0.17164435290079,"#ffd300"
9.6,6.4,0.17164435290079,"#ffd300"
9,6.4,0.0343288705801579,"#f781bf"
9.2,6.2,0.0343288705801579,"#f781bf"
9.4,6.2,0.0343288705801579,"#f781bf"
10,4.6,0.0343288705801579,"#ffd300"
9.8,4.8,0.0343288705801579,"#ffd300"
9.6,4.8,0.0343288705801579,"#ffd300"
9,6.4,4.39409543426021,"#4daf4a"
9.2,6.3,4.39409543426021,"#4daf4a"
9.4,6.3,4.39409543426021,"#4daf4a"
10,5.5,4.39409543426021,"#ffd300"
9.8,5.6,4.39409543426021,"#ffd300"
9.6,5.6,4.39409543426021,"#ffd300"
9,4.6,0.102986611740474,"#ffd300"
9.2,4.8,0.102986611740474,"#ffd300"
9.4,4.8,0.102986611740474,"#ffd300"
10,6.4,0.102986611740474,"#f781bf"
9.8,6.2,0.102986611740474,"#f781bf"
9.6,6.2,0.102986611740474,"#f781bf"
9,4.6,0.17164435290079,"#f781bf"
9.2,4.6,0.17164435290079,"#f781bf"
9.4,4.6,0.17164435290079,"#f781bf"
10,4.6,0.17164435290079,"#f781bf"
9.8,4.6,0.17164435290079,"#f781bf"
9.6,4.6,0.17164435290079,"#f781bf"
9,4.6,0.0686577411603158,"#AAAAAA"
9.2,4.2,0.0686577411603158,"#AAAAAA"
9.4,4.2,0.0686577411603158,"#AAAAAA"
10,1,0.0686577411603158,"#f781bf"
9.8,1.4,0.0686577411603158,"#f781bf"
9.6,1.4,0.0686577411603158,"#f781bf"
9,1,0.0343288705801579,"#ffd300"
9.2,1.6,0.0343288705801579,"#ffd300"
9.4,1.6,0.0343288705801579,"#ffd300"
10,6.4,0.0343288705801579,"#AAAAAA"
9.8,5.8,0.0343288705801579,"#AAAAAA"
9.6,5.8,0.0343288705801579,"#AAAAAA"
9,1,39.6498455200824,"#AAAAAA"
9.2,1,39.6498455200824,"#AAAAAA"
9.4,1,39.6498455200824,"#AAAAAA"
10,1,39.6498455200824,"#AAAAAA"
9.8,1,39.6498455200824,"#AAAAAA"
9.6,1,39.6498455200824,"#AAAAAA"
9,1,0.240302094061105,"#4daf4a"
9.2,1.5,0.240302094061105,"#4daf4a"
9.4,1.5,0.240302094061105,"#4daf4a"
10,5.5,0.240302094061105,"#AAAAAA"
9.8,5,0.240302094061105,"#AAAAAA"
9.6,5,0.240302094061105,"#AAAAAA"
9,5.5,42.7051150017164,"#ffd300"
9.2,5.6,42.7051150017164,"#ffd300"
9.4,5.6,42.7051150017164,"#ffd300"
10,6.4,42.7051150017164,"#4daf4a"
9.8,6.3,42.7051150017164,"#4daf4a"
9.6,6.3,42.7051150017164,"#4daf4a"
9,5.5,0.0343288705801579,"#f781bf"
9.2,5.4,0.0343288705801579,"#f781bf"
9.4,5.4,0.0343288705801579,"#f781bf"
10,4.6,0.0343288705801579,"#4daf4a"
9.8,4.7,0.0343288705801579,"#4daf4a"
9.6,4.7,0.0343288705801579,"#4daf4a"
9,5.5,0.102986611740474,"#AAAAAA"
9.2,5,0.102986611740474,"#AAAAAA"
9.4,5,0.102986611740474,"#AAAAAA"
10,1,0.102986611740474,"#4daf4a"
9.8,1.5,0.102986611740474,"#4daf4a"
9.6,1.5,0.102986611740474,"#4daf4a"
9,5.5,12.2897356676965,"#4daf4a"
9.2,5.5,12.2897356676965,"#4daf4a"
9.4,5.5,12.2897356676965,"#4daf4a"
10,5.5,12.2897356676965,"#4daf4a"
9.8,5.5,12.2897356676965,"#4daf4a"
9.6,5.5,12.2897356676965,"#4daf4a"
10,6.4,0.0686577411603158,"#ffd300"
10.2,6.4,0.0686577411603158,"#ffd300"
10.4,6.4,0.0686577411603158,"#ffd300"
11,6.4,0.0686577411603158,"#ffd300"
10.8,6.4,0.0686577411603158,"#ffd300"
10.6,6.4,0.0686577411603158,"#ffd300"
10,6.4,0.0686577411603158,"#f781bf"
10.2,6.2,0.0686577411603158,"#f781bf"
10.4,6.2,0.0686577411603158,"#f781bf"
11,4.6,0.0686577411603158,"#ffd300"
10.8,4.8,0.0686577411603158,"#ffd300"
10.6,4.8,0.0686577411603158,"#ffd300"
10,6.4,0.0343288705801579,"#AAAAAA"
10.2,5.8,0.0343288705801579,"#AAAAAA"
10.4,5.8,0.0343288705801579,"#AAAAAA"
11,1,0.0343288705801579,"#ffd300"
10.8,1.6,0.0343288705801579,"#ffd300"
10.6,1.6,0.0343288705801579,"#ffd300"
10,6.4,42.8424304840371,"#4daf4a"
10.2,6.3,42.8424304840371,"#4daf4a"
10.4,6.3,42.8424304840371,"#4daf4a"
11,5.5,42.8424304840371,"#ffd300"
10.8,5.6,42.8424304840371,"#ffd300"
10.6,5.6,42.8424304840371,"#ffd300"
10,4.6,0.0343288705801579,"#ffd300"
10.2,4.8,0.0343288705801579,"#ffd300"
10.4,4.8,0.0343288705801579,"#ffd300"
11,6.4,0.0343288705801579,"#f781bf"
10.8,6.2,0.0343288705801579,"#f781bf"
10.6,6.2,0.0343288705801579,"#f781bf"
10,4.6,0.17164435290079,"#f781bf"
10.2,4.6,0.17164435290079,"#f781bf"
10.4,4.6,0.17164435290079,"#f781bf"
11,4.6,0.17164435290079,"#f781bf"
10.8,4.6,0.17164435290079,"#f781bf"
10.6,4.6,0.17164435290079,"#f781bf"
10,1,0.0686577411603158,"#f781bf"
10.2,1.4,0.0686577411603158,"#f781bf"
10.4,1.4,0.0686577411603158,"#f781bf"
11,4.6,0.0686577411603158,"#AAAAAA"
10.8,4.2,0.0686577411603158,"#AAAAAA"
10.6,4.2,0.0686577411603158,"#AAAAAA"
10,1,39.5125300377618,"#AAAAAA"
10.2,1,39.5125300377618,"#AAAAAA"
10.4,1,39.5125300377618,"#AAAAAA"
11,1,39.5125300377618,"#AAAAAA"
10.8,1,39.5125300377618,"#AAAAAA"
10.6,1,39.5125300377618,"#AAAAAA"
10,1,0.274630964641263,"#4daf4a"
10.2,1.5,0.274630964641263,"#4daf4a"
10.4,1.5,0.274630964641263,"#4daf4a"
11,5.5,0.274630964641263,"#AAAAAA"
10.8,5,0.274630964641263,"#AAAAAA"
10.6,5,0.274630964641263,"#AAAAAA"
10,5.5,4.39409543426021,"#ffd300"
10.2,5.6,4.39409543426021,"#ffd300"
10.4,5.6,4.39409543426021,"#ffd300"
11,6.4,4.39409543426021,"#4daf4a"
10.8,6.3,4.39409543426021,"#4daf4a"
10.6,6.3,4.39409543426021,"#4daf4a"
10,5.5,0.0686577411603158,"#f781bf"
10.2,5.4,0.0686577411603158,"#f781bf"
10.4,5.4,0.0686577411603158,"#f781bf"
11,4.6,0.0686577411603158,"#4daf4a"
10.8,4.7,0.0686577411603158,"#4daf4a"
10.6,4.7,0.0686577411603158,"#4daf4a"
10,5.5,0.240302094061105,"#AAAAAA"
10.2,5,0.240302094061105,"#AAAAAA"
10.4,5,0.240302094061105,"#AAAAAA"
11,1,0.240302094061105,"#4daf4a"
10.8,1.5,0.240302094061105,"#4daf4a"
10.6,1.5,0.240302094061105,"#4daf4a"
10,5.5,12.2210779265362,"#4daf4a"
10.2,5.5,12.2210779265362,"#4daf4a"
10.4,5.5,12.2210779265362,"#4daf4a"
11,5.5,12.2210779265362,"#4daf4a"
10.8,5.5,12.2210779265362,"#4daf4a"
10.6,5.5,12.2210779265362,"#4daf4a"
11,6.4,0.0686577411603158,"#ffd300"
11.2,6.4,0.0686577411603158,"#ffd300"
11.4,6.4,0.0686577411603158,"#ffd300"
12,6.4,0.0686577411603158,"#ffd300"
11.8,6.4,0.0686577411603158,"#ffd300"
11.6,6.4,0.0686577411603158,"#ffd300"
11,6.4,0.0343288705801579,"#f781bf"
11.2,6.2,0.0343288705801579,"#f781bf"
11.4,6.2,0.0343288705801579,"#f781bf"
12,4.6,0.0343288705801579,"#ffd300"
11.8,4.8,0.0343288705801579,"#ffd300"
11.6,4.8,0.0343288705801579,"#ffd300"
11,6.4,0.0686577411603158,"#AAAAAA"
11.2,5.8,0.0686577411603158,"#AAAAAA"
11.4,5.8,0.0686577411603158,"#AAAAAA"
12,1,0.0686577411603158,"#ffd300"
11.8,1.6,0.0686577411603158,"#ffd300"
11.6,1.6,0.0686577411603158,"#ffd300"
11,6.4,4.3254376930999,"#4daf4a"
11.2,6.3,4.3254376930999,"#4daf4a"
11.4,6.3,4.3254376930999,"#4daf4a"
12,5.5,4.3254376930999,"#ffd300"
11.8,5.6,4.3254376930999,"#ffd300"
11.6,5.6,4.3254376930999,"#ffd300"
11,4.6,0.480604188122211,"#f781bf"
11.2,4.6,0.480604188122211,"#f781bf"
11.4,4.6,0.480604188122211,"#f781bf"
12,4.6,0.480604188122211,"#f781bf"
11.8,4.6,0.480604188122211,"#f781bf"
11.6,4.6,0.480604188122211,"#f781bf"
11,4.6,0.102986611740474,"#AAAAAA"
11.2,4.2,0.102986611740474,"#AAAAAA"
11.4,4.2,0.102986611740474,"#AAAAAA"
12,1,0.102986611740474,"#f781bf"
11.8,1.4,0.102986611740474,"#f781bf"
11.6,1.4,0.102986611740474,"#f781bf"
11,1,0.583590799862684,"#ffd300"
11.2,1.6,0.583590799862684,"#ffd300"
11.4,1.6,0.583590799862684,"#ffd300"
12,6.4,0.583590799862684,"#AAAAAA"
11.8,5.8,0.583590799862684,"#AAAAAA"
11.6,5.8,0.583590799862684,"#AAAAAA"
11,1,37.6930998970134,"#AAAAAA"
11.2,1,37.6930998970134,"#AAAAAA"
11.4,1,37.6930998970134,"#AAAAAA"
12,1,37.6930998970134,"#AAAAAA"
11.8,1,37.6930998970134,"#AAAAAA"
11.6,1,37.6930998970134,"#AAAAAA"
11,1,1.304497082046,"#4daf4a"
11.2,1.5,1.304497082046,"#4daf4a"
11.4,1.5,1.304497082046,"#4daf4a"
12,5.5,1.304497082046,"#AAAAAA"
11.8,5,1.304497082046,"#AAAAAA"
11.6,5,1.304497082046,"#AAAAAA"
11,5.5,13.697219361483,"#ffd300"
11.2,5.6,13.697219361483,"#ffd300"
11.4,5.6,13.697219361483,"#ffd300"
12,6.4,13.697219361483,"#4daf4a"
11.8,6.3,13.697219361483,"#4daf4a"
11.6,6.3,13.697219361483,"#4daf4a"
11,5.5,21.1465842773773,"#AAAAAA"
11.2,5,21.1465842773773,"#AAAAAA"
11.4,5,21.1465842773773,"#AAAAAA"
12,1,21.1465842773773,"#4daf4a"
11.8,1.5,21.1465842773773,"#4daf4a"
11.6,1.5,21.1465842773773,"#4daf4a"
11,5.5,20.4943357363543,"#4daf4a"
11.2,5.5,20.4943357363543,"#4daf4a"
11.4,5.5,20.4943357363543,"#4daf4a"
12,5.5,20.4943357363543,"#4daf4a"
11.8,5.5,20.4943357363543,"#4daf4a"
11.6,5.5,20.4943357363543,"#4daf4a"
12,6.4,0.274630964641263,"#ffd300"
12.2,6.4,0.274630964641263,"#ffd300"
12.4,6.4,0.274630964641263,"#ffd300"
13,6.4,0.274630964641263,"#ffd300"
12.8,6.4,0.274630964641263,"#ffd300"
12.6,6.4,0.274630964641263,"#ffd300"
12,6.4,14.0748369378647,"#4daf4a"
12.2,6.3,14.0748369378647,"#4daf4a"
12.4,6.3,14.0748369378647,"#4daf4a"
13,5.5,14.0748369378647,"#ffd300"
12.8,5.6,14.0748369378647,"#ffd300"
12.6,5.6,14.0748369378647,"#ffd300"
12,4.6,0.0343288705801579,"#ffd300"
12.2,4.8,0.0343288705801579,"#ffd300"
12.4,4.8,0.0343288705801579,"#ffd300"
13,6.4,0.0343288705801579,"#f781bf"
12.8,6.2,0.0343288705801579,"#f781bf"
12.6,6.2,0.0343288705801579,"#f781bf"
12,4.6,0.377617576381737,"#f781bf"
12.2,4.6,0.377617576381737,"#f781bf"
12.4,4.6,0.377617576381737,"#f781bf"
13,4.6,0.377617576381737,"#f781bf"
12.8,4.6,0.377617576381737,"#f781bf"
12.6,4.6,0.377617576381737,"#f781bf"
12,1,20.5973223480947,"#ffd300"
12.2,1.6,20.5973223480947,"#ffd300"
12.4,1.6,20.5973223480947,"#ffd300"
13,6.4,20.5973223480947,"#AAAAAA"
12.8,5.8,20.5973223480947,"#AAAAAA"
12.6,5.8,20.5973223480947,"#AAAAAA"
12,1,0.0686577411603158,"#f781bf"
12.2,1.4,0.0686577411603158,"#f781bf"
12.4,1.4,0.0686577411603158,"#f781bf"
13,4.6,0.0686577411603158,"#AAAAAA"
12.8,4.2,0.0686577411603158,"#AAAAAA"
12.6,4.2,0.0686577411603158,"#AAAAAA"
12,1,37.6244421558531,"#AAAAAA"
12.2,1,37.6244421558531,"#AAAAAA"
12.4,1,37.6244421558531,"#AAAAAA"
13,1,37.6244421558531,"#AAAAAA"
12.8,1,37.6244421558531,"#AAAAAA"
12.6,1,37.6244421558531,"#AAAAAA"
12,1,0.82389289392379,"#4daf4a"
12.2,1.5,0.82389289392379,"#4daf4a"
12.4,1.5,0.82389289392379,"#4daf4a"
13,5.5,0.82389289392379,"#AAAAAA"
12.8,5,0.82389289392379,"#AAAAAA"
12.6,5,0.82389289392379,"#AAAAAA"
12,5.5,24.7511156882939,"#ffd300"
12.2,5.6,24.7511156882939,"#ffd300"
12.4,5.6,24.7511156882939,"#ffd300"
13,6.4,24.7511156882939,"#4daf4a"
12.8,6.3,24.7511156882939,"#4daf4a"
12.6,6.3,24.7511156882939,"#4daf4a"
12,5.5,0.102986611740474,"#f781bf"
12.2,5.4,0.102986611740474,"#f781bf"
12.4,5.4,0.102986611740474,"#f781bf"
13,4.6,0.102986611740474,"#4daf4a"
12.8,4.7,0.102986611740474,"#4daf4a"
12.6,4.7,0.102986611740474,"#4daf4a"
12,5.5,1.27016821146584,"#4daf4a"
12.2,5.5,1.27016821146584,"#4daf4a"
12.4,5.5,1.27016821146584,"#4daf4a"
13,5.5,1.27016821146584,"#4daf4a"
12.8,5.5,1.27016821146584,"#4daf4a"
12.6,5.5,1.27016821146584,"#4daf4a"
13,6.4,0.0343288705801579,"#ffd300"
13.2,6.4,0.0343288705801579,"#ffd300"
13.4,6.4,0.0343288705801579,"#ffd300"
14,6.4,0.0343288705801579,"#ffd300"
13.8,6.4,0.0343288705801579,"#ffd300"
13.6,6.4,0.0343288705801579,"#ffd300"
13,6.4,45.6230690010299,"#4daf4a"
13.2,6.3,45.6230690010299,"#4daf4a"
13.4,6.3,45.6230690010299,"#4daf4a"
14,5.5,45.6230690010299,"#ffd300"
13.8,5.6,45.6230690010299,"#ffd300"
13.6,5.6,45.6230690010299,"#ffd300"
13,4.6,0.0343288705801579,"#ffd300"
13.2,4.8,0.0343288705801579,"#ffd300"
13.4,4.8,0.0343288705801579,"#ffd300"
14,6.4,0.0343288705801579,"#f781bf"
13.8,6.2,0.0343288705801579,"#f781bf"
13.6,6.2,0.0343288705801579,"#f781bf"
13,4.6,0.274630964641263,"#f781bf"
13.2,4.6,0.274630964641263,"#f781bf"
13.4,4.6,0.274630964641263,"#f781bf"
14,4.6,0.274630964641263,"#f781bf"
13.8,4.6,0.274630964641263,"#f781bf"
13.6,4.6,0.274630964641263,"#f781bf"
13,4.6,0.240302094061105,"#AAAAAA"
13.2,4.2,0.240302094061105,"#AAAAAA"
13.4,4.2,0.240302094061105,"#AAAAAA"
14,1,0.240302094061105,"#f781bf"
13.8,1.4,0.240302094061105,"#f781bf"
13.6,1.4,0.240302094061105,"#f781bf"
13,4.6,0.0343288705801579,"#4daf4a"
13.2,4.7,0.0343288705801579,"#4daf4a"
13.4,4.7,0.0343288705801579,"#4daf4a"
14,5.5,0.0343288705801579,"#f781bf"
13.8,5.4,0.0343288705801579,"#f781bf"
13.6,5.4,0.0343288705801579,"#f781bf"
13,1,37.5557844146928,"#AAAAAA"
13.2,1,37.5557844146928,"#AAAAAA"
13.4,1,37.5557844146928,"#AAAAAA"
14,1,37.5557844146928,"#AAAAAA"
13.8,1,37.5557844146928,"#AAAAAA"
13.6,1,37.5557844146928,"#AAAAAA"
13,1,0.0343288705801579,"#4daf4a"
13.2,1.5,0.0343288705801579,"#4daf4a"
13.4,1.5,0.0343288705801579,"#4daf4a"
14,5.5,0.0343288705801579,"#AAAAAA"
13.8,5,0.0343288705801579,"#AAAAAA"
13.6,5,0.0343288705801579,"#AAAAAA"
13,5.5,14.7270854788877,"#ffd300"
13.2,5.6,14.7270854788877,"#ffd300"
13.4,5.6,14.7270854788877,"#ffd300"
14,6.4,14.7270854788877,"#4daf4a"
13.8,6.3,14.7270854788877,"#4daf4a"
13.6,6.3,14.7270854788877,"#4daf4a"
13,5.5,1.44181256436663,"#4daf4a"
13.2,5.5,1.44181256436663,"#4daf4a"
13.4,5.5,1.44181256436663,"#4daf4a"
14,5.5,1.44181256436663,"#4daf4a"
13.8,5.5,1.44181256436663,"#4daf4a"
13.6,5.5,1.44181256436663,"#4daf4a"
