"yearFrom","yearTo","cropRotate","cropFrom","cropTo","plottingColorFrom","plottingColorTo","plotXAxisFrom","plotXAxisTo","plotYAxisFrom","plotYAxisTo","xEndFrom","xEndTo","yEndFrom_streamlined","yEndTo_streamlined","totalNumPixels_cropTransition","totalPercPixelsWiArea_cropTransition","totalNumPixels_cropYearFrom","totalPercPixelsWiArea_cropYearFrom","totalNumPixels_cropYearTo","totalPercPixelsWiArea_cropYearTo"
2008,2009,"corn_corn","corn","corn","#ffd300","#ffd300",1,2,6.4,6.4,1.2,1.8,6.4,6.4,149,5.18260869565217,1551,53.9478260869565,1030,35.8260869565217
2008,2009,"corn_other","corn","other","#ffd300","#AAAAAA",1,2,6.4,1,1.2,1.8,5.8,1.6,44,1.5304347826087,1551,53.9478260869565,289,10.0521739130435
2008,2009,"corn_soy","corn","soy","#ffd300","#4daf4a",1,2,6.4,5.5,1.2,1.8,6.3,5.6,1345,46.7826086956522,1551,53.9478260869565,1348,46.8869565217391
2008,2009,"corn_springWheat","corn","springWheat","#ffd300","#a65628",1,2,6.4,3.7,1.2,1.8,6.1,4,13,0.452173913043478,1551,53.9478260869565,206,7.16521739130435
2008,2009,"dryBeans_corn","dryBeans","corn","#e41a1c","#ffd300",1,2,1.9,6.4,1.2,1.8,2.4,5.9,3,0.104347826086957,3,0.104347826086957,1030,35.8260869565217
2008,2009,"hay_corn","hay","corn","#f781bf","#ffd300",1,2,4.6,6.4,1.2,1.8,4.8,6.2,1,0.0347826086956522,1,0.0347826086956522,1030,35.8260869565217
2008,2009,"other_corn","other","corn","#AAAAAA","#ffd300",1,2,1,6.4,1.2,1.8,1.6,5.8,12,0.417391304347826,224,7.79130434782609,1030,35.8260869565217
2008,2009,"other_other","other","other","#AAAAAA","#AAAAAA",1,2,1,1,1.2,1.8,1,1,209,7.26956521739131,224,7.79130434782609,289,10.0521739130435
2008,2009,"other_soy","other","soy","#AAAAAA","#4daf4a",1,2,1,5.5,1.2,1.8,1.5,5,1,0.0347826086956522,224,7.79130434782609,1348,46.8869565217391
2008,2009,"other_springWheat","other","springWheat","#AAAAAA","#a65628",1,2,1,3.7,1.2,1.8,1.3,3.4,2,0.0695652173913043,224,7.79130434782609,206,7.16521739130435
2008,2009,"soy_corn","soy","corn","#4daf4a","#ffd300",1,2,5.5,6.4,1.2,1.8,5.6,6.3,586,20.3826086956522,817,28.4173913043478,1030,35.8260869565217
2008,2009,"soy_hay","soy","hay","#4daf4a","#f781bf",1,2,5.5,4.6,1.2,1.8,5.4,4.7,1,0.0347826086956522,817,28.4173913043478,1,0.0347826086956522
2008,2009,"soy_other","soy","other","#4daf4a","#AAAAAA",1,2,5.5,1,1.2,1.8,5,1.5,36,1.25217391304348,817,28.4173913043478,289,10.0521739130435
2008,2009,"soy_soy","soy","soy","#4daf4a","#4daf4a",1,2,5.5,5.5,1.2,1.8,5.5,5.5,2,0.0695652173913043,817,28.4173913043478,1348,46.8869565217391
2008,2009,"soy_springWheat","soy","springWheat","#4daf4a","#a65628",1,2,5.5,3.7,1.2,1.8,5.3,3.9,191,6.64347826086957,817,28.4173913043478,206,7.16521739130435
2008,2009,"soy_sugarbeets","soy","sugarbeets","#4daf4a","#377eb8",1,2,5.5,2.8,1.2,1.8,5.2,3.1,1,0.0347826086956522,817,28.4173913043478,1,0.0347826086956522
2008,2009,"springWheat_corn","springWheat","corn","#a65628","#ffd300",1,2,3.7,6.4,1.2,1.8,4,6.1,279,9.70434782608696,279,9.70434782608696,1030,35.8260869565217
2009,2010,"corn_corn","corn","corn","#ffd300","#ffd300",2,3,6.4,6.4,2.2,2.8,6.4,6.4,15,0.521739130434783,1030,35.8260869565217,1340,46.6086956521739
2009,2010,"corn_other","corn","other","#ffd300","#AAAAAA",2,3,6.4,1,2.2,2.8,5.8,1.6,12,0.417391304347826,1030,35.8260869565217,259,9.00869565217391
2009,2010,"corn_soy","corn","soy","#ffd300","#4daf4a",2,3,6.4,5.5,2.2,2.8,6.3,5.6,1002,34.8521739130435,1030,35.8260869565217,1098,38.1913043478261
2009,2010,"corn_springWheat","corn","springWheat","#ffd300","#a65628",2,3,6.4,3.7,2.2,2.8,6.1,4,1,0.0347826086956522,1030,35.8260869565217,172,5.98260869565217
2009,2010,"hay_corn","hay","corn","#f781bf","#ffd300",2,3,4.6,6.4,2.2,2.8,4.8,6.2,1,0.0347826086956522,1,0.0347826086956522,1340,46.6086956521739
2009,2010,"other_corn","other","corn","#AAAAAA","#ffd300",2,3,1,6.4,2.2,2.8,1.6,5.8,24,0.834782608695652,289,10.0521739130435,1340,46.6086956521739
2009,2010,"other_hay","other","hay","#AAAAAA","#f781bf",2,3,1,4.6,2.2,2.8,1.4,4.2,2,0.0695652173913043,289,10.0521739130435,4,0.139130434782609
2009,2010,"other_other","other","other","#AAAAAA","#AAAAAA",2,3,1,1,2.2,2.8,1,1,225,7.82608695652174,289,10.0521739130435,259,9.00869565217391
2009,2010,"other_soy","other","soy","#AAAAAA","#4daf4a",2,3,1,5.5,2.2,2.8,1.5,5,27,0.939130434782609,289,10.0521739130435,1098,38.1913043478261
2009,2010,"other_springWheat","other","springWheat","#AAAAAA","#a65628",2,3,1,3.7,2.2,2.8,1.3,3.4,11,0.382608695652174,289,10.0521739130435,172,5.98260869565217
2009,2010,"soy_corn","soy","corn","#4daf4a","#ffd300",2,3,5.5,6.4,2.2,2.8,5.6,6.3,1133,39.4086956521739,1348,46.8869565217391,1340,46.6086956521739
2009,2010,"soy_dryBeans","soy","dryBeans","#4daf4a","#e41a1c",2,3,5.5,1.9,2.2,2.8,5.1,2.3,2,0.0695652173913043,1348,46.8869565217391,2,0.0695652173913043
2009,2010,"soy_hay","soy","hay","#4daf4a","#f781bf",2,3,5.5,4.6,2.2,2.8,5.4,4.7,2,0.0695652173913043,1348,46.8869565217391,4,0.139130434782609
2009,2010,"soy_other","soy","other","#4daf4a","#AAAAAA",2,3,5.5,1,2.2,2.8,5,1.5,22,0.765217391304348,1348,46.8869565217391,259,9.00869565217391
2009,2010,"soy_soy","soy","soy","#4daf4a","#4daf4a",2,3,5.5,5.5,2.2,2.8,5.5,5.5,35,1.21739130434783,1348,46.8869565217391,1098,38.1913043478261
2009,2010,"soy_springWheat","soy","springWheat","#4daf4a","#a65628",2,3,5.5,3.7,2.2,2.8,5.3,3.9,154,5.35652173913043,1348,46.8869565217391,172,5.98260869565217
2009,2010,"springWheat_corn","springWheat","corn","#a65628","#ffd300",2,3,3.7,6.4,2.2,2.8,4,6.1,167,5.80869565217391,206,7.16521739130435,1340,46.6086956521739
2009,2010,"springWheat_soy","springWheat","soy","#a65628","#4daf4a",2,3,3.7,5.5,2.2,2.8,3.9,5.3,33,1.14782608695652,206,7.16521739130435,1098,38.1913043478261
2009,2010,"springWheat_springWheat","springWheat","springWheat","#a65628","#a65628",2,3,3.7,3.7,2.2,2.8,3.7,3.7,6,0.208695652173913,206,7.16521739130435,172,5.98260869565217
2009,2010,"sugarbeets_soy","sugarbeets","soy","#377eb8","#4daf4a",2,3,2.8,5.5,2.2,2.8,3.1,5.2,1,0.0347826086956522,1,0.0347826086956522,1098,38.1913043478261
2010,2011,"corn_corn","corn","corn","#ffd300","#ffd300",3,4,6.4,6.4,3.2,3.8,6.4,6.4,43,1.49565217391304,1340,46.6086956521739,996,34.6434782608696
2010,2011,"corn_dryBeans","corn","dryBeans","#ffd300","#e41a1c",3,4,6.4,1.9,3.2,3.8,5.9,2.4,2,0.0695652173913043,1340,46.6086956521739,2,0.0695652173913043
2010,2011,"corn_hay","corn","hay","#ffd300","#f781bf",3,4,6.4,4.6,3.2,3.8,6.2,4.8,2,0.0695652173913043,1340,46.6086956521739,13,0.452173913043478
2010,2011,"corn_other","corn","other","#ffd300","#AAAAAA",3,4,6.4,1,3.2,3.8,5.8,1.6,9,0.31304347826087,1340,46.6086956521739,249,8.66086956521739
2010,2011,"corn_soy","corn","soy","#ffd300","#4daf4a",3,4,6.4,5.5,3.2,3.8,6.3,5.6,1002,34.8521739130435,1340,46.6086956521739,1036,36.0347826086957
2010,2011,"corn_springWheat","corn","springWheat","#ffd300","#a65628",3,4,6.4,3.7,3.2,3.8,6.1,4,281,9.77391304347826,1340,46.6086956521739,578,20.104347826087
2010,2011,"corn_sugarbeets","corn","sugarbeets","#ffd300","#377eb8",3,4,6.4,2.8,3.2,3.8,6,3.2,1,0.0347826086956522,1340,46.6086956521739,1,0.0347826086956522
2010,2011,"dryBeans_corn","dryBeans","corn","#e41a1c","#ffd300",3,4,1.9,6.4,3.2,3.8,2.4,5.9,1,0.0347826086956522,2,0.0695652173913043,996,34.6434782608696
2010,2011,"dryBeans_soy","dryBeans","soy","#e41a1c","#4daf4a",3,4,1.9,5.5,3.2,3.8,2.3,5.1,1,0.0347826086956522,2,0.0695652173913043,1036,36.0347826086957
2010,2011,"hay_other","hay","other","#f781bf","#AAAAAA",3,4,4.6,1,3.2,3.8,4.2,1.4,2,0.0695652173913043,4,0.139130434782609,249,8.66086956521739
2010,2011,"hay_soy","hay","soy","#f781bf","#4daf4a",3,4,4.6,5.5,3.2,3.8,4.7,5.4,2,0.0695652173913043,4,0.139130434782609,1036,36.0347826086957
2010,2011,"other_corn","other","corn","#AAAAAA","#ffd300",3,4,1,6.4,3.2,3.8,1.6,5.8,17,0.591304347826087,259,9.00869565217391,996,34.6434782608696
2010,2011,"other_hay","other","hay","#AAAAAA","#f781bf",3,4,1,4.6,3.2,3.8,1.4,4.2,9,0.31304347826087,259,9.00869565217391,13,0.452173913043478
2010,2011,"other_other","other","other","#AAAAAA","#AAAAAA",3,4,1,1,3.2,3.8,1,1,218,7.58260869565217,259,9.00869565217391,249,8.66086956521739
2010,2011,"other_soy","other","soy","#AAAAAA","#4daf4a",3,4,1,5.5,3.2,3.8,1.5,5,6,0.208695652173913,259,9.00869565217391,1036,36.0347826086957
2010,2011,"other_springWheat","other","springWheat","#AAAAAA","#a65628",3,4,1,3.7,3.2,3.8,1.3,3.4,9,0.31304347826087,259,9.00869565217391,578,20.104347826087
2010,2011,"soy_corn","soy","corn","#4daf4a","#ffd300",3,4,5.5,6.4,3.2,3.8,5.6,6.3,826,28.7304347826087,1098,38.1913043478261,996,34.6434782608696
2010,2011,"soy_hay","soy","hay","#4daf4a","#f781bf",3,4,5.5,4.6,3.2,3.8,5.4,4.7,2,0.0695652173913043,1098,38.1913043478261,13,0.452173913043478
2010,2011,"soy_other","soy","other","#4daf4a","#AAAAAA",3,4,5.5,1,3.2,3.8,5,1.5,17,0.591304347826087,1098,38.1913043478261,249,8.66086956521739
2010,2011,"soy_soy","soy","soy","#4daf4a","#4daf4a",3,4,5.5,5.5,3.2,3.8,5.5,5.5,17,0.591304347826087,1098,38.1913043478261,1036,36.0347826086957
2010,2011,"soy_springWheat","soy","springWheat","#4daf4a","#a65628",3,4,5.5,3.7,3.2,3.8,5.3,3.9,236,8.20869565217391,1098,38.1913043478261,578,20.104347826087
2010,2011,"springWheat_corn","springWheat","corn","#a65628","#ffd300",3,4,3.7,6.4,3.2,3.8,4,6.1,109,3.79130434782609,172,5.98260869565217,996,34.6434782608696
2010,2011,"springWheat_other","springWheat","other","#a65628","#AAAAAA",3,4,3.7,1,3.2,3.8,3.4,1.3,3,0.104347826086957,172,5.98260869565217,249,8.66086956521739
2010,2011,"springWheat_soy","springWheat","soy","#a65628","#4daf4a",3,4,3.7,5.5,3.2,3.8,3.9,5.3,8,0.278260869565217,172,5.98260869565217,1036,36.0347826086957
2010,2011,"springWheat_springWheat","springWheat","springWheat","#a65628","#a65628",3,4,3.7,3.7,3.2,3.8,3.7,3.7,52,1.80869565217391,172,5.98260869565217,578,20.104347826087
2011,2012,"corn_corn","corn","corn","#ffd300","#ffd300",4,5,6.4,6.4,4.2,4.8,6.4,6.4,120,4.17391304347826,996,34.6434782608696,1713,59.5826086956522
2011,2012,"corn_other","corn","other","#ffd300","#AAAAAA",4,5,6.4,1,4.2,4.8,5.8,1.6,4,0.139130434782609,996,34.6434782608696,241,8.38260869565218
2011,2012,"corn_soy","corn","soy","#ffd300","#4daf4a",4,5,6.4,5.5,4.2,4.8,6.3,5.6,872,30.3304347826087,996,34.6434782608696,911,31.6869565217391
2011,2012,"dryBeans_corn","dryBeans","corn","#e41a1c","#ffd300",4,5,1.9,6.4,4.2,4.8,2.4,5.9,2,0.0695652173913043,2,0.0695652173913043,1713,59.5826086956522
2011,2012,"hay_corn","hay","corn","#f781bf","#ffd300",4,5,4.6,6.4,4.2,4.8,4.8,6.2,3,0.104347826086957,13,0.452173913043478,1713,59.5826086956522
2011,2012,"hay_other","hay","other","#f781bf","#AAAAAA",4,5,4.6,1,4.2,4.8,4.2,1.4,10,0.347826086956522,13,0.452173913043478,241,8.38260869565218
2011,2012,"other_corn","other","corn","#AAAAAA","#ffd300",4,5,1,6.4,4.2,4.8,1.6,5.8,23,0.8,249,8.66086956521739,1713,59.5826086956522
2011,2012,"other_dryBeans","other","dryBeans","#AAAAAA","#e41a1c",4,5,1,1.9,4.2,4.8,1.1,1.8,1,0.0347826086956522,249,8.66086956521739,5,0.173913043478261
2011,2012,"other_other","other","other","#AAAAAA","#AAAAAA",4,5,1,1,4.2,4.8,1,1,218,7.58260869565217,249,8.66086956521739,241,8.38260869565218
2011,2012,"other_soy","other","soy","#AAAAAA","#4daf4a",4,5,1,5.5,4.2,4.8,1.5,5,6,0.208695652173913,249,8.66086956521739,911,31.6869565217391
2011,2012,"other_springWheat","other","springWheat","#AAAAAA","#a65628",4,5,1,3.7,4.2,4.8,1.3,3.4,1,0.0347826086956522,249,8.66086956521739,4,0.139130434782609
2011,2012,"soy_corn","soy","corn","#4daf4a","#ffd300",4,5,5.5,6.4,4.2,4.8,5.6,6.3,1010,35.1304347826087,1036,36.0347826086957,1713,59.5826086956522
2011,2012,"soy_dryBeans","soy","dryBeans","#4daf4a","#e41a1c",4,5,5.5,1.9,4.2,4.8,5.1,2.3,2,0.0695652173913043,1036,36.0347826086957,5,0.173913043478261
2011,2012,"soy_other","soy","other","#4daf4a","#AAAAAA",4,5,5.5,1,4.2,4.8,5,1.5,1,0.0347826086956522,1036,36.0347826086957,241,8.38260869565218
2011,2012,"soy_soy","soy","soy","#4daf4a","#4daf4a",4,5,5.5,5.5,4.2,4.8,5.5,5.5,23,0.8,1036,36.0347826086957,911,31.6869565217391
2011,2012,"springWheat_corn","springWheat","corn","#a65628","#ffd300",4,5,3.7,6.4,4.2,4.8,4,6.1,554,19.2695652173913,578,20.104347826087,1713,59.5826086956522
2011,2012,"springWheat_dryBeans","springWheat","dryBeans","#a65628","#e41a1c",4,5,3.7,1.9,4.2,4.8,3.5,2.1,2,0.0695652173913043,578,20.104347826087,5,0.173913043478261
2011,2012,"springWheat_other","springWheat","other","#a65628","#AAAAAA",4,5,3.7,1,4.2,4.8,3.4,1.3,8,0.278260869565217,578,20.104347826087,241,8.38260869565218
2011,2012,"springWheat_soy","springWheat","soy","#a65628","#4daf4a",4,5,3.7,5.5,4.2,4.8,3.9,5.3,10,0.347826086956522,578,20.104347826087,911,31.6869565217391
2011,2012,"springWheat_springWheat","springWheat","springWheat","#a65628","#a65628",4,5,3.7,3.7,4.2,4.8,3.7,3.7,3,0.104347826086957,578,20.104347826087,4,0.139130434782609
2011,2012,"springWheat_sugarbeets","springWheat","sugarbeets","#a65628","#377eb8",4,5,3.7,2.8,4.2,4.8,3.6,2.9,1,0.0347826086956522,578,20.104347826087,1,0.0347826086956522
2011,2012,"sugarbeets_corn","sugarbeets","corn","#377eb8","#ffd300",4,5,2.8,6.4,4.2,4.8,3.2,6,1,0.0347826086956522,1,0.0347826086956522,1713,59.5826086956522
2012,2013,"corn_corn","corn","corn","#ffd300","#ffd300",5,6,6.4,6.4,5.2,5.8,6.4,6.4,1329,46.2260869565217,1713,59.5826086956522,2209,76.8347826086956
2012,2013,"corn_other","corn","other","#ffd300","#AAAAAA",5,6,6.4,1,5.2,5.8,5.8,1.6,9,0.31304347826087,1713,59.5826086956522,156,5.42608695652174
2012,2013,"corn_soy","corn","soy","#ffd300","#4daf4a",5,6,6.4,5.5,5.2,5.8,6.3,5.6,375,13.0434782608696,1713,59.5826086956522,504,17.5304347826087
2012,2013,"dryBeans_soy","dryBeans","soy","#e41a1c","#4daf4a",5,6,1.9,5.5,5.2,5.8,2.3,5.1,5,0.173913043478261,5,0.173913043478261,504,17.5304347826087
2012,2013,"hay_hay","hay","hay","#f781bf","#f781bf",5,6,4.6,4.6,5.2,5.8,4.6,4.6,4,0.139130434782609,12,0.417391304347826,6,0.208695652173913
2012,2013,"hay_soy","hay","soy","#f781bf","#4daf4a",5,6,4.6,5.5,5.2,5.8,4.7,5.4,8,0.278260869565217,12,0.417391304347826,504,17.5304347826087
2012,2013,"other_corn","other","corn","#AAAAAA","#ffd300",5,6,1,6.4,5.2,5.8,1.6,5.8,25,0.869565217391304,229,7.96521739130435,2209,76.8347826086956
2012,2013,"other_hay","other","hay","#AAAAAA","#f781bf",5,6,1,4.6,5.2,5.8,1.4,4.2,1,0.0347826086956522,229,7.96521739130435,6,0.208695652173913
2012,2013,"other_other","other","other","#AAAAAA","#AAAAAA",5,6,1,1,5.2,5.8,1,1,144,5.00869565217391,229,7.96521739130435,156,5.42608695652174
2012,2013,"other_soy","other","soy","#AAAAAA","#4daf4a",5,6,1,5.5,5.2,5.8,1.5,5,59,2.05217391304348,229,7.96521739130435,504,17.5304347826087
2012,2013,"soy_corn","soy","corn","#4daf4a","#ffd300",5,6,5.5,6.4,5.2,5.8,5.6,6.3,852,29.6347826086957,911,31.6869565217391,2209,76.8347826086956
2012,2013,"soy_other","soy","other","#4daf4a","#AAAAAA",5,6,5.5,1,5.2,5.8,5,1.5,2,0.0695652173913043,911,31.6869565217391,156,5.42608695652174
2012,2013,"soy_soy","soy","soy","#4daf4a","#4daf4a",5,6,5.5,5.5,5.2,5.8,5.5,5.5,57,1.98260869565217,911,31.6869565217391,504,17.5304347826087
2012,2013,"springWheat_corn","springWheat","corn","#a65628","#ffd300",5,6,3.7,6.4,5.2,5.8,4,6.1,2,0.0695652173913043,4,0.139130434782609,2209,76.8347826086956
2012,2013,"springWheat_hay","springWheat","hay","#a65628","#f781bf",5,6,3.7,4.6,5.2,5.8,3.8,4.5,1,0.0347826086956522,4,0.139130434782609,6,0.208695652173913
2012,2013,"springWheat_other","springWheat","other","#a65628","#AAAAAA",5,6,3.7,1,5.2,5.8,3.4,1.3,1,0.0347826086956522,4,0.139130434782609,156,5.42608695652174
2012,2013,"sugarbeets_corn","sugarbeets","corn","#377eb8","#ffd300",5,6,2.8,6.4,5.2,5.8,3.2,6,1,0.0347826086956522,1,0.0347826086956522,2209,76.8347826086956
2013,2014,"corn_corn","corn","corn","#ffd300","#ffd300",6,7,6.4,6.4,6.2,6.8,6.4,6.4,1668,58.0173913043478,2209,76.8347826086956,2146,74.6434782608696
2013,2014,"corn_dryBeans","corn","dryBeans","#ffd300","#e41a1c",6,7,6.4,1.9,6.2,6.8,5.9,2.4,2,0.0695652173913043,2209,76.8347826086956,7,0.243478260869565
2013,2014,"corn_hay","corn","hay","#ffd300","#f781bf",6,7,6.4,4.6,6.2,6.8,6.2,4.8,2,0.0695652173913043,2209,76.8347826086956,3,0.104347826086957
2013,2014,"corn_other","corn","other","#ffd300","#AAAAAA",6,7,6.4,1,6.2,6.8,5.8,1.6,4,0.139130434782609,2209,76.8347826086956,166,5.77391304347826
2013,2014,"corn_soy","corn","soy","#ffd300","#4daf4a",6,7,6.4,5.5,6.2,6.8,6.3,5.6,532,18.504347826087,2209,76.8347826086956,552,19.2
2013,2014,"corn_springWheat","corn","springWheat","#ffd300","#a65628",6,7,6.4,3.7,6.2,6.8,6.1,4,1,0.0347826086956522,2209,76.8347826086956,1,0.0347826086956522
2013,2014,"hay_hay","hay","hay","#f781bf","#f781bf",6,7,4.6,4.6,6.2,6.8,4.6,4.6,1,0.0347826086956522,2,0.0695652173913043,3,0.104347826086957
2013,2014,"hay_other","hay","other","#f781bf","#AAAAAA",6,7,4.6,1,6.2,6.8,4.2,1.4,1,0.0347826086956522,2,0.0695652173913043,166,5.77391304347826
2013,2014,"other_corn","other","corn","#AAAAAA","#ffd300",6,7,1,6.4,6.2,6.8,1.6,5.8,7,0.243478260869565,160,5.56521739130435,2146,74.6434782608696
2013,2014,"other_other","other","other","#AAAAAA","#AAAAAA",6,7,1,1,6.2,6.8,1,1,146,5.07826086956522,160,5.56521739130435,166,5.77391304347826
2013,2014,"other_soy","other","soy","#AAAAAA","#4daf4a",6,7,1,5.5,6.2,6.8,1.5,5,7,0.243478260869565,160,5.56521739130435,552,19.2
2013,2014,"soy_corn","soy","corn","#4daf4a","#ffd300",6,7,5.5,6.4,6.2,6.8,5.6,6.3,471,16.3826086956522,504,17.5304347826087,2146,74.6434782608696
2013,2014,"soy_dryBeans","soy","dryBeans","#4daf4a","#e41a1c",6,7,5.5,1.9,6.2,6.8,5.1,2.3,5,0.173913043478261,504,17.5304347826087,7,0.243478260869565
2013,2014,"soy_other","soy","other","#4daf4a","#AAAAAA",6,7,5.5,1,6.2,6.8,5,1.5,15,0.521739130434783,504,17.5304347826087,166,5.77391304347826
2013,2014,"soy_soy","soy","soy","#4daf4a","#4daf4a",6,7,5.5,5.5,6.2,6.8,5.5,5.5,13,0.452173913043478,504,17.5304347826087,552,19.2
2014,2015,"corn_corn","corn","corn","#ffd300","#ffd300",7,8,6.4,6.4,7.2,7.8,6.4,6.4,165,5.73913043478261,2146,74.6434782608696,675,23.4782608695652
2014,2015,"corn_dryBeans","corn","dryBeans","#ffd300","#e41a1c",7,8,6.4,1.9,7.2,7.8,5.9,2.4,3,0.104347826086957,2146,74.6434782608696,4,0.139130434782609
2014,2015,"corn_other","corn","other","#ffd300","#AAAAAA",7,8,6.4,1,7.2,7.8,5.8,1.6,11,0.382608695652174,2146,74.6434782608696,163,5.6695652173913
2014,2015,"corn_soy","corn","soy","#ffd300","#4daf4a",7,8,6.4,5.5,7.2,7.8,6.3,5.6,1967,68.4173913043478,2146,74.6434782608696,2019,70.2260869565217
2014,2015,"dryBeans_corn","dryBeans","corn","#e41a1c","#ffd300",7,8,1.9,6.4,7.2,7.8,2.4,5.9,1,0.0347826086956522,7,0.243478260869565,675,23.4782608695652
2014,2015,"dryBeans_springWheat","dryBeans","springWheat","#e41a1c","#a65628",7,8,1.9,3.7,7.2,7.8,2.1,3.5,6,0.208695652173913,7,0.243478260869565,8,0.278260869565217
2014,2015,"hay_corn","hay","corn","#f781bf","#ffd300",7,8,4.6,6.4,7.2,7.8,4.8,6.2,1,0.0347826086956522,10,0.347826086956522,675,23.4782608695652
2014,2015,"hay_hay","hay","hay","#f781bf","#f781bf",7,8,4.6,4.6,7.2,7.8,4.6,4.6,6,0.208695652173913,10,0.347826086956522,6,0.208695652173913
2014,2015,"hay_soy","hay","soy","#f781bf","#4daf4a",7,8,4.6,5.5,7.2,7.8,4.7,5.4,3,0.104347826086957,10,0.347826086956522,2019,70.2260869565217
2014,2015,"other_other","other","other","#AAAAAA","#AAAAAA",7,8,1,1,7.2,7.8,1,1,152,5.28695652173913,159,5.5304347826087,163,5.6695652173913
2014,2015,"other_soy","other","soy","#AAAAAA","#4daf4a",7,8,1,5.5,7.2,7.8,1.5,5,7,0.243478260869565,159,5.5304347826087,2019,70.2260869565217
2014,2015,"soy_corn","soy","corn","#4daf4a","#ffd300",7,8,5.5,6.4,7.2,7.8,5.6,6.3,508,17.6695652173913,552,19.2,675,23.4782608695652
2014,2015,"soy_dryBeans","soy","dryBeans","#4daf4a","#e41a1c",7,8,5.5,1.9,7.2,7.8,5.1,2.3,1,0.0347826086956522,552,19.2,4,0.139130434782609
2014,2015,"soy_soy","soy","soy","#4daf4a","#4daf4a",7,8,5.5,5.5,7.2,7.8,5.5,5.5,41,1.42608695652174,552,19.2,2019,70.2260869565217
2014,2015,"soy_springWheat","soy","springWheat","#4daf4a","#a65628",7,8,5.5,3.7,7.2,7.8,5.3,3.9,2,0.0695652173913043,552,19.2,8,0.278260869565217
2014,2015,"springWheat_soy","springWheat","soy","#a65628","#4daf4a",7,8,3.7,5.5,7.2,7.8,3.9,5.3,1,0.0347826086956522,1,0.0347826086956522,2019,70.2260869565217
2015,2016,"corn_corn","corn","corn","#ffd300","#ffd300",8,9,6.4,6.4,8.2,8.8,6.4,6.4,23,0.8,675,23.4782608695652,2016,70.1217391304348
2015,2016,"corn_hay","corn","hay","#ffd300","#f781bf",8,9,6.4,4.6,8.2,8.8,6.2,4.8,2,0.0695652173913043,675,23.4782608695652,10,0.347826086956522
2015,2016,"corn_soy","corn","soy","#ffd300","#4daf4a",8,9,6.4,5.5,8.2,8.8,6.3,5.6,650,22.6086956521739,675,23.4782608695652,681,23.6869565217391
2015,2016,"dryBeans_corn","dryBeans","corn","#e41a1c","#ffd300",8,9,1.9,6.4,8.2,8.8,2.4,5.9,1,0.0347826086956522,4,0.139130434782609,2016,70.1217391304348
2015,2016,"dryBeans_hay","dryBeans","hay","#e41a1c","#f781bf",8,9,1.9,4.6,8.2,8.8,2.2,4.3,2,0.0695652173913043,4,0.139130434782609,10,0.347826086956522
2015,2016,"dryBeans_soy","dryBeans","soy","#e41a1c","#4daf4a",8,9,1.9,5.5,8.2,8.8,2.3,5.1,1,0.0347826086956522,4,0.139130434782609,681,23.6869565217391
2015,2016,"hay_corn","hay","corn","#f781bf","#ffd300",8,9,4.6,6.4,8.2,8.8,4.8,6.2,1,0.0347826086956522,2,0.0695652173913043,2016,70.1217391304348
2015,2016,"hay_hay","hay","hay","#f781bf","#f781bf",8,9,4.6,4.6,8.2,8.8,4.6,4.6,1,0.0347826086956522,2,0.0695652173913043,10,0.347826086956522
2015,2016,"other_corn","other","corn","#AAAAAA","#ffd300",8,9,1,6.4,8.2,8.8,1.6,5.8,9,0.31304347826087,167,5.80869565217391,2016,70.1217391304348
2015,2016,"other_other","other","other","#AAAAAA","#AAAAAA",8,9,1,1,8.2,8.8,1,1,156,5.42608695652174,167,5.80869565217391,160,5.56521739130435
2015,2016,"other_soy","other","soy","#AAAAAA","#4daf4a",8,9,1,5.5,8.2,8.8,1.5,5,2,0.0695652173913043,167,5.80869565217391,681,23.6869565217391
2015,2016,"soy_corn","soy","corn","#4daf4a","#ffd300",8,9,5.5,6.4,8.2,8.8,5.6,6.3,1982,68.9391304347826,2019,70.2260869565217,2016,70.1217391304348
2015,2016,"soy_dryBeans","soy","dryBeans","#4daf4a","#e41a1c",8,9,5.5,1.9,8.2,8.8,5.1,2.3,1,0.0347826086956522,2019,70.2260869565217,6,0.208695652173913
2015,2016,"soy_hay","soy","hay","#4daf4a","#f781bf",8,9,5.5,4.6,8.2,8.8,5.4,4.7,5,0.173913043478261,2019,70.2260869565217,10,0.347826086956522
2015,2016,"soy_other","soy","other","#4daf4a","#AAAAAA",8,9,5.5,1,8.2,8.8,5,1.5,4,0.139130434782609,2019,70.2260869565217,160,5.56521739130435
2015,2016,"soy_soy","soy","soy","#4daf4a","#4daf4a",8,9,5.5,5.5,8.2,8.8,5.5,5.5,25,0.869565217391304,2019,70.2260869565217,681,23.6869565217391
2015,2016,"soy_springWheat","soy","springWheat","#4daf4a","#a65628",8,9,5.5,3.7,8.2,8.8,5.3,3.9,1,0.0347826086956522,2019,70.2260869565217,1,0.0347826086956522
2015,2016,"soy_sugarbeets","soy","sugarbeets","#4daf4a","#377eb8",8,9,5.5,2.8,8.2,8.8,5.2,3.1,1,0.0347826086956522,2019,70.2260869565217,1,0.0347826086956522
2015,2016,"springWheat_dryBeans","springWheat","dryBeans","#a65628","#e41a1c",8,9,3.7,1.9,8.2,8.8,3.5,2.1,5,0.173913043478261,8,0.278260869565217,6,0.208695652173913
2015,2016,"springWheat_soy","springWheat","soy","#a65628","#4daf4a",8,9,3.7,5.5,8.2,8.8,3.9,5.3,3,0.104347826086957,8,0.278260869565217,681,23.6869565217391
2016,2017,"corn_corn","corn","corn","#ffd300","#ffd300",9,10,6.4,6.4,9.2,9.8,6.4,6.4,302,10.504347826087,2016,70.1217391304348,958,33.3217391304348
2016,2017,"corn_dryBeans","corn","dryBeans","#ffd300","#e41a1c",9,10,6.4,1.9,9.2,9.8,5.9,2.4,2,0.0695652173913043,2016,70.1217391304348,2,0.0695652173913043
2016,2017,"corn_hay","corn","hay","#ffd300","#f781bf",9,10,6.4,4.6,9.2,9.8,6.2,4.8,4,0.139130434782609,2016,70.1217391304348,9,0.31304347826087
2016,2017,"corn_other","corn","other","#ffd300","#AAAAAA",9,10,6.4,1,9.2,9.8,5.8,1.6,1,0.0347826086956522,2016,70.1217391304348,147,5.11304347826087
2016,2017,"corn_soy","corn","soy","#ffd300","#4daf4a",9,10,6.4,5.5,9.2,9.8,6.3,5.6,1702,59.2,2016,70.1217391304348,1747,60.7652173913043
2016,2017,"corn_sugarbeets","corn","sugarbeets","#ffd300","#377eb8",9,10,6.4,2.8,9.2,9.8,6,3.2,5,0.173913043478261,2016,70.1217391304348,12,0.417391304347826
2016,2017,"dryBeans_other","dryBeans","other","#e41a1c","#AAAAAA",9,10,1.9,1,9.2,9.8,1.8,1.1,1,0.0347826086956522,6,0.208695652173913,147,5.11304347826087
2016,2017,"dryBeans_soy","dryBeans","soy","#e41a1c","#4daf4a",9,10,1.9,5.5,9.2,9.8,2.3,5.1,5,0.173913043478261,6,0.208695652173913,1747,60.7652173913043
2016,2017,"hay_corn","hay","corn","#f781bf","#ffd300",9,10,4.6,6.4,9.2,9.8,4.8,6.2,3,0.104347826086957,9,0.31304347826087,958,33.3217391304348
2016,2017,"hay_hay","hay","hay","#f781bf","#f781bf",9,10,4.6,4.6,9.2,9.8,4.6,4.6,4,0.139130434782609,9,0.31304347826087,9,0.31304347826087
2016,2017,"hay_soy","hay","soy","#f781bf","#4daf4a",9,10,4.6,5.5,9.2,9.8,4.7,5.4,2,0.0695652173913043,9,0.31304347826087,1747,60.7652173913043
2016,2017,"other_corn","other","corn","#AAAAAA","#ffd300",9,10,1,6.4,9.2,9.8,1.6,5.8,20,0.695652173913043,161,5.6,958,33.3217391304348
2016,2017,"other_other","other","other","#AAAAAA","#AAAAAA",9,10,1,1,9.2,9.8,1,1,141,4.90434782608696,161,5.6,147,5.11304347826087
2016,2017,"soy_corn","soy","corn","#4daf4a","#ffd300",9,10,5.5,6.4,9.2,9.8,5.6,6.3,633,22.0173913043478,681,23.6869565217391,958,33.3217391304348
2016,2017,"soy_hay","soy","hay","#4daf4a","#f781bf",9,10,5.5,4.6,9.2,9.8,5.4,4.7,1,0.0347826086956522,681,23.6869565217391,9,0.31304347826087
2016,2017,"soy_other","soy","other","#4daf4a","#AAAAAA",9,10,5.5,1,9.2,9.8,5,1.5,3,0.104347826086957,681,23.6869565217391,147,5.11304347826087
2016,2017,"soy_soy","soy","soy","#4daf4a","#4daf4a",9,10,5.5,5.5,9.2,9.8,5.5,5.5,38,1.32173913043478,681,23.6869565217391,1747,60.7652173913043
2016,2017,"soy_sugarbeets","soy","sugarbeets","#4daf4a","#377eb8",9,10,5.5,2.8,9.2,9.8,5.2,3.1,6,0.208695652173913,681,23.6869565217391,12,0.417391304347826
2016,2017,"springWheat_other","springWheat","other","#a65628","#AAAAAA",9,10,3.7,1,9.2,9.8,3.4,1.3,1,0.0347826086956522,1,0.0347826086956522,147,5.11304347826087
2016,2017,"sugarbeets_sugarbeets","sugarbeets","sugarbeets","#377eb8","#377eb8",9,10,2.8,2.8,9.2,9.8,2.8,2.8,1,0.0347826086956522,1,0.0347826086956522,12,0.417391304347826
2017,2018,"corn_corn","corn","corn","#ffd300","#ffd300",10,11,6.4,6.4,10.2,10.8,6.4,6.4,332,11.5478260869565,958,33.3217391304348,2062,71.7217391304348
2017,2018,"corn_dryBeans","corn","dryBeans","#ffd300","#e41a1c",10,11,6.4,1.9,10.2,10.8,5.9,2.4,11,0.382608695652174,958,33.3217391304348,18,0.626086956521739
2017,2018,"corn_hay","corn","hay","#ffd300","#f781bf",10,11,6.4,4.6,10.2,10.8,6.2,4.8,17,0.591304347826087,958,33.3217391304348,30,1.04347826086957
2017,2018,"corn_other","corn","other","#ffd300","#AAAAAA",10,11,6.4,1,10.2,10.8,5.8,1.6,216,7.51304347826087,958,33.3217391304348,358,12.4521739130435
2017,2018,"corn_soy","corn","soy","#ffd300","#4daf4a",10,11,6.4,5.5,10.2,10.8,6.3,5.6,370,12.8695652173913,958,33.3217391304348,388,13.495652173913
2017,2018,"corn_springWheat","corn","springWheat","#ffd300","#a65628",10,11,6.4,3.7,10.2,10.8,6.1,4,5,0.173913043478261,958,33.3217391304348,8,0.278260869565217
2017,2018,"corn_sugarbeets","corn","sugarbeets","#ffd300","#377eb8",10,11,6.4,2.8,10.2,10.8,6,3.2,7,0.243478260869565,958,33.3217391304348,11,0.382608695652174
2017,2018,"dryBeans_corn","dryBeans","corn","#e41a1c","#ffd300",10,11,1.9,6.4,10.2,10.8,2.4,5.9,2,0.0695652173913043,2,0.0695652173913043,2062,71.7217391304348
2017,2018,"hay_hay","hay","hay","#f781bf","#f781bf",10,11,4.6,4.6,10.2,10.8,4.6,4.6,10,0.347826086956522,10,0.347826086956522,30,1.04347826086957
2017,2018,"other_corn","other","corn","#AAAAAA","#ffd300",10,11,1,6.4,10.2,10.8,1.6,5.8,2,0.0695652173913043,146,5.07826086956522,2062,71.7217391304348
2017,2018,"other_hay","other","hay","#AAAAAA","#f781bf",10,11,1,4.6,10.2,10.8,1.4,4.2,1,0.0347826086956522,146,5.07826086956522,30,1.04347826086957
2017,2018,"other_other","other","other","#AAAAAA","#AAAAAA",10,11,1,1,10.2,10.8,1,1,138,4.8,146,5.07826086956522,358,12.4521739130435
2017,2018,"other_soy","other","soy","#AAAAAA","#4daf4a",10,11,1,5.5,10.2,10.8,1.5,5,3,0.104347826086957,146,5.07826086956522,388,13.495652173913
2017,2018,"other_springWheat","other","springWheat","#AAAAAA","#a65628",10,11,1,3.7,10.2,10.8,1.3,3.4,2,0.0695652173913043,146,5.07826086956522,8,0.278260869565217
2017,2018,"soy_corn","soy","corn","#4daf4a","#ffd300",10,11,5.5,6.4,10.2,10.8,5.6,6.3,1726,60.0347826086957,1747,60.7652173913043,2062,71.7217391304348
2017,2018,"soy_hay","soy","hay","#4daf4a","#f781bf",10,11,5.5,4.6,10.2,10.8,5.4,4.7,2,0.0695652173913043,1747,60.7652173913043,30,1.04347826086957
2017,2018,"soy_other","soy","other","#4daf4a","#AAAAAA",10,11,5.5,1,10.2,10.8,5,1.5,4,0.139130434782609,1747,60.7652173913043,358,12.4521739130435
2017,2018,"soy_soy","soy","soy","#4daf4a","#4daf4a",10,11,5.5,5.5,10.2,10.8,5.5,5.5,13,0.452173913043478,1747,60.7652173913043,388,13.495652173913
2017,2018,"soy_springWheat","soy","springWheat","#4daf4a","#a65628",10,11,5.5,3.7,10.2,10.8,5.3,3.9,1,0.0347826086956522,1747,60.7652173913043,8,0.278260869565217
2017,2018,"soy_sugarbeets","soy","sugarbeets","#4daf4a","#377eb8",10,11,5.5,2.8,10.2,10.8,5.2,3.1,1,0.0347826086956522,1747,60.7652173913043,11,0.382608695652174
2017,2018,"sugarbeets_dryBeans","sugarbeets","dryBeans","#377eb8","#e41a1c",10,11,2.8,1.9,10.2,10.8,2.7,2,7,0.243478260869565,12,0.417391304347826,18,0.626086956521739
2017,2018,"sugarbeets_soy","sugarbeets","soy","#377eb8","#4daf4a",10,11,2.8,5.5,10.2,10.8,3.1,5.2,2,0.0695652173913043,12,0.417391304347826,388,13.495652173913
2017,2018,"sugarbeets_sugarbeets","sugarbeets","sugarbeets","#377eb8","#377eb8",10,11,2.8,2.8,10.2,10.8,2.8,2.8,3,0.104347826086957,12,0.417391304347826,11,0.382608695652174
2018,2019,"corn_corn","corn","corn","#ffd300","#ffd300",11,12,6.4,6.4,11.2,11.8,6.4,6.4,561,19.5130434782609,2062,71.7217391304348,1161,40.3826086956522
2018,2019,"corn_dryBeans","corn","dryBeans","#ffd300","#e41a1c",11,12,6.4,1.9,11.2,11.8,5.9,2.4,2,0.0695652173913043,2062,71.7217391304348,3,0.104347826086957
2018,2019,"corn_other","corn","other","#ffd300","#AAAAAA",11,12,6.4,1,11.2,11.8,5.8,1.6,771,26.8173913043478,2062,71.7217391304348,938,32.6260869565217
2018,2019,"corn_soy","corn","soy","#ffd300","#4daf4a",11,12,6.4,5.5,11.2,11.8,6.3,5.6,728,25.3217391304348,2062,71.7217391304348,758,26.3652173913043
2018,2019,"dryBeans_corn","dryBeans","corn","#e41a1c","#ffd300",11,12,1.9,6.4,11.2,11.8,2.4,5.9,2,0.0695652173913043,18,0.626086956521739,1161,40.3826086956522
2018,2019,"dryBeans_other","dryBeans","other","#e41a1c","#AAAAAA",11,12,1.9,1,11.2,11.8,1.8,1.1,16,0.556521739130435,18,0.626086956521739,938,32.6260869565217
2018,2019,"hay_corn","hay","corn","#f781bf","#ffd300",11,12,4.6,6.4,11.2,11.8,4.8,6.2,10,0.347826086956522,31,1.07826086956522,1161,40.3826086956522
2018,2019,"hay_hay","hay","hay","#f781bf","#f781bf",11,12,4.6,4.6,11.2,11.8,4.6,4.6,14,0.48695652173913,31,1.07826086956522,15,0.521739130434783
2018,2019,"hay_other","hay","other","#f781bf","#AAAAAA",11,12,4.6,1,11.2,11.8,4.2,1.4,5,0.173913043478261,31,1.07826086956522,938,32.6260869565217
2018,2019,"hay_soy","hay","soy","#f781bf","#4daf4a",11,12,4.6,5.5,11.2,11.8,4.7,5.4,2,0.0695652173913043,31,1.07826086956522,758,26.3652173913043
2018,2019,"other_corn","other","corn","#AAAAAA","#ffd300",11,12,1,6.4,11.2,11.8,1.6,5.8,220,7.65217391304348,357,12.4173913043478,1161,40.3826086956522
2018,2019,"other_dryBeans","other","dryBeans","#AAAAAA","#e41a1c",11,12,1,1.9,11.2,11.8,1.1,1.8,1,0.0347826086956522,357,12.4173913043478,3,0.104347826086957
2018,2019,"other_hay","other","hay","#AAAAAA","#f781bf",11,12,1,4.6,11.2,11.8,1.4,4.2,1,0.0347826086956522,357,12.4173913043478,15,0.521739130434783
2018,2019,"other_other","other","other","#AAAAAA","#AAAAAA",11,12,1,1,11.2,11.8,1,1,109,3.79130434782609,357,12.4173913043478,938,32.6260869565217
2018,2019,"other_soy","other","soy","#AAAAAA","#4daf4a",11,12,1,5.5,11.2,11.8,1.5,5,26,0.904347826086956,357,12.4173913043478,758,26.3652173913043
2018,2019,"soy_corn","soy","corn","#4daf4a","#ffd300",11,12,5.5,6.4,11.2,11.8,5.6,6.3,360,12.5217391304348,388,13.495652173913,1161,40.3826086956522
2018,2019,"soy_other","soy","other","#4daf4a","#AAAAAA",11,12,5.5,1,11.2,11.8,5,1.5,27,0.939130434782609,388,13.495652173913,938,32.6260869565217
2018,2019,"soy_soy","soy","soy","#4daf4a","#4daf4a",11,12,5.5,5.5,11.2,11.8,5.5,5.5,1,0.0347826086956522,388,13.495652173913,758,26.3652173913043
2018,2019,"springWheat_corn","springWheat","corn","#a65628","#ffd300",11,12,3.7,6.4,11.2,11.8,4,6.1,5,0.173913043478261,8,0.278260869565217,1161,40.3826086956522
2018,2019,"springWheat_other","springWheat","other","#a65628","#AAAAAA",11,12,3.7,1,11.2,11.8,3.4,1.3,2,0.0695652173913043,8,0.278260869565217,938,32.6260869565217
2018,2019,"springWheat_soy","springWheat","soy","#a65628","#4daf4a",11,12,3.7,5.5,11.2,11.8,3.9,5.3,1,0.0347826086956522,8,0.278260869565217,758,26.3652173913043
2018,2019,"sugarbeets_corn","sugarbeets","corn","#377eb8","#ffd300",11,12,2.8,6.4,11.2,11.8,3.2,6,3,0.104347826086957,11,0.382608695652174,1161,40.3826086956522
2018,2019,"sugarbeets_other","sugarbeets","other","#377eb8","#AAAAAA",11,12,2.8,1,11.2,11.8,2.6,1.2,8,0.278260869565217,11,0.382608695652174,938,32.6260869565217
2019,2020,"corn_corn","corn","corn","#ffd300","#ffd300",12,13,6.4,6.4,12.2,12.8,6.4,6.4,816,28.3826086956522,1161,40.3826086956522,1661,57.7739130434783
2019,2020,"corn_dryBeans","corn","dryBeans","#ffd300","#e41a1c",12,13,6.4,1.9,12.2,12.8,5.9,2.4,1,0.0347826086956522,1161,40.3826086956522,4,0.139130434782609
2019,2020,"corn_soy","corn","soy","#ffd300","#4daf4a",12,13,6.4,5.5,12.2,12.8,6.3,5.6,342,11.895652173913,1161,40.3826086956522,1046,36.3826086956522
2019,2020,"corn_sugarbeets","corn","sugarbeets","#ffd300","#377eb8",12,13,6.4,2.8,12.2,12.8,6,3.2,2,0.0695652173913043,1161,40.3826086956522,4,0.139130434782609
2019,2020,"dryBeans_other","dryBeans","other","#e41a1c","#AAAAAA",12,13,1.9,1,12.2,12.8,1.8,1.1,1,0.0347826086956522,3,0.104347826086957,145,5.04347826086957
2019,2020,"dryBeans_soy","dryBeans","soy","#e41a1c","#4daf4a",12,13,1.9,5.5,12.2,12.8,2.3,5.1,1,0.0347826086956522,3,0.104347826086957,1046,36.3826086956522
2019,2020,"dryBeans_sugarbeets","dryBeans","sugarbeets","#e41a1c","#377eb8",12,13,1.9,2.8,12.2,12.8,2,2.7,1,0.0347826086956522,3,0.104347826086957,4,0.139130434782609
2019,2020,"hay_corn","hay","corn","#f781bf","#ffd300",12,13,4.6,6.4,12.2,12.8,4.8,6.2,2,0.0695652173913043,15,0.521739130434783,1661,57.7739130434783
2019,2020,"hay_hay","hay","hay","#f781bf","#f781bf",12,13,4.6,4.6,12.2,12.8,4.6,4.6,12,0.417391304347826,15,0.521739130434783,15,0.521739130434783
2019,2020,"hay_soy","hay","soy","#f781bf","#4daf4a",12,13,4.6,5.5,12.2,12.8,4.7,5.4,1,0.0347826086956522,15,0.521739130434783,1046,36.3826086956522
2019,2020,"other_corn","other","corn","#AAAAAA","#ffd300",12,13,1,6.4,12.2,12.8,1.6,5.8,119,4.13913043478261,938,32.6260869565217,1661,57.7739130434783
2019,2020,"other_dryBeans","other","dryBeans","#AAAAAA","#e41a1c",12,13,1,1.9,12.2,12.8,1.1,1.8,3,0.104347826086957,938,32.6260869565217,4,0.139130434782609
2019,2020,"other_hay","other","hay","#AAAAAA","#f781bf",12,13,1,4.6,12.2,12.8,1.4,4.2,2,0.0695652173913043,938,32.6260869565217,15,0.521739130434783
2019,2020,"other_other","other","other","#AAAAAA","#AAAAAA",12,13,1,1,12.2,12.8,1,1,144,5.00869565217391,938,32.6260869565217,145,5.04347826086957
2019,2020,"other_soy","other","soy","#AAAAAA","#4daf4a",12,13,1,5.5,12.2,12.8,1.5,5,669,23.2695652173913,938,32.6260869565217,1046,36.3826086956522
2019,2020,"other_sugarbeets","other","sugarbeets","#AAAAAA","#377eb8",12,13,1,2.8,12.2,12.8,1.2,2.6,1,0.0347826086956522,938,32.6260869565217,4,0.139130434782609
2019,2020,"soy_corn","soy","corn","#4daf4a","#ffd300",12,13,5.5,6.4,12.2,12.8,5.6,6.3,724,25.1826086956522,758,26.3652173913043,1661,57.7739130434783
2019,2020,"soy_hay","soy","hay","#4daf4a","#f781bf",12,13,5.5,4.6,12.2,12.8,5.4,4.7,1,0.0347826086956522,758,26.3652173913043,15,0.521739130434783
2019,2020,"soy_soy","soy","soy","#4daf4a","#4daf4a",12,13,5.5,5.5,12.2,12.8,5.5,5.5,33,1.14782608695652,758,26.3652173913043,1046,36.3826086956522
2020,2021,"corn_corn","corn","corn","#ffd300","#ffd300",13,14,6.4,6.4,13.2,13.8,6.4,6.4,996,34.6434782608696,1661,57.7739130434783,2041,70.9913043478261
2020,2021,"corn_hay","corn","hay","#ffd300","#f781bf",13,14,6.4,4.6,13.2,13.8,6.2,4.8,1,0.0347826086956522,1661,57.7739130434783,4,0.139130434782609
2020,2021,"corn_soy","corn","soy","#ffd300","#4daf4a",13,14,6.4,5.5,13.2,13.8,6.3,5.6,664,23.095652173913,1661,57.7739130434783,673,23.4086956521739
2020,2021,"dryBeans_corn","dryBeans","corn","#e41a1c","#ffd300",13,14,1.9,6.4,13.2,13.8,2.4,5.9,1,0.0347826086956522,4,0.139130434782609,2041,70.9913043478261
2020,2021,"dryBeans_other","dryBeans","other","#e41a1c","#AAAAAA",13,14,1.9,1,13.2,13.8,1.8,1.1,1,0.0347826086956522,4,0.139130434782609,155,5.39130434782609
2020,2021,"dryBeans_soy","dryBeans","soy","#e41a1c","#4daf4a",13,14,1.9,5.5,13.2,13.8,2.3,5.1,2,0.0695652173913043,4,0.139130434782609,673,23.4086956521739
2020,2021,"hay_corn","hay","corn","#f781bf","#ffd300",13,14,4.6,6.4,13.2,13.8,4.8,6.2,4,0.139130434782609,15,0.521739130434783,2041,70.9913043478261
2020,2021,"hay_hay","hay","hay","#f781bf","#f781bf",13,14,4.6,4.6,13.2,13.8,4.6,4.6,3,0.104347826086957,15,0.521739130434783,4,0.139130434782609
2020,2021,"hay_other","hay","other","#f781bf","#AAAAAA",13,14,4.6,1,13.2,13.8,4.2,1.4,7,0.243478260869565,15,0.521739130434783,155,5.39130434782609
2020,2021,"hay_soy","hay","soy","#f781bf","#4daf4a",13,14,4.6,5.5,13.2,13.8,4.7,5.4,1,0.0347826086956522,15,0.521739130434783,673,23.4086956521739
2020,2021,"other_corn","other","corn","#AAAAAA","#ffd300",13,14,1,6.4,13.2,13.8,1.6,5.8,1,0.0347826086956522,145,5.04347826086957,2041,70.9913043478261
2020,2021,"other_other","other","other","#AAAAAA","#AAAAAA",13,14,1,1,13.2,13.8,1,1,143,4.97391304347826,145,5.04347826086957,155,5.39130434782609
2020,2021,"other_sugarbeets","other","sugarbeets","#AAAAAA","#377eb8",13,14,1,2.8,13.2,13.8,1.2,2.6,1,0.0347826086956522,145,5.04347826086957,1,0.0347826086956522
2020,2021,"soy_corn","soy","corn","#4daf4a","#ffd300",13,14,5.5,6.4,13.2,13.8,5.6,6.3,1039,36.1391304347826,1046,36.3826086956522,2041,70.9913043478261
2020,2021,"soy_other","soy","other","#4daf4a","#AAAAAA",13,14,5.5,1,13.2,13.8,5,1.5,3,0.104347826086957,1046,36.3826086956522,155,5.39130434782609
2020,2021,"soy_soy","soy","soy","#4daf4a","#4daf4a",13,14,5.5,5.5,13.2,13.8,5.5,5.5,3,0.104347826086957,1046,36.3826086956522,673,23.4086956521739
2020,2021,"soy_springWheat","soy","springWheat","#4daf4a","#a65628",13,14,5.5,3.7,13.2,13.8,5.3,3.9,1,0.0347826086956522,1046,36.3826086956522,1,0.0347826086956522
2020,2021,"sugarbeets_other","sugarbeets","other","#377eb8","#AAAAAA",13,14,2.8,1,13.2,13.8,2.6,1.2,1,0.0347826086956522,4,0.139130434782609,155,5.39130434782609
2020,2021,"sugarbeets_soy","sugarbeets","soy","#377eb8","#4daf4a",13,14,2.8,5.5,13.2,13.8,3.1,5.2,3,0.104347826086957,4,0.139130434782609,673,23.4086956521739
