"yearFrom","yearTo","cropRotate","cropFrom","cropTo","plottingColorFrom","plottingColorTo","plotXAxisFrom","plotXAxisTo","plotYAxisFrom","plotYAxisTo","xEndFrom","xEndTo","yEndFrom_streamlined","yEndTo_streamlined","totalNumPixels_cropTransition","totalPercPixelsWiArea_cropTransition","totalNumPixels_cropYearFrom","totalPercPixelsWiArea_cropYearFrom","totalNumPixels_cropYearTo","totalPercPixelsWiArea_cropYearTo"
2008,2009,"corn_other","corn","other","#ffd300","#AAAAAA",1,2,6.4,1,1.2,1.8,5.8,1.6,12,0.404312668463612,13,0.43800539083558,2064,69.5417789757412
2008,2009,"corn_soy","corn","soy","#ffd300","#4daf4a",1,2,6.4,5.5,1.2,1.8,6.3,5.6,1,0.0336927223719677,13,0.43800539083558,523,17.6212938005391
2008,2009,"dryBeans_soy","dryBeans","soy","#e41a1c","#4daf4a",1,2,1.9,5.5,1.2,1.8,2.3,5.1,1,0.0336927223719677,1,0.0336927223719677,523,17.6212938005391
2008,2009,"hay_hay","hay","hay","#f781bf","#f781bf",1,2,4.6,4.6,1.2,1.8,4.6,4.6,3,0.101078167115903,5,0.168463611859838,10,0.336927223719677
2008,2009,"hay_other","hay","other","#f781bf","#AAAAAA",1,2,4.6,1,1.2,1.8,4.2,1.4,2,0.0673854447439353,5,0.168463611859838,2064,69.5417789757412
2008,2009,"other_hay","other","hay","#AAAAAA","#f781bf",1,2,1,4.6,1.2,1.8,1.4,4.2,3,0.101078167115903,1945,65.5323450134771,10,0.336927223719677
2008,2009,"other_other","other","other","#AAAAAA","#AAAAAA",1,2,1,1,1.2,1.8,1,1,1905,64.1846361185984,1945,65.5323450134771,2064,69.5417789757412
2008,2009,"other_soy","other","soy","#AAAAAA","#4daf4a",1,2,1,5.5,1.2,1.8,1.5,5,22,0.741239892183288,1945,65.5323450134771,523,17.6212938005391
2008,2009,"other_springWheat","other","springWheat","#AAAAAA","#a65628",1,2,1,3.7,1.2,1.8,1.3,3.4,15,0.505390835579515,1945,65.5323450134771,363,12.2304582210243
2008,2009,"soy_corn","soy","corn","#4daf4a","#ffd300",1,2,5.5,6.4,1.2,1.8,5.6,6.3,5,0.168463611859838,500,16.8463611859838,8,0.269541778975741
2008,2009,"soy_hay","soy","hay","#4daf4a","#f781bf",1,2,5.5,4.6,1.2,1.8,5.4,4.7,2,0.0673854447439353,500,16.8463611859838,10,0.336927223719677
2008,2009,"soy_other","soy","other","#4daf4a","#AAAAAA",1,2,5.5,1,1.2,1.8,5,1.5,82,2.76280323450135,500,16.8463611859838,2064,69.5417789757412
2008,2009,"soy_soy","soy","soy","#4daf4a","#4daf4a",1,2,5.5,5.5,1.2,1.8,5.5,5.5,90,3.03234501347709,500,16.8463611859838,523,17.6212938005391
2008,2009,"soy_springWheat","soy","springWheat","#4daf4a","#a65628",1,2,5.5,3.7,1.2,1.8,5.3,3.9,321,10.8153638814016,500,16.8463611859838,363,12.2304582210243
2008,2009,"springWheat_corn","springWheat","corn","#a65628","#ffd300",1,2,3.7,6.4,1.2,1.8,4,6.1,3,0.101078167115903,504,16.9811320754717,8,0.269541778975741
2008,2009,"springWheat_hay","springWheat","hay","#a65628","#f781bf",1,2,3.7,4.6,1.2,1.8,3.8,4.5,2,0.0673854447439353,504,16.9811320754717,10,0.336927223719677
2008,2009,"springWheat_other","springWheat","other","#a65628","#AAAAAA",1,2,3.7,1,1.2,1.8,3.4,1.3,63,2.12264150943396,504,16.9811320754717,2064,69.5417789757412
2008,2009,"springWheat_soy","springWheat","soy","#a65628","#4daf4a",1,2,3.7,5.5,1.2,1.8,3.9,5.3,409,13.7803234501348,504,16.9811320754717,523,17.6212938005391
2008,2009,"springWheat_springWheat","springWheat","springWheat","#a65628","#a65628",1,2,3.7,3.7,1.2,1.8,3.7,3.7,27,0.909703504043127,504,16.9811320754717,363,12.2304582210243
2009,2010,"corn_corn","corn","corn","#ffd300","#ffd300",2,3,6.4,6.4,2.2,2.8,6.4,6.4,1,0.0336927223719677,8,0.269541778975741,6,0.202156334231806
2009,2010,"corn_soy","corn","soy","#ffd300","#4daf4a",2,3,6.4,5.5,2.2,2.8,6.3,5.6,4,0.134770889487871,8,0.269541778975741,476,16.0377358490566
2009,2010,"corn_springWheat","corn","springWheat","#ffd300","#a65628",2,3,6.4,3.7,2.2,2.8,6.1,4,3,0.101078167115903,8,0.269541778975741,412,13.8814016172507
2009,2010,"hay_other","hay","other","#f781bf","#AAAAAA",2,3,4.6,1,2.2,2.8,4.2,1.4,6,0.202156334231806,7,0.235849056603774,2074,69.8787061994609
2009,2010,"hay_soy","hay","soy","#f781bf","#4daf4a",2,3,4.6,5.5,2.2,2.8,4.7,5.4,1,0.0336927223719677,7,0.235849056603774,476,16.0377358490566
2009,2010,"other_corn","other","corn","#AAAAAA","#ffd300",2,3,1,6.4,2.2,2.8,1.6,5.8,5,0.168463611859838,2067,69.6428571428571,6,0.202156334231806
2009,2010,"other_other","other","other","#AAAAAA","#AAAAAA",2,3,1,1,2.2,2.8,1,1,2022,68.1266846361186,2067,69.6428571428571,2074,69.8787061994609
2009,2010,"other_soy","other","soy","#AAAAAA","#4daf4a",2,3,1,5.5,2.2,2.8,1.5,5,32,1.07816711590297,2067,69.6428571428571,476,16.0377358490566
2009,2010,"other_springWheat","other","springWheat","#AAAAAA","#a65628",2,3,1,3.7,2.2,2.8,1.3,3.4,8,0.269541778975741,2067,69.6428571428571,412,13.8814016172507
2009,2010,"soy_other","soy","other","#4daf4a","#AAAAAA",2,3,5.5,1,2.2,2.8,5,1.5,17,0.57277628032345,523,17.6212938005391,2074,69.8787061994609
2009,2010,"soy_soy","soy","soy","#4daf4a","#4daf4a",2,3,5.5,5.5,2.2,2.8,5.5,5.5,112,3.77358490566038,523,17.6212938005391,476,16.0377358490566
2009,2010,"soy_springWheat","soy","springWheat","#4daf4a","#a65628",2,3,5.5,3.7,2.2,2.8,5.3,3.9,394,13.2749326145553,523,17.6212938005391,412,13.8814016172507
2009,2010,"springWheat_other","springWheat","other","#a65628","#AAAAAA",2,3,3.7,1,2.2,2.8,3.4,1.3,29,0.977088948787062,363,12.2304582210243,2074,69.8787061994609
2009,2010,"springWheat_soy","springWheat","soy","#a65628","#4daf4a",2,3,3.7,5.5,2.2,2.8,3.9,5.3,327,11.0175202156334,363,12.2304582210243,476,16.0377358490566
2009,2010,"springWheat_springWheat","springWheat","springWheat","#a65628","#a65628",2,3,3.7,3.7,2.2,2.8,3.7,3.7,7,0.235849056603774,363,12.2304582210243,412,13.8814016172507
2010,2011,"corn_corn","corn","corn","#ffd300","#ffd300",3,4,6.4,6.4,3.2,3.8,6.4,6.4,1,0.0336927223719677,6,0.202156334231806,13,0.43800539083558
2010,2011,"corn_other","corn","other","#ffd300","#AAAAAA",3,4,6.4,1,3.2,3.8,5.8,1.6,3,0.101078167115903,6,0.202156334231806,2045,68.9016172506739
2010,2011,"corn_soy","corn","soy","#ffd300","#4daf4a",3,4,6.4,5.5,3.2,3.8,6.3,5.6,1,0.0336927223719677,6,0.202156334231806,426,14.3530997304582
2010,2011,"corn_springWheat","corn","springWheat","#ffd300","#a65628",3,4,6.4,3.7,3.2,3.8,6.1,4,1,0.0336927223719677,6,0.202156334231806,477,16.0714285714286
2010,2011,"hay_hay","hay","hay","#f781bf","#f781bf",3,4,4.6,4.6,3.2,3.8,4.6,4.6,1,0.0336927223719677,1,0.0336927223719677,6,0.202156334231806
2010,2011,"other_corn","other","corn","#AAAAAA","#ffd300",3,4,1,6.4,3.2,3.8,1.6,5.8,4,0.134770889487871,2073,69.8450134770889,13,0.43800539083558
2010,2011,"other_hay","other","hay","#AAAAAA","#f781bf",3,4,1,4.6,3.2,3.8,1.4,4.2,5,0.168463611859838,2073,69.8450134770889,6,0.202156334231806
2010,2011,"other_other","other","other","#AAAAAA","#AAAAAA",3,4,1,1,3.2,3.8,1,1,2017,67.9582210242588,2073,69.8450134770889,2045,68.9016172506739
2010,2011,"other_soy","other","soy","#AAAAAA","#4daf4a",3,4,1,5.5,3.2,3.8,1.5,5,14,0.471698113207547,2073,69.8450134770889,426,14.3530997304582
2010,2011,"other_springWheat","other","springWheat","#AAAAAA","#a65628",3,4,1,3.7,3.2,3.8,1.3,3.4,32,1.07816711590297,2073,69.8450134770889,477,16.0714285714286
2010,2011,"other_sugarbeets","other","sugarbeets","#AAAAAA","#377eb8",3,4,1,2.8,3.2,3.8,1.2,2.6,1,0.0336927223719677,2073,69.8450134770889,1,0.0336927223719677
2010,2011,"soy_corn","soy","corn","#4daf4a","#ffd300",3,4,5.5,6.4,3.2,3.8,5.6,6.3,7,0.235849056603774,476,16.0377358490566,13,0.43800539083558
2010,2011,"soy_other","soy","other","#4daf4a","#AAAAAA",3,4,5.5,1,3.2,3.8,5,1.5,17,0.57277628032345,476,16.0377358490566,2045,68.9016172506739
2010,2011,"soy_soy","soy","soy","#4daf4a","#4daf4a",3,4,5.5,5.5,3.2,3.8,5.5,5.5,19,0.640161725067385,476,16.0377358490566,426,14.3530997304582
2010,2011,"soy_springWheat","soy","springWheat","#4daf4a","#a65628",3,4,5.5,3.7,3.2,3.8,5.3,3.9,433,14.588948787062,476,16.0377358490566,477,16.0714285714286
2010,2011,"springWheat_corn","springWheat","corn","#a65628","#ffd300",3,4,3.7,6.4,3.2,3.8,4,6.1,1,0.0336927223719677,412,13.8814016172507,13,0.43800539083558
2010,2011,"springWheat_other","springWheat","other","#a65628","#AAAAAA",3,4,3.7,1,3.2,3.8,3.4,1.3,8,0.269541778975741,412,13.8814016172507,2045,68.9016172506739
2010,2011,"springWheat_soy","springWheat","soy","#a65628","#4daf4a",3,4,3.7,5.5,3.2,3.8,3.9,5.3,392,13.2075471698113,412,13.8814016172507,426,14.3530997304582
2010,2011,"springWheat_springWheat","springWheat","springWheat","#a65628","#a65628",3,4,3.7,3.7,3.2,3.8,3.7,3.7,11,0.370619946091644,412,13.8814016172507,477,16.0714285714286
2011,2012,"corn_corn","corn","corn","#ffd300","#ffd300",4,5,6.4,6.4,4.2,4.8,6.4,6.4,5,0.168463611859838,13,0.43800539083558,38,1.28032345013477
2011,2012,"corn_other","corn","other","#ffd300","#AAAAAA",4,5,6.4,1,4.2,4.8,5.8,1.6,1,0.0336927223719677,13,0.43800539083558,1937,65.2628032345013
2011,2012,"corn_soy","corn","soy","#ffd300","#4daf4a",4,5,6.4,5.5,4.2,4.8,6.3,5.6,2,0.0673854447439353,13,0.43800539083558,543,18.2951482479784
2011,2012,"corn_springWheat","corn","springWheat","#ffd300","#a65628",4,5,6.4,3.7,4.2,4.8,6.1,4,5,0.168463611859838,13,0.43800539083558,431,14.5215633423181
2011,2012,"hay_hay","hay","hay","#f781bf","#f781bf",4,5,4.6,4.6,4.2,4.8,4.6,4.6,10,0.336927223719677,15,0.505390835579515,16,0.539083557951483
2011,2012,"hay_other","hay","other","#f781bf","#AAAAAA",4,5,4.6,1,4.2,4.8,4.2,1.4,5,0.168463611859838,15,0.505390835579515,1937,65.2628032345013
2011,2012,"other_corn","other","corn","#AAAAAA","#ffd300",4,5,1,6.4,4.2,4.8,1.6,5.8,19,0.640161725067385,2036,68.5983827493261,38,1.28032345013477
2011,2012,"other_other","other","other","#AAAAAA","#AAAAAA",4,5,1,1,4.2,4.8,1,1,1917,64.588948787062,2036,68.5983827493261,1937,65.2628032345013
2011,2012,"other_soy","other","soy","#AAAAAA","#4daf4a",4,5,1,5.5,4.2,4.8,1.5,5,96,3.23450134770889,2036,68.5983827493261,543,18.2951482479784
2011,2012,"other_springWheat","other","springWheat","#AAAAAA","#a65628",4,5,1,3.7,4.2,4.8,1.3,3.4,4,0.134770889487871,2036,68.5983827493261,431,14.5215633423181
2011,2012,"soy_corn","soy","corn","#4daf4a","#ffd300",4,5,5.5,6.4,4.2,4.8,5.6,6.3,8,0.269541778975741,426,14.3530997304582,38,1.28032345013477
2011,2012,"soy_hay","soy","hay","#4daf4a","#f781bf",4,5,5.5,4.6,4.2,4.8,5.4,4.7,2,0.0673854447439353,426,14.3530997304582,16,0.539083557951483
2011,2012,"soy_other","soy","other","#4daf4a","#AAAAAA",4,5,5.5,1,4.2,4.8,5,1.5,2,0.0673854447439353,426,14.3530997304582,1937,65.2628032345013
2011,2012,"soy_soy","soy","soy","#4daf4a","#4daf4a",4,5,5.5,5.5,4.2,4.8,5.5,5.5,6,0.202156334231806,426,14.3530997304582,543,18.2951482479784
2011,2012,"soy_springWheat","soy","springWheat","#4daf4a","#a65628",4,5,5.5,3.7,4.2,4.8,5.3,3.9,406,13.6792452830189,426,14.3530997304582,431,14.5215633423181
2011,2012,"soy_sugarbeets","soy","sugarbeets","#4daf4a","#377eb8",4,5,5.5,2.8,4.2,4.8,5.2,3.1,2,0.0673854447439353,426,14.3530997304582,2,0.0673854447439353
2011,2012,"springWheat_corn","springWheat","corn","#a65628","#ffd300",4,5,3.7,6.4,4.2,4.8,4,6.1,6,0.202156334231806,477,16.0714285714286,38,1.28032345013477
2011,2012,"springWheat_dryBeans","springWheat","dryBeans","#a65628","#e41a1c",4,5,3.7,1.9,4.2,4.8,3.5,2.1,1,0.0336927223719677,477,16.0714285714286,1,0.0336927223719677
2011,2012,"springWheat_hay","springWheat","hay","#a65628","#f781bf",4,5,3.7,4.6,4.2,4.8,3.8,4.5,3,0.101078167115903,477,16.0714285714286,16,0.539083557951483
2011,2012,"springWheat_other","springWheat","other","#a65628","#AAAAAA",4,5,3.7,1,4.2,4.8,3.4,1.3,12,0.404312668463612,477,16.0714285714286,1937,65.2628032345013
2011,2012,"springWheat_soy","springWheat","soy","#a65628","#4daf4a",4,5,3.7,5.5,4.2,4.8,3.9,5.3,439,14.7911051212938,477,16.0714285714286,543,18.2951482479784
2011,2012,"springWheat_springWheat","springWheat","springWheat","#a65628","#a65628",4,5,3.7,3.7,4.2,4.8,3.7,3.7,16,0.539083557951483,477,16.0714285714286,431,14.5215633423181
2011,2012,"sugarbeets_hay","sugarbeets","hay","#377eb8","#f781bf",4,5,2.8,4.6,4.2,4.8,3,4.4,1,0.0336927223719677,1,0.0336927223719677,16,0.539083557951483
2012,2013,"corn_corn","corn","corn","#ffd300","#ffd300",5,6,6.4,6.4,5.2,5.8,6.4,6.4,4,0.134770889487871,38,1.28032345013477,29,0.977088948787062
2012,2013,"corn_hay","corn","hay","#ffd300","#f781bf",5,6,6.4,4.6,5.2,5.8,6.2,4.8,1,0.0336927223719677,38,1.28032345013477,10,0.336927223719677
2012,2013,"corn_other","corn","other","#ffd300","#AAAAAA",5,6,6.4,1,5.2,5.8,5.8,1.6,18,0.606469002695418,38,1.28032345013477,1900,64.0161725067385
2012,2013,"corn_soy","corn","soy","#ffd300","#4daf4a",5,6,6.4,5.5,5.2,5.8,6.3,5.6,11,0.370619946091644,38,1.28032345013477,614,20.6873315363881
2012,2013,"corn_springWheat","corn","springWheat","#ffd300","#a65628",5,6,6.4,3.7,5.2,5.8,6.1,4,4,0.134770889487871,38,1.28032345013477,412,13.8814016172507
2012,2013,"dryBeans_soy","dryBeans","soy","#e41a1c","#4daf4a",5,6,1.9,5.5,5.2,5.8,2.3,5.1,1,0.0336927223719677,1,0.0336927223719677,614,20.6873315363881
2012,2013,"hay_corn","hay","corn","#f781bf","#ffd300",5,6,4.6,6.4,5.2,5.8,4.8,6.2,2,0.0673854447439353,12,0.404312668463612,29,0.977088948787062
2012,2013,"hay_hay","hay","hay","#f781bf","#f781bf",5,6,4.6,4.6,5.2,5.8,4.6,4.6,5,0.168463611859838,12,0.404312668463612,10,0.336927223719677
2012,2013,"hay_other","hay","other","#f781bf","#AAAAAA",5,6,4.6,1,5.2,5.8,4.2,1.4,2,0.0673854447439353,12,0.404312668463612,1900,64.0161725067385
2012,2013,"hay_soy","hay","soy","#f781bf","#4daf4a",5,6,4.6,5.5,5.2,5.8,4.7,5.4,2,0.0673854447439353,12,0.404312668463612,614,20.6873315363881
2012,2013,"hay_springWheat","hay","springWheat","#f781bf","#a65628",5,6,4.6,3.7,5.2,5.8,4.5,3.8,1,0.0336927223719677,12,0.404312668463612,412,13.8814016172507
2012,2013,"other_corn","other","corn","#AAAAAA","#ffd300",5,6,1,6.4,5.2,5.8,1.6,5.8,4,0.134770889487871,1941,65.3975741239892,29,0.977088948787062
2012,2013,"other_other","other","other","#AAAAAA","#AAAAAA",5,6,1,1,5.2,5.8,1,1,1773,59.7371967654987,1941,65.3975741239892,1900,64.0161725067385
2012,2013,"other_soy","other","soy","#AAAAAA","#4daf4a",5,6,1,5.5,5.2,5.8,1.5,5,162,5.45822102425876,1941,65.3975741239892,614,20.6873315363881
2012,2013,"other_springWheat","other","springWheat","#AAAAAA","#a65628",5,6,1,3.7,5.2,5.8,1.3,3.4,2,0.0673854447439353,1941,65.3975741239892,412,13.8814016172507
2012,2013,"soy_corn","soy","corn","#4daf4a","#ffd300",5,6,5.5,6.4,5.2,5.8,5.6,6.3,14,0.471698113207547,543,18.2951482479784,29,0.977088948787062
2012,2013,"soy_hay","soy","hay","#4daf4a","#f781bf",5,6,5.5,4.6,5.2,5.8,5.4,4.7,4,0.134770889487871,543,18.2951482479784,10,0.336927223719677
2012,2013,"soy_other","soy","other","#4daf4a","#AAAAAA",5,6,5.5,1,5.2,5.8,5,1.5,98,3.30188679245283,543,18.2951482479784,1900,64.0161725067385
2012,2013,"soy_soy","soy","soy","#4daf4a","#4daf4a",5,6,5.5,5.5,5.2,5.8,5.5,5.5,37,1.2466307277628,543,18.2951482479784,614,20.6873315363881
2012,2013,"soy_springWheat","soy","springWheat","#4daf4a","#a65628",5,6,5.5,3.7,5.2,5.8,5.3,3.9,389,13.1064690026954,543,18.2951482479784,412,13.8814016172507
2012,2013,"soy_sugarbeets","soy","sugarbeets","#4daf4a","#377eb8",5,6,5.5,2.8,5.2,5.8,5.2,3.1,1,0.0336927223719677,543,18.2951482479784,3,0.101078167115903
2012,2013,"springWheat_corn","springWheat","corn","#a65628","#ffd300",5,6,3.7,6.4,5.2,5.8,4,6.1,5,0.168463611859838,431,14.5215633423181,29,0.977088948787062
2012,2013,"springWheat_other","springWheat","other","#a65628","#AAAAAA",5,6,3.7,1,5.2,5.8,3.4,1.3,9,0.303234501347709,431,14.5215633423181,1900,64.0161725067385
2012,2013,"springWheat_soy","springWheat","soy","#a65628","#4daf4a",5,6,3.7,5.5,5.2,5.8,3.9,5.3,399,13.4433962264151,431,14.5215633423181,614,20.6873315363881
2012,2013,"springWheat_springWheat","springWheat","springWheat","#a65628","#a65628",5,6,3.7,3.7,5.2,5.8,3.7,3.7,16,0.539083557951483,431,14.5215633423181,412,13.8814016172507
2012,2013,"springWheat_sugarbeets","springWheat","sugarbeets","#a65628","#377eb8",5,6,3.7,2.8,5.2,5.8,3.6,2.9,2,0.0673854447439353,431,14.5215633423181,3,0.101078167115903
2012,2013,"sugarbeets_soy","sugarbeets","soy","#377eb8","#4daf4a",5,6,2.8,5.5,5.2,5.8,3.1,5.2,2,0.0673854447439353,2,0.0673854447439353,614,20.6873315363881
2013,2014,"corn_corn","corn","corn","#ffd300","#ffd300",6,7,6.4,6.4,6.2,6.8,6.4,6.4,2,0.0673854447439353,29,0.977088948787062,17,0.57277628032345
2013,2014,"corn_other","corn","other","#ffd300","#AAAAAA",6,7,6.4,1,6.2,6.8,5.8,1.6,4,0.134770889487871,29,0.977088948787062,1917,64.588948787062
2013,2014,"corn_soy","corn","soy","#ffd300","#4daf4a",6,7,6.4,5.5,6.2,6.8,6.3,5.6,19,0.640161725067385,29,0.977088948787062,975,32.8504043126685
2013,2014,"corn_springWheat","corn","springWheat","#ffd300","#a65628",6,7,6.4,3.7,6.2,6.8,6.1,4,4,0.134770889487871,29,0.977088948787062,40,1.34770889487871
2013,2014,"hay_corn","hay","corn","#f781bf","#ffd300",6,7,4.6,6.4,6.2,6.8,4.8,6.2,1,0.0336927223719677,13,0.43800539083558,17,0.57277628032345
2013,2014,"hay_hay","hay","hay","#f781bf","#f781bf",6,7,4.6,4.6,6.2,6.8,4.6,4.6,7,0.235849056603774,13,0.43800539083558,16,0.539083557951483
2013,2014,"hay_soy","hay","soy","#f781bf","#4daf4a",6,7,4.6,5.5,6.2,6.8,4.7,5.4,5,0.168463611859838,13,0.43800539083558,975,32.8504043126685
2013,2014,"other_corn","other","corn","#AAAAAA","#ffd300",6,7,1,6.4,6.2,6.8,1.6,5.8,1,0.0336927223719677,1897,63.9150943396226,17,0.57277628032345
2013,2014,"other_hay","other","hay","#AAAAAA","#f781bf",6,7,1,4.6,6.2,6.8,1.4,4.2,3,0.101078167115903,1897,63.9150943396226,16,0.539083557951483
2013,2014,"other_other","other","other","#AAAAAA","#AAAAAA",6,7,1,1,6.2,6.8,1,1,1754,59.0970350404313,1897,63.9150943396226,1917,64.588948787062
2013,2014,"other_soy","other","soy","#AAAAAA","#4daf4a",6,7,1,5.5,6.2,6.8,1.5,5,138,4.64959568733154,1897,63.9150943396226,975,32.8504043126685
2013,2014,"other_springWheat","other","springWheat","#AAAAAA","#a65628",6,7,1,3.7,6.2,6.8,1.3,3.4,1,0.0336927223719677,1897,63.9150943396226,40,1.34770889487871
2013,2014,"soy_corn","soy","corn","#4daf4a","#ffd300",6,7,5.5,6.4,6.2,6.8,5.6,6.3,11,0.370619946091644,614,20.6873315363881,17,0.57277628032345
2013,2014,"soy_hay","soy","hay","#4daf4a","#f781bf",6,7,5.5,4.6,6.2,6.8,5.4,4.7,5,0.168463611859838,614,20.6873315363881,16,0.539083557951483
2013,2014,"soy_other","soy","other","#4daf4a","#AAAAAA",6,7,5.5,1,6.2,6.8,5,1.5,159,5.35714285714286,614,20.6873315363881,1917,64.588948787062
2013,2014,"soy_soy","soy","soy","#4daf4a","#4daf4a",6,7,5.5,5.5,6.2,6.8,5.5,5.5,418,14.0835579514825,614,20.6873315363881,975,32.8504043126685
2013,2014,"soy_springWheat","soy","springWheat","#4daf4a","#a65628",6,7,5.5,3.7,6.2,6.8,5.3,3.9,18,0.606469002695418,614,20.6873315363881,40,1.34770889487871
2013,2014,"soy_sugarbeets","soy","sugarbeets","#4daf4a","#377eb8",6,7,5.5,2.8,6.2,6.8,5.2,3.1,3,0.101078167115903,614,20.6873315363881,3,0.101078167115903
2013,2014,"springWheat_corn","springWheat","corn","#a65628","#ffd300",6,7,3.7,6.4,6.2,6.8,4,6.1,2,0.0673854447439353,412,13.8814016172507,17,0.57277628032345
2013,2014,"springWheat_hay","springWheat","hay","#a65628","#f781bf",6,7,3.7,4.6,6.2,6.8,3.8,4.5,1,0.0336927223719677,412,13.8814016172507,16,0.539083557951483
2013,2014,"springWheat_soy","springWheat","soy","#a65628","#4daf4a",6,7,3.7,5.5,6.2,6.8,3.9,5.3,392,13.2075471698113,412,13.8814016172507,975,32.8504043126685
2013,2014,"springWheat_springWheat","springWheat","springWheat","#a65628","#a65628",6,7,3.7,3.7,6.2,6.8,3.7,3.7,17,0.57277628032345,412,13.8814016172507,40,1.34770889487871
2013,2014,"sugarbeets_soy","sugarbeets","soy","#377eb8","#4daf4a",6,7,2.8,5.5,6.2,6.8,3.1,5.2,3,0.101078167115903,3,0.101078167115903,975,32.8504043126685
2014,2015,"corn_corn","corn","corn","#ffd300","#ffd300",7,8,6.4,6.4,7.2,7.8,6.4,6.4,2,0.0673854447439353,17,0.57277628032345,6,0.202156334231806
2014,2015,"corn_hay","corn","hay","#ffd300","#f781bf",7,8,6.4,4.6,7.2,7.8,6.2,4.8,2,0.0673854447439353,17,0.57277628032345,33,1.11185983827493
2014,2015,"corn_soy","corn","soy","#ffd300","#4daf4a",7,8,6.4,5.5,7.2,7.8,6.3,5.6,6,0.202156334231806,17,0.57277628032345,486,16.3746630727763
2014,2015,"corn_springWheat","corn","springWheat","#ffd300","#a65628",7,8,6.4,3.7,7.2,7.8,6.1,4,7,0.235849056603774,17,0.57277628032345,506,17.0485175202156
2014,2015,"hay_hay","hay","hay","#f781bf","#f781bf",7,8,4.6,4.6,7.2,7.8,4.6,4.6,27,0.909703504043127,33,1.11185983827493,33,1.11185983827493
2014,2015,"hay_other","hay","other","#f781bf","#AAAAAA",7,8,4.6,1,7.2,7.8,4.2,1.4,2,0.0673854447439353,33,1.11185983827493,1936,65.2291105121294
2014,2015,"hay_soy","hay","soy","#f781bf","#4daf4a",7,8,4.6,5.5,7.2,7.8,4.7,5.4,3,0.101078167115903,33,1.11185983827493,486,16.3746630727763
2014,2015,"hay_springWheat","hay","springWheat","#f781bf","#a65628",7,8,4.6,3.7,7.2,7.8,4.5,3.8,1,0.0336927223719677,33,1.11185983827493,506,17.0485175202156
2014,2015,"other_hay","other","hay","#AAAAAA","#f781bf",7,8,1,4.6,7.2,7.8,1.4,4.2,1,0.0336927223719677,1900,64.0161725067385,33,1.11185983827493
2014,2015,"other_other","other","other","#AAAAAA","#AAAAAA",7,8,1,1,7.2,7.8,1,1,1892,63.7466307277628,1900,64.0161725067385,1936,65.2291105121294
2014,2015,"other_soy","other","soy","#AAAAAA","#4daf4a",7,8,1,5.5,7.2,7.8,1.5,5,4,0.134770889487871,1900,64.0161725067385,486,16.3746630727763
2014,2015,"other_springWheat","other","springWheat","#AAAAAA","#a65628",7,8,1,3.7,7.2,7.8,1.3,3.4,3,0.101078167115903,1900,64.0161725067385,506,17.0485175202156
2014,2015,"soy_corn","soy","corn","#4daf4a","#ffd300",7,8,5.5,6.4,7.2,7.8,5.6,6.3,4,0.134770889487871,975,32.8504043126685,6,0.202156334231806
2014,2015,"soy_hay","soy","hay","#4daf4a","#f781bf",7,8,5.5,4.6,7.2,7.8,5.4,4.7,3,0.101078167115903,975,32.8504043126685,33,1.11185983827493
2014,2015,"soy_other","soy","other","#4daf4a","#AAAAAA",7,8,5.5,1,7.2,7.8,5,1.5,37,1.2466307277628,975,32.8504043126685,1936,65.2291105121294
2014,2015,"soy_soy","soy","soy","#4daf4a","#4daf4a",7,8,5.5,5.5,7.2,7.8,5.5,5.5,449,15.1280323450135,975,32.8504043126685,486,16.3746630727763
2014,2015,"soy_springWheat","soy","springWheat","#4daf4a","#a65628",7,8,5.5,3.7,7.2,7.8,5.3,3.9,481,16.2061994609164,975,32.8504043126685,506,17.0485175202156
2014,2015,"soy_sugarbeets","soy","sugarbeets","#4daf4a","#377eb8",7,8,5.5,2.8,7.2,7.8,5.2,3.1,1,0.0336927223719677,975,32.8504043126685,1,0.0336927223719677
2014,2015,"springWheat_other","springWheat","other","#a65628","#AAAAAA",7,8,3.7,1,7.2,7.8,3.4,1.3,5,0.168463611859838,40,1.34770889487871,1936,65.2291105121294
2014,2015,"springWheat_soy","springWheat","soy","#a65628","#4daf4a",7,8,3.7,5.5,7.2,7.8,3.9,5.3,24,0.808625336927224,40,1.34770889487871,486,16.3746630727763
2014,2015,"springWheat_springWheat","springWheat","springWheat","#a65628","#a65628",7,8,3.7,3.7,7.2,7.8,3.7,3.7,11,0.370619946091644,40,1.34770889487871,506,17.0485175202156
2014,2015,"sugarbeets_springWheat","sugarbeets","springWheat","#377eb8","#a65628",7,8,2.8,3.7,7.2,7.8,2.9,3.6,3,0.101078167115903,3,0.101078167115903,506,17.0485175202156
2015,2016,"corn_corn","corn","corn","#ffd300","#ffd300",8,9,6.4,6.4,8.2,8.8,6.4,6.4,1,0.0336927223719677,6,0.202156334231806,25,0.842318059299191
2015,2016,"corn_soy","corn","soy","#ffd300","#4daf4a",8,9,6.4,5.5,8.2,8.8,6.3,5.6,1,0.0336927223719677,6,0.202156334231806,542,18.2614555256065
2015,2016,"corn_springWheat","corn","springWheat","#ffd300","#a65628",8,9,6.4,3.7,8.2,8.8,6.1,4,2,0.0673854447439353,6,0.202156334231806,433,14.588948787062
2015,2016,"corn_sugarbeets","corn","sugarbeets","#ffd300","#377eb8",8,9,6.4,2.8,8.2,8.8,6,3.2,2,0.0673854447439353,6,0.202156334231806,10,0.336927223719677
2015,2016,"hay_corn","hay","corn","#f781bf","#ffd300",8,9,4.6,6.4,8.2,8.8,4.8,6.2,1,0.0336927223719677,15,0.505390835579515,25,0.842318059299191
2015,2016,"hay_hay","hay","hay","#f781bf","#f781bf",8,9,4.6,4.6,8.2,8.8,4.6,4.6,14,0.471698113207547,15,0.505390835579515,23,0.774932614555256
2015,2016,"other_corn","other","corn","#AAAAAA","#ffd300",8,9,1,6.4,8.2,8.8,1.6,5.8,2,0.0673854447439353,1954,65.8355795148248,25,0.842318059299191
2015,2016,"other_hay","other","hay","#AAAAAA","#f781bf",8,9,1,4.6,8.2,8.8,1.4,4.2,2,0.0673854447439353,1954,65.8355795148248,23,0.774932614555256
2015,2016,"other_other","other","other","#AAAAAA","#AAAAAA",8,9,1,1,8.2,8.8,1,1,1918,64.622641509434,1954,65.8355795148248,1935,65.1954177897574
2015,2016,"other_soy","other","soy","#AAAAAA","#4daf4a",8,9,1,5.5,8.2,8.8,1.5,5,19,0.640161725067385,1954,65.8355795148248,542,18.2614555256065
2015,2016,"other_springWheat","other","springWheat","#AAAAAA","#a65628",8,9,1,3.7,8.2,8.8,1.3,3.4,13,0.43800539083558,1954,65.8355795148248,433,14.588948787062
2015,2016,"soy_corn","soy","corn","#4daf4a","#ffd300",8,9,5.5,6.4,8.2,8.8,5.6,6.3,3,0.101078167115903,486,16.3746630727763,25,0.842318059299191
2015,2016,"soy_hay","soy","hay","#4daf4a","#f781bf",8,9,5.5,4.6,8.2,8.8,5.4,4.7,7,0.235849056603774,486,16.3746630727763,23,0.774932614555256
2015,2016,"soy_other","soy","other","#4daf4a","#AAAAAA",8,9,5.5,1,8.2,8.8,5,1.5,14,0.471698113207547,486,16.3746630727763,1935,65.1954177897574
2015,2016,"soy_soy","soy","soy","#4daf4a","#4daf4a",8,9,5.5,5.5,8.2,8.8,5.5,5.5,44,1.48247978436658,486,16.3746630727763,542,18.2614555256065
2015,2016,"soy_springWheat","soy","springWheat","#4daf4a","#a65628",8,9,5.5,3.7,8.2,8.8,5.3,3.9,413,13.9150943396226,486,16.3746630727763,433,14.588948787062
2015,2016,"soy_sugarbeets","soy","sugarbeets","#4daf4a","#377eb8",8,9,5.5,2.8,8.2,8.8,5.2,3.1,5,0.168463611859838,486,16.3746630727763,10,0.336927223719677
2015,2016,"springWheat_corn","springWheat","corn","#a65628","#ffd300",8,9,3.7,6.4,8.2,8.8,4,6.1,18,0.606469002695418,506,17.0485175202156,25,0.842318059299191
2015,2016,"springWheat_other","springWheat","other","#a65628","#AAAAAA",8,9,3.7,1,8.2,8.8,3.4,1.3,3,0.101078167115903,506,17.0485175202156,1935,65.1954177897574
2015,2016,"springWheat_soy","springWheat","soy","#a65628","#4daf4a",8,9,3.7,5.5,8.2,8.8,3.9,5.3,477,16.0714285714286,506,17.0485175202156,542,18.2614555256065
2015,2016,"springWheat_springWheat","springWheat","springWheat","#a65628","#a65628",8,9,3.7,3.7,8.2,8.8,3.7,3.7,5,0.168463611859838,506,17.0485175202156,433,14.588948787062
2015,2016,"springWheat_sugarbeets","springWheat","sugarbeets","#a65628","#377eb8",8,9,3.7,2.8,8.2,8.8,3.6,2.9,3,0.101078167115903,506,17.0485175202156,10,0.336927223719677
2015,2016,"sugarbeets_soy","sugarbeets","soy","#377eb8","#4daf4a",8,9,2.8,5.5,8.2,8.8,3.1,5.2,1,0.0336927223719677,1,0.0336927223719677,542,18.2614555256065
2016,2017,"corn_dryBeans","corn","dryBeans","#ffd300","#e41a1c",9,10,6.4,1.9,9.2,9.8,5.9,2.4,1,0.0336927223719677,25,0.842318059299191,1,0.0336927223719677
2016,2017,"corn_hay","corn","hay","#ffd300","#f781bf",9,10,6.4,4.6,9.2,9.8,6.2,4.8,1,0.0336927223719677,25,0.842318059299191,40,1.34770889487871
2016,2017,"corn_soy","corn","soy","#ffd300","#4daf4a",9,10,6.4,5.5,9.2,9.8,6.3,5.6,3,0.101078167115903,25,0.842318059299191,540,18.1940700808625
2016,2017,"corn_springWheat","corn","springWheat","#ffd300","#a65628",9,10,6.4,3.7,9.2,9.8,6.1,4,20,0.673854447439353,25,0.842318059299191,472,15.9029649595687
2016,2017,"hay_hay","hay","hay","#f781bf","#f781bf",9,10,4.6,4.6,9.2,9.8,4.6,4.6,16,0.539083557951483,22,0.741239892183288,40,1.34770889487871
2016,2017,"hay_other","hay","other","#f781bf","#AAAAAA",9,10,4.6,1,9.2,9.8,4.2,1.4,2,0.0673854447439353,22,0.741239892183288,1913,64.4541778975741
2016,2017,"hay_soy","hay","soy","#f781bf","#4daf4a",9,10,4.6,5.5,9.2,9.8,4.7,5.4,2,0.0673854447439353,22,0.741239892183288,540,18.1940700808625
2016,2017,"hay_springWheat","hay","springWheat","#f781bf","#a65628",9,10,4.6,3.7,9.2,9.8,4.5,3.8,2,0.0673854447439353,22,0.741239892183288,472,15.9029649595687
2016,2017,"other_other","other","other","#AAAAAA","#AAAAAA",9,10,1,1,9.2,9.8,1,1,1903,64.1172506738544,1936,65.2291105121294,1913,64.4541778975741
2016,2017,"other_soy","other","soy","#AAAAAA","#4daf4a",9,10,1,5.5,9.2,9.8,1.5,5,33,1.11185983827493,1936,65.2291105121294,540,18.1940700808625
2016,2017,"soy_corn","soy","corn","#4daf4a","#ffd300",9,10,5.5,6.4,9.2,9.8,5.6,6.3,1,0.0336927223719677,542,18.2614555256065,2,0.0673854447439353
2016,2017,"soy_hay","soy","hay","#4daf4a","#f781bf",9,10,5.5,4.6,9.2,9.8,5.4,4.7,13,0.43800539083558,542,18.2614555256065,40,1.34770889487871
2016,2017,"soy_other","soy","other","#4daf4a","#AAAAAA",9,10,5.5,1,9.2,9.8,5,1.5,4,0.134770889487871,542,18.2614555256065,1913,64.4541778975741
2016,2017,"soy_soy","soy","soy","#4daf4a","#4daf4a",9,10,5.5,5.5,9.2,9.8,5.5,5.5,80,2.69541778975741,542,18.2614555256065,540,18.1940700808625
2016,2017,"soy_springWheat","soy","springWheat","#4daf4a","#a65628",9,10,5.5,3.7,9.2,9.8,5.3,3.9,444,14.9595687331536,542,18.2614555256065,472,15.9029649595687
2016,2017,"springWheat_hay","springWheat","hay","#a65628","#f781bf",9,10,3.7,4.6,9.2,9.8,3.8,4.5,6,0.202156334231806,433,14.588948787062,40,1.34770889487871
2016,2017,"springWheat_other","springWheat","other","#a65628","#AAAAAA",9,10,3.7,1,9.2,9.8,3.4,1.3,2,0.0673854447439353,433,14.588948787062,1913,64.4541778975741
2016,2017,"springWheat_soy","springWheat","soy","#a65628","#4daf4a",9,10,3.7,5.5,9.2,9.8,3.9,5.3,420,14.1509433962264,433,14.588948787062,540,18.1940700808625
2016,2017,"springWheat_springWheat","springWheat","springWheat","#a65628","#a65628",9,10,3.7,3.7,9.2,9.8,3.7,3.7,5,0.168463611859838,433,14.588948787062,472,15.9029649595687
2016,2017,"sugarbeets_corn","sugarbeets","corn","#377eb8","#ffd300",9,10,2.8,6.4,9.2,9.8,3.2,6,1,0.0336927223719677,10,0.336927223719677,2,0.0673854447439353
2016,2017,"sugarbeets_hay","sugarbeets","hay","#377eb8","#f781bf",9,10,2.8,4.6,9.2,9.8,3,4.4,4,0.134770889487871,10,0.336927223719677,40,1.34770889487871
2016,2017,"sugarbeets_other","sugarbeets","other","#377eb8","#AAAAAA",9,10,2.8,1,9.2,9.8,2.6,1.2,2,0.0673854447439353,10,0.336927223719677,1913,64.4541778975741
2016,2017,"sugarbeets_soy","sugarbeets","soy","#377eb8","#4daf4a",9,10,2.8,5.5,9.2,9.8,3.1,5.2,2,0.0673854447439353,10,0.336927223719677,540,18.1940700808625
2016,2017,"sugarbeets_springWheat","sugarbeets","springWheat","#377eb8","#a65628",9,10,2.8,3.7,9.2,9.8,2.9,3.6,1,0.0336927223719677,10,0.336927223719677,472,15.9029649595687
2017,2018,"corn_corn","corn","corn","#ffd300","#ffd300",10,11,6.4,6.4,10.2,10.8,6.4,6.4,1,0.0336927223719677,2,0.0673854447439353,68,2.2911051212938
2017,2018,"corn_sugarbeets","corn","sugarbeets","#ffd300","#377eb8",10,11,6.4,2.8,10.2,10.8,6,3.2,1,0.0336927223719677,2,0.0673854447439353,456,15.3638814016173
2017,2018,"dryBeans_soy","dryBeans","soy","#e41a1c","#4daf4a",10,11,1.9,5.5,10.2,10.8,2.3,5.1,1,0.0336927223719677,1,0.0336927223719677,215,7.24393530997305
2017,2018,"hay_corn","hay","corn","#f781bf","#ffd300",10,11,4.6,6.4,10.2,10.8,4.8,6.2,5,0.168463611859838,181,6.09838274932615,68,2.2911051212938
2017,2018,"hay_hay","hay","hay","#f781bf","#f781bf",10,11,4.6,4.6,10.2,10.8,4.6,4.6,161,5.42452830188679,181,6.09838274932615,165,5.55929919137466
2017,2018,"hay_other","hay","other","#f781bf","#AAAAAA",10,11,4.6,1,10.2,10.8,4.2,1.4,1,0.0336927223719677,181,6.09838274932615,1777,59.8719676549865
2017,2018,"hay_soy","hay","soy","#f781bf","#4daf4a",10,11,4.6,5.5,10.2,10.8,4.7,5.4,12,0.404312668463612,181,6.09838274932615,215,7.24393530997305
2017,2018,"hay_sugarbeets","hay","sugarbeets","#f781bf","#377eb8",10,11,4.6,2.8,10.2,10.8,4.4,3,2,0.0673854447439353,181,6.09838274932615,456,15.3638814016173
2017,2018,"other_corn","other","corn","#AAAAAA","#ffd300",10,11,1,6.4,10.2,10.8,1.6,5.8,1,0.0336927223719677,1772,59.7035040431267,68,2.2911051212938
2017,2018,"other_hay","other","hay","#AAAAAA","#f781bf",10,11,1,4.6,10.2,10.8,1.4,4.2,2,0.0673854447439353,1772,59.7035040431267,165,5.55929919137466
2017,2018,"other_other","other","other","#AAAAAA","#AAAAAA",10,11,1,1,10.2,10.8,1,1,1766,59.5013477088949,1772,59.7035040431267,1777,59.8719676549865
2017,2018,"other_soy","other","soy","#AAAAAA","#4daf4a",10,11,1,5.5,10.2,10.8,1.5,5,3,0.101078167115903,1772,59.7035040431267,215,7.24393530997305
2017,2018,"soy_corn","soy","corn","#4daf4a","#ffd300",10,11,5.5,6.4,10.2,10.8,5.6,6.3,55,1.85309973045822,540,18.1940700808625,68,2.2911051212938
2017,2018,"soy_hay","soy","hay","#4daf4a","#f781bf",10,11,5.5,4.6,10.2,10.8,5.4,4.7,2,0.0673854447439353,540,18.1940700808625,165,5.55929919137466
2017,2018,"soy_other","soy","other","#4daf4a","#AAAAAA",10,11,5.5,1,10.2,10.8,5,1.5,8,0.269541778975741,540,18.1940700808625,1777,59.8719676549865
2017,2018,"soy_soy","soy","soy","#4daf4a","#4daf4a",10,11,5.5,5.5,10.2,10.8,5.5,5.5,118,3.97574123989218,540,18.1940700808625,215,7.24393530997305
2017,2018,"soy_springWheat","soy","springWheat","#4daf4a","#a65628",10,11,5.5,3.7,10.2,10.8,5.3,3.9,287,9.66981132075472,540,18.1940700808625,287,9.66981132075472
2017,2018,"soy_sugarbeets","soy","sugarbeets","#4daf4a","#377eb8",10,11,5.5,2.8,10.2,10.8,5.2,3.1,70,2.35849056603774,540,18.1940700808625,456,15.3638814016173
2017,2018,"springWheat_corn","springWheat","corn","#a65628","#ffd300",10,11,3.7,6.4,10.2,10.8,4,6.1,6,0.202156334231806,472,15.9029649595687,68,2.2911051212938
2017,2018,"springWheat_other","springWheat","other","#a65628","#AAAAAA",10,11,3.7,1,10.2,10.8,3.4,1.3,2,0.0673854447439353,472,15.9029649595687,1777,59.8719676549865
2017,2018,"springWheat_soy","springWheat","soy","#a65628","#4daf4a",10,11,3.7,5.5,10.2,10.8,3.9,5.3,81,2.72911051212938,472,15.9029649595687,215,7.24393530997305
2017,2018,"springWheat_sugarbeets","springWheat","sugarbeets","#a65628","#377eb8",10,11,3.7,2.8,10.2,10.8,3.6,2.9,383,12.9043126684636,472,15.9029649595687,456,15.3638814016173
2018,2019,"corn_corn","corn","corn","#ffd300","#ffd300",11,12,6.4,6.4,11.2,11.8,6.4,6.4,12,0.404312668463612,68,2.2911051212938,279,9.40026954177898
2018,2019,"corn_dryBeans","corn","dryBeans","#ffd300","#e41a1c",11,12,6.4,1.9,11.2,11.8,5.9,2.4,1,0.0336927223719677,68,2.2911051212938,12,0.404312668463612
2018,2019,"corn_hay","corn","hay","#ffd300","#f781bf",11,12,6.4,4.6,11.2,11.8,6.2,4.8,1,0.0336927223719677,68,2.2911051212938,25,0.842318059299191
2018,2019,"corn_other","corn","other","#ffd300","#AAAAAA",11,12,6.4,1,11.2,11.8,5.8,1.6,11,0.370619946091644,68,2.2911051212938,1917,64.588948787062
2018,2019,"corn_soy","corn","soy","#ffd300","#4daf4a",11,12,6.4,5.5,11.2,11.8,6.3,5.6,37,1.2466307277628,68,2.2911051212938,415,13.9824797843666
2018,2019,"corn_springWheat","corn","springWheat","#ffd300","#a65628",11,12,6.4,3.7,11.2,11.8,6.1,4,6,0.202156334231806,68,2.2911051212938,320,10.7816711590297
2018,2019,"hay_corn","hay","corn","#f781bf","#ffd300",11,12,4.6,6.4,11.2,11.8,4.8,6.2,2,0.0673854447439353,35,1.17924528301887,279,9.40026954177898
2018,2019,"hay_hay","hay","hay","#f781bf","#f781bf",11,12,4.6,4.6,11.2,11.8,4.6,4.6,18,0.606469002695418,35,1.17924528301887,25,0.842318059299191
2018,2019,"hay_other","hay","other","#f781bf","#AAAAAA",11,12,4.6,1,11.2,11.8,4.2,1.4,10,0.336927223719677,35,1.17924528301887,1917,64.588948787062
2018,2019,"hay_soy","hay","soy","#f781bf","#4daf4a",11,12,4.6,5.5,11.2,11.8,4.7,5.4,3,0.101078167115903,35,1.17924528301887,415,13.9824797843666
2018,2019,"hay_springWheat","hay","springWheat","#f781bf","#a65628",11,12,4.6,3.7,11.2,11.8,4.5,3.8,2,0.0673854447439353,35,1.17924528301887,320,10.7816711590297
2018,2019,"other_corn","other","corn","#AAAAAA","#ffd300",11,12,1,6.4,11.2,11.8,1.6,5.8,2,0.0673854447439353,1907,64.2520215633423,279,9.40026954177898
2018,2019,"other_other","other","other","#AAAAAA","#AAAAAA",11,12,1,1,11.2,11.8,1,1,1885,63.510781671159,1907,64.2520215633423,1917,64.588948787062
2018,2019,"other_soy","other","soy","#AAAAAA","#4daf4a",11,12,1,5.5,11.2,11.8,1.5,5,10,0.336927223719677,1907,64.2520215633423,415,13.9824797843666
2018,2019,"other_springWheat","other","springWheat","#AAAAAA","#a65628",11,12,1,3.7,11.2,11.8,1.3,3.4,10,0.336927223719677,1907,64.2520215633423,320,10.7816711590297
2018,2019,"soy_corn","soy","corn","#4daf4a","#ffd300",11,12,5.5,6.4,11.2,11.8,5.6,6.3,85,2.86388140161725,215,7.24393530997305,279,9.40026954177898
2018,2019,"soy_hay","soy","hay","#4daf4a","#f781bf",11,12,5.5,4.6,11.2,11.8,5.4,4.7,1,0.0336927223719677,215,7.24393530997305,25,0.842318059299191
2018,2019,"soy_other","soy","other","#4daf4a","#AAAAAA",11,12,5.5,1,11.2,11.8,5,1.5,9,0.303234501347709,215,7.24393530997305,1917,64.588948787062
2018,2019,"soy_soy","soy","soy","#4daf4a","#4daf4a",11,12,5.5,5.5,11.2,11.8,5.5,5.5,99,3.3355795148248,215,7.24393530997305,415,13.9824797843666
2018,2019,"soy_springWheat","soy","springWheat","#4daf4a","#a65628",11,12,5.5,3.7,11.2,11.8,5.3,3.9,21,0.707547169811321,215,7.24393530997305,320,10.7816711590297
2018,2019,"springWheat_corn","springWheat","corn","#a65628","#ffd300",11,12,3.7,6.4,11.2,11.8,4,6.1,105,3.5377358490566,287,9.66981132075472,279,9.40026954177898
2018,2019,"springWheat_soy","springWheat","soy","#a65628","#4daf4a",11,12,3.7,5.5,11.2,11.8,3.9,5.3,182,6.13207547169811,287,9.66981132075472,415,13.9824797843666
2018,2019,"sugarbeets_corn","sugarbeets","corn","#377eb8","#ffd300",11,12,2.8,6.4,11.2,11.8,3.2,6,73,2.45956873315364,456,15.3638814016173,279,9.40026954177898
2018,2019,"sugarbeets_dryBeans","sugarbeets","dryBeans","#377eb8","#e41a1c",11,12,2.8,1.9,11.2,11.8,2.7,2,11,0.370619946091644,456,15.3638814016173,12,0.404312668463612
2018,2019,"sugarbeets_hay","sugarbeets","hay","#377eb8","#f781bf",11,12,2.8,4.6,11.2,11.8,3,4.4,5,0.168463611859838,456,15.3638814016173,25,0.842318059299191
2018,2019,"sugarbeets_other","sugarbeets","other","#377eb8","#AAAAAA",11,12,2.8,1,11.2,11.8,2.6,1.2,2,0.0673854447439353,456,15.3638814016173,1917,64.588948787062
2018,2019,"sugarbeets_soy","sugarbeets","soy","#377eb8","#4daf4a",11,12,2.8,5.5,11.2,11.8,3.1,5.2,84,2.83018867924528,456,15.3638814016173,415,13.9824797843666
2018,2019,"sugarbeets_springWheat","sugarbeets","springWheat","#377eb8","#a65628",11,12,2.8,3.7,11.2,11.8,2.9,3.6,281,9.46765498652291,456,15.3638814016173,320,10.7816711590297
2019,2020,"corn_corn","corn","corn","#ffd300","#ffd300",12,13,6.4,6.4,12.2,12.8,6.4,6.4,24,0.808625336927224,279,9.40026954177898,577,19.4407008086253
2019,2020,"corn_hay","corn","hay","#ffd300","#f781bf",12,13,6.4,4.6,12.2,12.8,6.2,4.8,6,0.202156334231806,279,9.40026954177898,83,2.79649595687332
2019,2020,"corn_other","corn","other","#ffd300","#AAAAAA",12,13,6.4,1,12.2,12.8,5.8,1.6,47,1.58355795148248,279,9.40026954177898,1937,65.2628032345013
2019,2020,"corn_soy","corn","soy","#ffd300","#4daf4a",12,13,6.4,5.5,12.2,12.8,6.3,5.6,185,6.23315363881402,279,9.40026954177898,332,11.1859838274933
2019,2020,"corn_sugarbeets","corn","sugarbeets","#ffd300","#377eb8",12,13,6.4,2.8,12.2,12.8,6,3.2,17,0.57277628032345,279,9.40026954177898,18,0.606469002695418
2019,2020,"dryBeans_corn","dryBeans","corn","#e41a1c","#ffd300",12,13,1.9,6.4,12.2,12.8,2.4,5.9,9,0.303234501347709,12,0.404312668463612,577,19.4407008086253
2019,2020,"dryBeans_dryBeans","dryBeans","dryBeans","#e41a1c","#e41a1c",12,13,1.9,1.9,12.2,12.8,1.9,1.9,1,0.0336927223719677,12,0.404312668463612,1,0.0336927223719677
2019,2020,"dryBeans_soy","dryBeans","soy","#e41a1c","#4daf4a",12,13,1.9,5.5,12.2,12.8,2.3,5.1,1,0.0336927223719677,12,0.404312668463612,332,11.1859838274933
2019,2020,"dryBeans_springWheat","dryBeans","springWheat","#e41a1c","#a65628",12,13,1.9,3.7,12.2,12.8,2.1,3.5,1,0.0336927223719677,12,0.404312668463612,20,0.673854447439353
2019,2020,"hay_corn","hay","corn","#f781bf","#ffd300",12,13,4.6,6.4,12.2,12.8,4.8,6.2,4,0.134770889487871,74,2.49326145552561,577,19.4407008086253
2019,2020,"hay_hay","hay","hay","#f781bf","#f781bf",12,13,4.6,4.6,12.2,12.8,4.6,4.6,66,2.22371967654987,74,2.49326145552561,83,2.79649595687332
2019,2020,"hay_other","hay","other","#f781bf","#AAAAAA",12,13,4.6,1,12.2,12.8,4.2,1.4,2,0.0673854447439353,74,2.49326145552561,1937,65.2628032345013
2019,2020,"hay_soy","hay","soy","#f781bf","#4daf4a",12,13,4.6,5.5,12.2,12.8,4.7,5.4,2,0.0673854447439353,74,2.49326145552561,332,11.1859838274933
2019,2020,"other_corn","other","corn","#AAAAAA","#ffd300",12,13,1,6.4,12.2,12.8,1.6,5.8,1,0.0336927223719677,1868,62.9380053908356,577,19.4407008086253
2019,2020,"other_other","other","other","#AAAAAA","#AAAAAA",12,13,1,1,12.2,12.8,1,1,1865,62.8369272237197,1868,62.9380053908356,1937,65.2628032345013
2019,2020,"other_soy","other","soy","#AAAAAA","#4daf4a",12,13,1,5.5,12.2,12.8,1.5,5,2,0.0673854447439353,1868,62.9380053908356,332,11.1859838274933
2019,2020,"soy_corn","soy","corn","#4daf4a","#ffd300",12,13,5.5,6.4,12.2,12.8,5.6,6.3,260,8.76010781671159,415,13.9824797843666,577,19.4407008086253
2019,2020,"soy_hay","soy","hay","#4daf4a","#f781bf",12,13,5.5,4.6,12.2,12.8,5.4,4.7,6,0.202156334231806,415,13.9824797843666,83,2.79649595687332
2019,2020,"soy_other","soy","other","#4daf4a","#AAAAAA",12,13,5.5,1,12.2,12.8,5,1.5,23,0.774932614555256,415,13.9824797843666,1937,65.2628032345013
2019,2020,"soy_soy","soy","soy","#4daf4a","#4daf4a",12,13,5.5,5.5,12.2,12.8,5.5,5.5,113,3.80727762803234,415,13.9824797843666,332,11.1859838274933
2019,2020,"soy_springWheat","soy","springWheat","#4daf4a","#a65628",12,13,5.5,3.7,12.2,12.8,5.3,3.9,13,0.43800539083558,415,13.9824797843666,20,0.673854447439353
2019,2020,"springWheat_corn","springWheat","corn","#a65628","#ffd300",12,13,3.7,6.4,12.2,12.8,4,6.1,279,9.40026954177898,320,10.7816711590297,577,19.4407008086253
2019,2020,"springWheat_hay","springWheat","hay","#a65628","#f781bf",12,13,3.7,4.6,12.2,12.8,3.8,4.5,5,0.168463611859838,320,10.7816711590297,83,2.79649595687332
2019,2020,"springWheat_soy","springWheat","soy","#a65628","#4daf4a",12,13,3.7,5.5,12.2,12.8,3.9,5.3,29,0.977088948787062,320,10.7816711590297,332,11.1859838274933
2019,2020,"springWheat_springWheat","springWheat","springWheat","#a65628","#a65628",12,13,3.7,3.7,12.2,12.8,3.7,3.7,6,0.202156334231806,320,10.7816711590297,20,0.673854447439353
2019,2020,"springWheat_sugarbeets","springWheat","sugarbeets","#a65628","#377eb8",12,13,3.7,2.8,12.2,12.8,3.6,2.9,1,0.0336927223719677,320,10.7816711590297,18,0.606469002695418
2020,2021,"corn_corn","corn","corn","#ffd300","#ffd300",13,14,6.4,6.4,13.2,13.8,6.4,6.4,146,4.91913746630728,577,19.4407008086253,441,14.8584905660377
2020,2021,"corn_other","corn","other","#ffd300","#AAAAAA",13,14,6.4,1,13.2,13.8,5.8,1.6,1,0.0336927223719677,577,19.4407008086253,1911,64.3867924528302
2020,2021,"corn_soy","corn","soy","#ffd300","#4daf4a",13,14,6.4,5.5,13.2,13.8,6.3,5.6,427,14.3867924528302,577,19.4407008086253,548,18.4636118598383
2020,2021,"corn_sugarbeets","corn","sugarbeets","#ffd300","#377eb8",13,14,6.4,2.8,13.2,13.8,6,3.2,3,0.101078167115903,577,19.4407008086253,3,0.101078167115903
2020,2021,"dryBeans_corn","dryBeans","corn","#e41a1c","#ffd300",13,14,1.9,6.4,13.2,13.8,2.4,5.9,1,0.0336927223719677,1,0.0336927223719677,441,14.8584905660377
2020,2021,"hay_corn","hay","corn","#f781bf","#ffd300",13,14,4.6,6.4,13.2,13.8,4.8,6.2,4,0.134770889487871,59,1.98787061994609,441,14.8584905660377
2020,2021,"hay_hay","hay","hay","#f781bf","#f781bf",13,14,4.6,4.6,13.2,13.8,4.6,4.6,43,1.44878706199461,59,1.98787061994609,48,1.61725067385445
2020,2021,"hay_other","hay","other","#f781bf","#AAAAAA",13,14,4.6,1,13.2,13.8,4.2,1.4,8,0.269541778975741,59,1.98787061994609,1911,64.3867924528302
2020,2021,"hay_soy","hay","soy","#f781bf","#4daf4a",13,14,4.6,5.5,13.2,13.8,4.7,5.4,3,0.101078167115903,59,1.98787061994609,548,18.4636118598383
2020,2021,"hay_springWheat","hay","springWheat","#f781bf","#a65628",13,14,4.6,3.7,13.2,13.8,4.5,3.8,1,0.0336927223719677,59,1.98787061994609,17,0.57277628032345
2020,2021,"other_corn","other","corn","#AAAAAA","#ffd300",13,14,1,6.4,13.2,13.8,1.6,5.8,42,1.41509433962264,1961,66.0714285714286,441,14.8584905660377
2020,2021,"other_other","other","other","#AAAAAA","#AAAAAA",13,14,1,1,13.2,13.8,1,1,1901,64.0498652291105,1961,66.0714285714286,1911,64.3867924528302
2020,2021,"other_soy","other","soy","#AAAAAA","#4daf4a",13,14,1,5.5,13.2,13.8,1.5,5,18,0.606469002695418,1961,66.0714285714286,548,18.4636118598383
2020,2021,"soy_corn","soy","corn","#4daf4a","#ffd300",13,14,5.5,6.4,13.2,13.8,5.6,6.3,234,7.88409703504043,332,11.1859838274933,441,14.8584905660377
2020,2021,"soy_soy","soy","soy","#4daf4a","#4daf4a",13,14,5.5,5.5,13.2,13.8,5.5,5.5,90,3.03234501347709,332,11.1859838274933,548,18.4636118598383
2020,2021,"soy_springWheat","soy","springWheat","#4daf4a","#a65628",13,14,5.5,3.7,13.2,13.8,5.3,3.9,8,0.269541778975741,332,11.1859838274933,17,0.57277628032345
2020,2021,"springWheat_hay","springWheat","hay","#a65628","#f781bf",13,14,3.7,4.6,13.2,13.8,3.8,4.5,5,0.168463611859838,20,0.673854447439353,48,1.61725067385445
2020,2021,"springWheat_other","springWheat","other","#a65628","#AAAAAA",13,14,3.7,1,13.2,13.8,3.4,1.3,1,0.0336927223719677,20,0.673854447439353,1911,64.3867924528302
2020,2021,"springWheat_soy","springWheat","soy","#a65628","#4daf4a",13,14,3.7,5.5,13.2,13.8,3.9,5.3,9,0.303234501347709,20,0.673854447439353,548,18.4636118598383
2020,2021,"springWheat_springWheat","springWheat","springWheat","#a65628","#a65628",13,14,3.7,3.7,13.2,13.8,3.7,3.7,5,0.168463611859838,20,0.673854447439353,17,0.57277628032345
2020,2021,"sugarbeets_corn","sugarbeets","corn","#377eb8","#ffd300",13,14,2.8,6.4,13.2,13.8,3.2,6,14,0.471698113207547,18,0.606469002695418,441,14.8584905660377
2020,2021,"sugarbeets_soy","sugarbeets","soy","#377eb8","#4daf4a",13,14,2.8,5.5,13.2,13.8,3.1,5.2,1,0.0336927223719677,18,0.606469002695418,548,18.4636118598383
2020,2021,"sugarbeets_springWheat","sugarbeets","springWheat","#377eb8","#a65628",13,14,2.8,3.7,13.2,13.8,2.9,3.6,3,0.101078167115903,18,0.606469002695418,17,0.57277628032345
