"yearFrom","yearTo","cropRotate","cropFrom","cropTo","plottingColorFrom","plottingColorTo","plotXAxisFrom","plotXAxisTo","plotYAxisFrom","plotYAxisTo","xEndFrom","xEndTo","yEndFrom_streamlined","yEndTo_streamlined","totalNumPixels_cropTransition","totalPercPixelsWiArea_cropTransition","totalNumPixels_cropYearFrom","totalPercPixelsWiArea_cropYearFrom","totalNumPixels_cropYearTo","totalPercPixelsWiArea_cropYearTo"
2008,2009,"corn_corn","corn","corn","#ffd300","#ffd300",1,2,6.4,6.4,1.2,1.8,6.4,6.4,120,4.15800415800416,496,17.1864171864172,1801,62.4047124047124
2008,2009,"corn_other","corn","other","#ffd300","#AAAAAA",1,2,6.4,1,1.2,1.8,5.8,1.6,23,0.796950796950797,496,17.1864171864172,251,8.6971586971587
2008,2009,"corn_soy","corn","soy","#ffd300","#4daf4a",1,2,6.4,5.5,1.2,1.8,6.3,5.6,18,0.623700623700624,496,17.1864171864172,476,16.4934164934165
2008,2009,"corn_sugarbeets","corn","sugarbeets","#ffd300","#377eb8",1,2,6.4,2.8,1.2,1.8,6,3.2,335,11.6077616077616,496,17.1864171864172,352,12.1968121968122
2008,2009,"other_corn","other","corn","#AAAAAA","#ffd300",1,2,1,6.4,1.2,1.8,1.6,5.8,13,0.45045045045045,229,7.93485793485794,1801,62.4047124047124
2008,2009,"other_hay","other","hay","#AAAAAA","#f781bf",1,2,1,4.6,1.2,1.8,1.4,4.2,2,0.0693000693000693,229,7.93485793485794,3,0.103950103950104
2008,2009,"other_other","other","other","#AAAAAA","#AAAAAA",1,2,1,1,1.2,1.8,1,1,207,7.17255717255717,229,7.93485793485794,251,8.6971586971587
2008,2009,"other_soy","other","soy","#AAAAAA","#4daf4a",1,2,1,5.5,1.2,1.8,1.5,5,2,0.0693000693000693,229,7.93485793485794,476,16.4934164934165
2008,2009,"other_sugarbeets","other","sugarbeets","#AAAAAA","#377eb8",1,2,1,2.8,1.2,1.8,1.2,2.6,5,0.173250173250173,229,7.93485793485794,352,12.1968121968122
2008,2009,"soy_corn","soy","corn","#4daf4a","#ffd300",1,2,5.5,6.4,1.2,1.8,5.6,6.3,367,12.7165627165627,371,12.8551628551629,1801,62.4047124047124
2008,2009,"soy_other","soy","other","#4daf4a","#AAAAAA",1,2,5.5,1,1.2,1.8,5,1.5,4,0.138600138600139,371,12.8551628551629,251,8.6971586971587
2008,2009,"sugarbeets_corn","sugarbeets","corn","#377eb8","#ffd300",1,2,2.8,6.4,1.2,1.8,3.2,6,1301,45.0796950796951,1790,62.023562023562,1801,62.4047124047124
2008,2009,"sugarbeets_dryBeans","sugarbeets","dryBeans","#377eb8","#e41a1c",1,2,2.8,1.9,1.2,1.8,2.7,2,3,0.103950103950104,1790,62.023562023562,3,0.103950103950104
2008,2009,"sugarbeets_hay","sugarbeets","hay","#377eb8","#f781bf",1,2,2.8,4.6,1.2,1.8,3,4.4,1,0.0346500346500346,1790,62.023562023562,3,0.103950103950104
2008,2009,"sugarbeets_other","sugarbeets","other","#377eb8","#AAAAAA",1,2,2.8,1,1.2,1.8,2.6,1.2,17,0.589050589050589,1790,62.023562023562,251,8.6971586971587
2008,2009,"sugarbeets_soy","sugarbeets","soy","#377eb8","#4daf4a",1,2,2.8,5.5,1.2,1.8,3.1,5.2,456,15.8004158004158,1790,62.023562023562,476,16.4934164934165
2008,2009,"sugarbeets_sugarbeets","sugarbeets","sugarbeets","#377eb8","#377eb8",1,2,2.8,2.8,1.2,1.8,2.8,2.8,12,0.415800415800416,1790,62.023562023562,352,12.1968121968122
2009,2010,"corn_corn","corn","corn","#ffd300","#ffd300",2,3,6.4,6.4,2.2,2.8,6.4,6.4,21,0.727650727650728,1801,62.4047124047124,471,16.3201663201663
2009,2010,"corn_hay","corn","hay","#ffd300","#f781bf",2,3,6.4,4.6,2.2,2.8,6.2,4.8,1,0.0346500346500346,1801,62.4047124047124,1,0.0346500346500346
2009,2010,"corn_other","corn","other","#ffd300","#AAAAAA",2,3,6.4,1,2.2,2.8,5.8,1.6,34,1.17810117810118,1801,62.4047124047124,257,8.9050589050589
2009,2010,"corn_soy","corn","soy","#ffd300","#4daf4a",2,3,6.4,5.5,2.2,2.8,6.3,5.6,1745,60.4643104643105,1801,62.4047124047124,2156,74.7054747054747
2009,2010,"dryBeans_corn","dryBeans","corn","#e41a1c","#ffd300",2,3,1.9,6.4,2.2,2.8,2.4,5.9,1,0.0346500346500346,3,0.103950103950104,471,16.3201663201663
2009,2010,"dryBeans_soy","dryBeans","soy","#e41a1c","#4daf4a",2,3,1.9,5.5,2.2,2.8,2.3,5.1,2,0.0693000693000693,3,0.103950103950104,2156,74.7054747054747
2009,2010,"hay_other","hay","other","#f781bf","#AAAAAA",2,3,4.6,1,2.2,2.8,4.2,1.4,1,0.0346500346500346,3,0.103950103950104,257,8.9050589050589
2009,2010,"hay_soy","hay","soy","#f781bf","#4daf4a",2,3,4.6,5.5,2.2,2.8,4.7,5.4,2,0.0693000693000693,3,0.103950103950104,2156,74.7054747054747
2009,2010,"other_corn","other","corn","#AAAAAA","#ffd300",2,3,1,6.4,2.2,2.8,1.6,5.8,5,0.173250173250173,251,8.6971586971587,471,16.3201663201663
2009,2010,"other_dryBeans","other","dryBeans","#AAAAAA","#e41a1c",2,3,1,1.9,2.2,2.8,1.1,1.8,1,0.0346500346500346,251,8.6971586971587,1,0.0346500346500346
2009,2010,"other_other","other","other","#AAAAAA","#AAAAAA",2,3,1,1,2.2,2.8,1,1,215,7.44975744975745,251,8.6971586971587,257,8.9050589050589
2009,2010,"other_soy","other","soy","#AAAAAA","#4daf4a",2,3,1,5.5,2.2,2.8,1.5,5,30,1.03950103950104,251,8.6971586971587,2156,74.7054747054747
2009,2010,"soy_corn","soy","corn","#4daf4a","#ffd300",2,3,5.5,6.4,2.2,2.8,5.6,6.3,429,14.8648648648649,476,16.4934164934165,471,16.3201663201663
2009,2010,"soy_other","soy","other","#4daf4a","#AAAAAA",2,3,5.5,1,2.2,2.8,5,1.5,1,0.0346500346500346,476,16.4934164934165,257,8.9050589050589
2009,2010,"soy_soy","soy","soy","#4daf4a","#4daf4a",2,3,5.5,5.5,2.2,2.8,5.5,5.5,46,1.59390159390159,476,16.4934164934165,2156,74.7054747054747
2009,2010,"sugarbeets_corn","sugarbeets","corn","#377eb8","#ffd300",2,3,2.8,6.4,2.2,2.8,3.2,6,15,0.51975051975052,352,12.1968121968122,471,16.3201663201663
2009,2010,"sugarbeets_other","sugarbeets","other","#377eb8","#AAAAAA",2,3,2.8,1,2.2,2.8,2.6,1.2,6,0.207900207900208,352,12.1968121968122,257,8.9050589050589
2009,2010,"sugarbeets_soy","sugarbeets","soy","#377eb8","#4daf4a",2,3,2.8,5.5,2.2,2.8,3.1,5.2,331,11.4691614691615,352,12.1968121968122,2156,74.7054747054747
2010,2011,"corn_corn","corn","corn","#ffd300","#ffd300",3,4,6.4,6.4,3.2,3.8,6.4,6.4,31,1.07415107415107,471,16.3201663201663,2157,74.7401247401247
2010,2011,"corn_other","corn","other","#ffd300","#AAAAAA",3,4,6.4,1,3.2,3.8,5.8,1.6,16,0.554400554400554,471,16.3201663201663,274,9.49410949410949
2010,2011,"corn_soy","corn","soy","#ffd300","#4daf4a",3,4,6.4,5.5,3.2,3.8,6.3,5.6,424,14.6916146916147,471,16.3201663201663,455,15.7657657657658
2010,2011,"dryBeans_other","dryBeans","other","#e41a1c","#AAAAAA",3,4,1.9,1,3.2,3.8,1.8,1.1,1,0.0346500346500346,1,0.0346500346500346,274,9.49410949410949
2010,2011,"hay_other","hay","other","#f781bf","#AAAAAA",3,4,4.6,1,3.2,3.8,4.2,1.4,1,0.0346500346500346,1,0.0346500346500346,274,9.49410949410949
2010,2011,"other_corn","other","corn","#AAAAAA","#ffd300",3,4,1,6.4,3.2,3.8,1.6,5.8,20,0.693000693000693,257,8.9050589050589,2157,74.7401247401247
2010,2011,"other_other","other","other","#AAAAAA","#AAAAAA",3,4,1,1,3.2,3.8,1,1,236,8.17740817740818,257,8.9050589050589,274,9.49410949410949
2010,2011,"other_soy","other","soy","#AAAAAA","#4daf4a",3,4,1,5.5,3.2,3.8,1.5,5,1,0.0346500346500346,257,8.9050589050589,455,15.7657657657658
2010,2011,"soy_corn","soy","corn","#4daf4a","#ffd300",3,4,5.5,6.4,3.2,3.8,5.6,6.3,2106,72.972972972973,2156,74.7054747054747,2157,74.7401247401247
2010,2011,"soy_other","soy","other","#4daf4a","#AAAAAA",3,4,5.5,1,3.2,3.8,5,1.5,20,0.693000693000693,2156,74.7054747054747,274,9.49410949410949
2010,2011,"soy_soy","soy","soy","#4daf4a","#4daf4a",3,4,5.5,5.5,3.2,3.8,5.5,5.5,30,1.03950103950104,2156,74.7054747054747,455,15.7657657657658
2011,2012,"corn_corn","corn","corn","#ffd300","#ffd300",4,5,6.4,6.4,4.2,4.8,6.4,6.4,56,1.94040194040194,2157,74.7401247401247,508,17.6022176022176
2011,2012,"corn_dryBeans","corn","dryBeans","#ffd300","#e41a1c",4,5,6.4,1.9,4.2,4.8,5.9,2.4,1,0.0346500346500346,2157,74.7401247401247,1,0.0346500346500346
2011,2012,"corn_other","corn","other","#ffd300","#AAAAAA",4,5,6.4,1,4.2,4.8,5.8,1.6,5,0.173250173250173,2157,74.7401247401247,234,8.10810810810811
2011,2012,"corn_soy","corn","soy","#ffd300","#4daf4a",4,5,6.4,5.5,4.2,4.8,6.3,5.6,1670,57.8655578655579,2157,74.7401247401247,1710,59.2515592515593
2011,2012,"corn_sugarbeets","corn","sugarbeets","#ffd300","#377eb8",4,5,6.4,2.8,4.2,4.8,6,3.2,425,14.7262647262647,2157,74.7401247401247,433,15.003465003465
2011,2012,"other_corn","other","corn","#AAAAAA","#ffd300",4,5,1,6.4,4.2,4.8,1.6,5.8,15,0.51975051975052,274,9.49410949410949,508,17.6022176022176
2011,2012,"other_other","other","other","#AAAAAA","#AAAAAA",4,5,1,1,4.2,4.8,1,1,229,7.93485793485794,274,9.49410949410949,234,8.10810810810811
2011,2012,"other_soy","other","soy","#AAAAAA","#4daf4a",4,5,1,5.5,4.2,4.8,1.5,5,26,0.900900900900901,274,9.49410949410949,1710,59.2515592515593
2011,2012,"other_sugarbeets","other","sugarbeets","#AAAAAA","#377eb8",4,5,1,2.8,4.2,4.8,1.2,2.6,4,0.138600138600139,274,9.49410949410949,433,15.003465003465
2011,2012,"soy_corn","soy","corn","#4daf4a","#ffd300",4,5,5.5,6.4,4.2,4.8,5.6,6.3,437,15.1420651420651,455,15.7657657657658,508,17.6022176022176
2011,2012,"soy_soy","soy","soy","#4daf4a","#4daf4a",4,5,5.5,5.5,4.2,4.8,5.5,5.5,14,0.485100485100485,455,15.7657657657658,1710,59.2515592515593
2011,2012,"soy_sugarbeets","soy","sugarbeets","#4daf4a","#377eb8",4,5,5.5,2.8,4.2,4.8,5.2,3.1,4,0.138600138600139,455,15.7657657657658,433,15.003465003465
2012,2013,"corn_corn","corn","corn","#ffd300","#ffd300",5,6,6.4,6.4,5.2,5.8,6.4,6.4,45,1.55925155925156,508,17.6022176022176,1756,60.8454608454608
2012,2013,"corn_dryBeans","corn","dryBeans","#ffd300","#e41a1c",5,6,6.4,1.9,5.2,5.8,5.9,2.4,1,0.0346500346500346,508,17.6022176022176,1,0.0346500346500346
2012,2013,"corn_other","corn","other","#ffd300","#AAAAAA",5,6,6.4,1,5.2,5.8,5.8,1.6,10,0.346500346500347,508,17.6022176022176,244,8.45460845460845
2012,2013,"corn_soy","corn","soy","#ffd300","#4daf4a",5,6,6.4,5.5,5.2,5.8,6.3,5.6,26,0.900900900900901,508,17.6022176022176,455,15.7657657657658
2012,2013,"corn_sugarbeets","corn","sugarbeets","#ffd300","#377eb8",5,6,6.4,2.8,5.2,5.8,6,3.2,426,14.7609147609148,508,17.6022176022176,429,14.8648648648649
2012,2013,"dryBeans_soy","dryBeans","soy","#e41a1c","#4daf4a",5,6,1.9,5.5,5.2,5.8,2.3,5.1,1,0.0346500346500346,1,0.0346500346500346,455,15.7657657657658
2012,2013,"other_corn","other","corn","#AAAAAA","#ffd300",5,6,1,6.4,5.2,5.8,1.6,5.8,15,0.51975051975052,234,8.10810810810811,1756,60.8454608454608
2012,2013,"other_other","other","other","#AAAAAA","#AAAAAA",5,6,1,1,5.2,5.8,1,1,217,7.51905751905752,234,8.10810810810811,244,8.45460845460845
2012,2013,"other_soy","other","soy","#AAAAAA","#4daf4a",5,6,1,5.5,5.2,5.8,1.5,5,2,0.0693000693000693,234,8.10810810810811,455,15.7657657657658
2012,2013,"soy_corn","soy","corn","#4daf4a","#ffd300",5,6,5.5,6.4,5.2,5.8,5.6,6.3,1669,57.8309078309078,1710,59.2515592515593,1756,60.8454608454608
2012,2013,"soy_other","soy","other","#4daf4a","#AAAAAA",5,6,5.5,1,5.2,5.8,5,1.5,13,0.45045045045045,1710,59.2515592515593,244,8.45460845460845
2012,2013,"soy_soy","soy","soy","#4daf4a","#4daf4a",5,6,5.5,5.5,5.2,5.8,5.5,5.5,28,0.97020097020097,1710,59.2515592515593,455,15.7657657657658
2012,2013,"sugarbeets_corn","sugarbeets","corn","#377eb8","#ffd300",5,6,2.8,6.4,5.2,5.8,3.2,6,27,0.935550935550936,433,15.003465003465,1756,60.8454608454608
2012,2013,"sugarbeets_hay","sugarbeets","hay","#377eb8","#f781bf",5,6,2.8,4.6,5.2,5.8,3,4.4,1,0.0346500346500346,433,15.003465003465,1,0.0346500346500346
2012,2013,"sugarbeets_other","sugarbeets","other","#377eb8","#AAAAAA",5,6,2.8,1,5.2,5.8,2.6,1.2,4,0.138600138600139,433,15.003465003465,244,8.45460845460845
2012,2013,"sugarbeets_soy","sugarbeets","soy","#377eb8","#4daf4a",5,6,2.8,5.5,5.2,5.8,3.1,5.2,398,13.7907137907138,433,15.003465003465,455,15.7657657657658
2012,2013,"sugarbeets_sugarbeets","sugarbeets","sugarbeets","#377eb8","#377eb8",5,6,2.8,2.8,5.2,5.8,2.8,2.8,3,0.103950103950104,433,15.003465003465,429,14.8648648648649
2013,2014,"corn_corn","corn","corn","#ffd300","#ffd300",6,7,6.4,6.4,6.2,6.8,6.4,6.4,1354,46.9161469161469,1756,60.8454608454608,1807,62.6126126126126
2013,2014,"corn_dryBeans","corn","dryBeans","#ffd300","#e41a1c",6,7,6.4,1.9,6.2,6.8,5.9,2.4,190,6.58350658350658,1756,60.8454608454608,194,6.72210672210672
2013,2014,"corn_other","corn","other","#ffd300","#AAAAAA",6,7,6.4,1,6.2,6.8,5.8,1.6,30,1.03950103950104,1756,60.8454608454608,258,8.93970893970894
2013,2014,"corn_soy","corn","soy","#ffd300","#4daf4a",6,7,6.4,5.5,6.2,6.8,6.3,5.6,171,5.92515592515593,1756,60.8454608454608,610,21.1365211365211
2013,2014,"corn_sugarbeets","corn","sugarbeets","#ffd300","#377eb8",6,7,6.4,2.8,6.2,6.8,6,3.2,11,0.381150381150381,1756,60.8454608454608,16,0.554400554400554
2013,2014,"dryBeans_corn","dryBeans","corn","#e41a1c","#ffd300",6,7,1.9,6.4,6.2,6.8,2.4,5.9,1,0.0346500346500346,1,0.0346500346500346,1807,62.6126126126126
2013,2014,"hay_corn","hay","corn","#f781bf","#ffd300",6,7,4.6,6.4,6.2,6.8,4.8,6.2,1,0.0346500346500346,1,0.0346500346500346,1807,62.6126126126126
2013,2014,"other_corn","other","corn","#AAAAAA","#ffd300",6,7,1,6.4,6.2,6.8,1.6,5.8,15,0.51975051975052,244,8.45460845460845,1807,62.6126126126126
2013,2014,"other_other","other","other","#AAAAAA","#AAAAAA",6,7,1,1,6.2,6.8,1,1,224,7.76160776160776,244,8.45460845460845,258,8.93970893970894
2013,2014,"other_soy","other","soy","#AAAAAA","#4daf4a",6,7,1,5.5,6.2,6.8,1.5,5,3,0.103950103950104,244,8.45460845460845,610,21.1365211365211
2013,2014,"other_sugarbeets","other","sugarbeets","#AAAAAA","#377eb8",6,7,1,2.8,6.2,6.8,1.2,2.6,2,0.0693000693000693,244,8.45460845460845,16,0.554400554400554
2013,2014,"soy_corn","soy","corn","#4daf4a","#ffd300",6,7,5.5,6.4,6.2,6.8,5.6,6.3,425,14.7262647262647,455,15.7657657657658,1807,62.6126126126126
2013,2014,"soy_dryBeans","soy","dryBeans","#4daf4a","#e41a1c",6,7,5.5,1.9,6.2,6.8,5.1,2.3,4,0.138600138600139,455,15.7657657657658,194,6.72210672210672
2013,2014,"soy_other","soy","other","#4daf4a","#AAAAAA",6,7,5.5,1,6.2,6.8,5,1.5,3,0.103950103950104,455,15.7657657657658,258,8.93970893970894
2013,2014,"soy_soy","soy","soy","#4daf4a","#4daf4a",6,7,5.5,5.5,6.2,6.8,5.5,5.5,20,0.693000693000693,455,15.7657657657658,610,21.1365211365211
2013,2014,"soy_springWheat","soy","springWheat","#4daf4a","#a65628",6,7,5.5,3.7,6.2,6.8,5.3,3.9,1,0.0346500346500346,455,15.7657657657658,1,0.0346500346500346
2013,2014,"soy_sugarbeets","soy","sugarbeets","#4daf4a","#377eb8",6,7,5.5,2.8,6.2,6.8,5.2,3.1,2,0.0693000693000693,455,15.7657657657658,16,0.554400554400554
2013,2014,"sugarbeets_corn","sugarbeets","corn","#377eb8","#ffd300",6,7,2.8,6.4,6.2,6.8,3.2,6,11,0.381150381150381,429,14.8648648648649,1807,62.6126126126126
2013,2014,"sugarbeets_other","sugarbeets","other","#377eb8","#AAAAAA",6,7,2.8,1,6.2,6.8,2.6,1.2,1,0.0346500346500346,429,14.8648648648649,258,8.93970893970894
2013,2014,"sugarbeets_soy","sugarbeets","soy","#377eb8","#4daf4a",6,7,2.8,5.5,6.2,6.8,3.1,5.2,416,14.4144144144144,429,14.8648648648649,610,21.1365211365211
2013,2014,"sugarbeets_sugarbeets","sugarbeets","sugarbeets","#377eb8","#377eb8",6,7,2.8,2.8,6.2,6.8,2.8,2.8,1,0.0346500346500346,429,14.8648648648649,16,0.554400554400554
2014,2015,"corn_corn","corn","corn","#ffd300","#ffd300",7,8,6.4,6.4,7.2,7.8,6.4,6.4,260,9.00900900900901,1807,62.6126126126126,1034,35.8281358281358
2014,2015,"corn_hay","corn","hay","#ffd300","#f781bf",7,8,6.4,4.6,7.2,7.8,6.2,4.8,2,0.0693000693000693,1807,62.6126126126126,2,0.0693000693000693
2014,2015,"corn_other","corn","other","#ffd300","#AAAAAA",7,8,6.4,1,7.2,7.8,5.8,1.6,4,0.138600138600139,1807,62.6126126126126,241,8.35065835065835
2014,2015,"corn_soy","corn","soy","#ffd300","#4daf4a",7,8,6.4,5.5,7.2,7.8,6.3,5.6,1538,53.2917532917533,1807,62.6126126126126,1604,55.5786555786556
2014,2015,"corn_springWheat","corn","springWheat","#ffd300","#a65628",7,8,6.4,3.7,7.2,7.8,6.1,4,1,0.0346500346500346,1807,62.6126126126126,3,0.103950103950104
2014,2015,"corn_sugarbeets","corn","sugarbeets","#ffd300","#377eb8",7,8,6.4,2.8,7.2,7.8,6,3.2,2,0.0693000693000693,1807,62.6126126126126,2,0.0693000693000693
2014,2015,"dryBeans_corn","dryBeans","corn","#e41a1c","#ffd300",7,8,1.9,6.4,7.2,7.8,2.4,5.9,194,6.72210672210672,194,6.72210672210672,1034,35.8281358281358
2014,2015,"other_corn","other","corn","#AAAAAA","#ffd300",7,8,1,6.4,7.2,7.8,1.6,5.8,18,0.623700623700624,258,8.93970893970894,1034,35.8281358281358
2014,2015,"other_other","other","other","#AAAAAA","#AAAAAA",7,8,1,1,7.2,7.8,1,1,235,8.14275814275814,258,8.93970893970894,241,8.35065835065835
2014,2015,"other_soy","other","soy","#AAAAAA","#4daf4a",7,8,1,5.5,7.2,7.8,1.5,5,5,0.173250173250173,258,8.93970893970894,1604,55.5786555786556
2014,2015,"soy_corn","soy","corn","#4daf4a","#ffd300",7,8,5.5,6.4,7.2,7.8,5.6,6.3,558,19.3347193347193,610,21.1365211365211,1034,35.8281358281358
2014,2015,"soy_other","soy","other","#4daf4a","#AAAAAA",7,8,5.5,1,7.2,7.8,5,1.5,1,0.0346500346500346,610,21.1365211365211,241,8.35065835065835
2014,2015,"soy_soy","soy","soy","#4daf4a","#4daf4a",7,8,5.5,5.5,7.2,7.8,5.5,5.5,49,1.6978516978517,610,21.1365211365211,1604,55.5786555786556
2014,2015,"soy_springWheat","soy","springWheat","#4daf4a","#a65628",7,8,5.5,3.7,7.2,7.8,5.3,3.9,2,0.0693000693000693,610,21.1365211365211,3,0.103950103950104
2014,2015,"springWheat_other","springWheat","other","#a65628","#AAAAAA",7,8,3.7,1,7.2,7.8,3.4,1.3,1,0.0346500346500346,1,0.0346500346500346,241,8.35065835065835
2014,2015,"sugarbeets_corn","sugarbeets","corn","#377eb8","#ffd300",7,8,2.8,6.4,7.2,7.8,3.2,6,4,0.138600138600139,16,0.554400554400554,1034,35.8281358281358
2014,2015,"sugarbeets_soy","sugarbeets","soy","#377eb8","#4daf4a",7,8,2.8,5.5,7.2,7.8,3.1,5.2,12,0.415800415800416,16,0.554400554400554,1604,55.5786555786556
2015,2016,"corn_corn","corn","corn","#ffd300","#ffd300",8,9,6.4,6.4,8.2,8.8,6.4,6.4,246,8.52390852390852,1034,35.8281358281358,1809,62.6819126819127
2015,2016,"corn_dryBeans","corn","dryBeans","#ffd300","#e41a1c",8,9,6.4,1.9,8.2,8.8,5.9,2.4,11,0.381150381150381,1034,35.8281358281358,17,0.589050589050589
2015,2016,"corn_hay","corn","hay","#ffd300","#f781bf",8,9,6.4,4.6,8.2,8.8,6.2,4.8,3,0.103950103950104,1034,35.8281358281358,6,0.207900207900208
2015,2016,"corn_other","corn","other","#ffd300","#AAAAAA",8,9,6.4,1,8.2,8.8,5.8,1.6,1,0.0346500346500346,1034,35.8281358281358,235,8.14275814275814
2015,2016,"corn_soy","corn","soy","#ffd300","#4daf4a",8,9,6.4,5.5,8.2,8.8,6.3,5.6,420,14.5530145530146,1034,35.8281358281358,460,15.9390159390159
2015,2016,"corn_sugarbeets","corn","sugarbeets","#ffd300","#377eb8",8,9,6.4,2.8,8.2,8.8,6,3.2,353,12.2314622314622,1034,35.8281358281358,359,12.4393624393624
2015,2016,"hay_corn","hay","corn","#f781bf","#ffd300",8,9,4.6,6.4,8.2,8.8,4.8,6.2,2,0.0693000693000693,2,0.0693000693000693,1809,62.6819126819127
2015,2016,"other_corn","other","corn","#AAAAAA","#ffd300",8,9,1,6.4,8.2,8.8,1.6,5.8,5,0.173250173250173,241,8.35065835065835,1809,62.6819126819127
2015,2016,"other_other","other","other","#AAAAAA","#AAAAAA",8,9,1,1,8.2,8.8,1,1,234,8.10810810810811,241,8.35065835065835,235,8.14275814275814
2015,2016,"other_soy","other","soy","#AAAAAA","#4daf4a",8,9,1,5.5,8.2,8.8,1.5,5,2,0.0693000693000693,241,8.35065835065835,460,15.9390159390159
2015,2016,"soy_corn","soy","corn","#4daf4a","#ffd300",8,9,5.5,6.4,8.2,8.8,5.6,6.3,1553,53.8115038115038,1604,55.5786555786556,1809,62.6819126819127
2015,2016,"soy_dryBeans","soy","dryBeans","#4daf4a","#e41a1c",8,9,5.5,1.9,8.2,8.8,5.1,2.3,6,0.207900207900208,1604,55.5786555786556,17,0.589050589050589
2015,2016,"soy_hay","soy","hay","#4daf4a","#f781bf",8,9,5.5,4.6,8.2,8.8,5.4,4.7,3,0.103950103950104,1604,55.5786555786556,6,0.207900207900208
2015,2016,"soy_soy","soy","soy","#4daf4a","#4daf4a",8,9,5.5,5.5,8.2,8.8,5.5,5.5,36,1.24740124740125,1604,55.5786555786556,460,15.9390159390159
2015,2016,"soy_sugarbeets","soy","sugarbeets","#4daf4a","#377eb8",8,9,5.5,2.8,8.2,8.8,5.2,3.1,6,0.207900207900208,1604,55.5786555786556,359,12.4393624393624
2015,2016,"springWheat_corn","springWheat","corn","#a65628","#ffd300",8,9,3.7,6.4,8.2,8.8,4,6.1,1,0.0346500346500346,3,0.103950103950104,1809,62.6819126819127
2015,2016,"springWheat_soy","springWheat","soy","#a65628","#4daf4a",8,9,3.7,5.5,8.2,8.8,3.9,5.3,2,0.0693000693000693,3,0.103950103950104,460,15.9390159390159
2015,2016,"sugarbeets_corn","sugarbeets","corn","#377eb8","#ffd300",8,9,2.8,6.4,8.2,8.8,3.2,6,2,0.0693000693000693,2,0.0693000693000693,1809,62.6819126819127
2016,2017,"corn_corn","corn","corn","#ffd300","#ffd300",9,10,6.4,6.4,9.2,9.8,6.4,6.4,984,34.0956340956341,1809,62.6819126819127,1476,51.1434511434511
2016,2017,"corn_hay","corn","hay","#ffd300","#f781bf",9,10,6.4,4.6,9.2,9.8,6.2,4.8,1,0.0346500346500346,1809,62.6819126819127,2,0.0693000693000693
2016,2017,"corn_other","corn","other","#ffd300","#AAAAAA",9,10,6.4,1,9.2,9.8,5.8,1.6,3,0.103950103950104,1809,62.6819126819127,236,8.17740817740818
2016,2017,"corn_soy","corn","soy","#ffd300","#4daf4a",9,10,6.4,5.5,9.2,9.8,6.3,5.6,399,13.8253638253638,1809,62.6819126819127,735,25.4677754677755
2016,2017,"corn_sugarbeets","corn","sugarbeets","#ffd300","#377eb8",9,10,6.4,2.8,9.2,9.8,6,3.2,422,14.6223146223146,1809,62.6819126819127,428,14.8302148302148
2016,2017,"dryBeans_corn","dryBeans","corn","#e41a1c","#ffd300",9,10,1.9,6.4,9.2,9.8,2.4,5.9,12,0.415800415800416,17,0.589050589050589,1476,51.1434511434511
2016,2017,"dryBeans_soy","dryBeans","soy","#e41a1c","#4daf4a",9,10,1.9,5.5,9.2,9.8,2.3,5.1,4,0.138600138600139,17,0.589050589050589,735,25.4677754677755
2016,2017,"dryBeans_sugarbeets","dryBeans","sugarbeets","#e41a1c","#377eb8",9,10,1.9,2.8,9.2,9.8,2,2.7,1,0.0346500346500346,17,0.589050589050589,428,14.8302148302148
2016,2017,"hay_corn","hay","corn","#f781bf","#ffd300",9,10,4.6,6.4,9.2,9.8,4.8,6.2,4,0.138600138600139,6,0.207900207900208,1476,51.1434511434511
2016,2017,"hay_hay","hay","hay","#f781bf","#f781bf",9,10,4.6,4.6,9.2,9.8,4.6,4.6,1,0.0346500346500346,6,0.207900207900208,2,0.0693000693000693
2016,2017,"hay_sugarbeets","hay","sugarbeets","#f781bf","#377eb8",9,10,4.6,2.8,9.2,9.8,4.4,3,1,0.0346500346500346,6,0.207900207900208,428,14.8302148302148
2016,2017,"other_corn","other","corn","#AAAAAA","#ffd300",9,10,1,6.4,9.2,9.8,1.6,5.8,1,0.0346500346500346,235,8.14275814275814,1476,51.1434511434511
2016,2017,"other_other","other","other","#AAAAAA","#AAAAAA",9,10,1,1,9.2,9.8,1,1,233,8.07345807345807,235,8.14275814275814,236,8.17740817740818
2016,2017,"other_soy","other","soy","#AAAAAA","#4daf4a",9,10,1,5.5,9.2,9.8,1.5,5,1,0.0346500346500346,235,8.14275814275814,735,25.4677754677755
2016,2017,"soy_corn","soy","corn","#4daf4a","#ffd300",9,10,5.5,6.4,9.2,9.8,5.6,6.3,451,15.6271656271656,460,15.9390159390159,1476,51.1434511434511
2016,2017,"soy_soy","soy","soy","#4daf4a","#4daf4a",9,10,5.5,5.5,9.2,9.8,5.5,5.5,5,0.173250173250173,460,15.9390159390159,735,25.4677754677755
2016,2017,"soy_sugarbeets","soy","sugarbeets","#4daf4a","#377eb8",9,10,5.5,2.8,9.2,9.8,5.2,3.1,4,0.138600138600139,460,15.9390159390159,428,14.8302148302148
2016,2017,"sugarbeets_corn","sugarbeets","corn","#377eb8","#ffd300",9,10,2.8,6.4,9.2,9.8,3.2,6,24,0.831600831600832,359,12.4393624393624,1476,51.1434511434511
2016,2017,"sugarbeets_dryBeans","sugarbeets","dryBeans","#377eb8","#e41a1c",9,10,2.8,1.9,9.2,9.8,2.7,2,9,0.311850311850312,359,12.4393624393624,9,0.311850311850312
2016,2017,"sugarbeets_soy","sugarbeets","soy","#377eb8","#4daf4a",9,10,2.8,5.5,9.2,9.8,3.1,5.2,326,11.2959112959113,359,12.4393624393624,735,25.4677754677755
2017,2018,"corn_corn","corn","corn","#ffd300","#ffd300",10,11,6.4,6.4,10.2,10.8,6.4,6.4,79,2.73735273735274,1476,51.1434511434511,851,29.4871794871795
2017,2018,"corn_dryBeans","corn","dryBeans","#ffd300","#e41a1c",10,11,6.4,1.9,10.2,10.8,5.9,2.4,13,0.45045045045045,1476,51.1434511434511,361,12.5086625086625
2017,2018,"corn_hay","corn","hay","#ffd300","#f781bf",10,11,6.4,4.6,10.2,10.8,6.2,4.8,6,0.207900207900208,1476,51.1434511434511,11,0.381150381150381
2017,2018,"corn_other","corn","other","#ffd300","#AAAAAA",10,11,6.4,1,10.2,10.8,5.8,1.6,2,0.0693000693000693,1476,51.1434511434511,240,8.31600831600832
2017,2018,"corn_soy","corn","soy","#ffd300","#4daf4a",10,11,6.4,5.5,10.2,10.8,6.3,5.6,1367,47.3665973665974,1476,51.1434511434511,1406,48.7179487179487
2017,2018,"corn_springWheat","corn","springWheat","#ffd300","#a65628",10,11,6.4,3.7,10.2,10.8,6.1,4,2,0.0693000693000693,1476,51.1434511434511,6,0.207900207900208
2017,2018,"corn_sugarbeets","corn","sugarbeets","#ffd300","#377eb8",10,11,6.4,2.8,10.2,10.8,6,3.2,7,0.242550242550243,1476,51.1434511434511,11,0.381150381150381
2017,2018,"dryBeans_corn","dryBeans","corn","#e41a1c","#ffd300",10,11,1.9,6.4,10.2,10.8,2.4,5.9,9,0.311850311850312,9,0.311850311850312,851,29.4871794871795
2017,2018,"hay_hay","hay","hay","#f781bf","#f781bf",10,11,4.6,4.6,10.2,10.8,4.6,4.6,2,0.0693000693000693,2,0.0693000693000693,11,0.381150381150381
2017,2018,"other_hay","other","hay","#AAAAAA","#f781bf",10,11,1,4.6,10.2,10.8,1.4,4.2,1,0.0346500346500346,236,8.17740817740818,11,0.381150381150381
2017,2018,"other_other","other","other","#AAAAAA","#AAAAAA",10,11,1,1,10.2,10.8,1,1,235,8.14275814275814,236,8.17740817740818,240,8.31600831600832
2017,2018,"soy_corn","soy","corn","#4daf4a","#ffd300",10,11,5.5,6.4,10.2,10.8,5.6,6.3,719,24.9133749133749,735,25.4677754677755,851,29.4871794871795
2017,2018,"soy_hay","soy","hay","#4daf4a","#f781bf",10,11,5.5,4.6,10.2,10.8,5.4,4.7,2,0.0693000693000693,735,25.4677754677755,11,0.381150381150381
2017,2018,"soy_other","soy","other","#4daf4a","#AAAAAA",10,11,5.5,1,10.2,10.8,5,1.5,3,0.103950103950104,735,25.4677754677755,240,8.31600831600832
2017,2018,"soy_soy","soy","soy","#4daf4a","#4daf4a",10,11,5.5,5.5,10.2,10.8,5.5,5.5,10,0.346500346500347,735,25.4677754677755,1406,48.7179487179487
2017,2018,"soy_sugarbeets","soy","sugarbeets","#4daf4a","#377eb8",10,11,5.5,2.8,10.2,10.8,5.2,3.1,1,0.0346500346500346,735,25.4677754677755,11,0.381150381150381
2017,2018,"sugarbeets_corn","sugarbeets","corn","#377eb8","#ffd300",10,11,2.8,6.4,10.2,10.8,3.2,6,44,1.52460152460152,428,14.8302148302148,851,29.4871794871795
2017,2018,"sugarbeets_dryBeans","sugarbeets","dryBeans","#377eb8","#e41a1c",10,11,2.8,1.9,10.2,10.8,2.7,2,348,12.0582120582121,428,14.8302148302148,361,12.5086625086625
2017,2018,"sugarbeets_soy","sugarbeets","soy","#377eb8","#4daf4a",10,11,2.8,5.5,10.2,10.8,3.1,5.2,29,1.004851004851,428,14.8302148302148,1406,48.7179487179487
2017,2018,"sugarbeets_springWheat","sugarbeets","springWheat","#377eb8","#a65628",10,11,2.8,3.7,10.2,10.8,2.9,3.6,4,0.138600138600139,428,14.8302148302148,6,0.207900207900208
2017,2018,"sugarbeets_sugarbeets","sugarbeets","sugarbeets","#377eb8","#377eb8",10,11,2.8,2.8,10.2,10.8,2.8,2.8,3,0.103950103950104,428,14.8302148302148,11,0.381150381150381
2018,2019,"corn_corn","corn","corn","#ffd300","#ffd300",11,12,6.4,6.4,11.2,11.8,6.4,6.4,90,3.11850311850312,851,29.4871794871795,1853,64.2065142065142
2018,2019,"corn_dryBeans","corn","dryBeans","#ffd300","#e41a1c",11,12,6.4,1.9,11.2,11.8,5.9,2.4,12,0.415800415800416,851,29.4871794871795,14,0.485100485100485
2018,2019,"corn_other","corn","other","#ffd300","#AAAAAA",11,12,6.4,1,11.2,11.8,5.8,1.6,6,0.207900207900208,851,29.4871794871795,237,8.21205821205821
2018,2019,"corn_soy","corn","soy","#ffd300","#4daf4a",11,12,6.4,5.5,11.2,11.8,6.3,5.6,743,25.7449757449757,851,29.4871794871795,772,26.7498267498267
2018,2019,"dryBeans_corn","dryBeans","corn","#e41a1c","#ffd300",11,12,1.9,6.4,11.2,11.8,2.4,5.9,355,12.3007623007623,361,12.5086625086625,1853,64.2065142065142
2018,2019,"dryBeans_dryBeans","dryBeans","dryBeans","#e41a1c","#e41a1c",11,12,1.9,1.9,11.2,11.8,1.9,1.9,1,0.0346500346500346,361,12.5086625086625,14,0.485100485100485
2018,2019,"dryBeans_other","dryBeans","other","#e41a1c","#AAAAAA",11,12,1.9,1,11.2,11.8,1.8,1.1,4,0.138600138600139,361,12.5086625086625,237,8.21205821205821
2018,2019,"dryBeans_soy","dryBeans","soy","#e41a1c","#4daf4a",11,12,1.9,5.5,11.2,11.8,2.3,5.1,1,0.0346500346500346,361,12.5086625086625,772,26.7498267498267
2018,2019,"hay_hay","hay","hay","#f781bf","#f781bf",11,12,4.6,4.6,11.2,11.8,4.6,4.6,8,0.277200277200277,11,0.381150381150381,9,0.311850311850312
2018,2019,"hay_other","hay","other","#f781bf","#AAAAAA",11,12,4.6,1,11.2,11.8,4.2,1.4,1,0.0346500346500346,11,0.381150381150381,237,8.21205821205821
2018,2019,"hay_soy","hay","soy","#f781bf","#4daf4a",11,12,4.6,5.5,11.2,11.8,4.7,5.4,2,0.0693000693000693,11,0.381150381150381,772,26.7498267498267
2018,2019,"other_corn","other","corn","#AAAAAA","#ffd300",11,12,1,6.4,11.2,11.8,1.6,5.8,21,0.727650727650728,240,8.31600831600832,1853,64.2065142065142
2018,2019,"other_hay","other","hay","#AAAAAA","#f781bf",11,12,1,4.6,11.2,11.8,1.4,4.2,1,0.0346500346500346,240,8.31600831600832,9,0.311850311850312
2018,2019,"other_other","other","other","#AAAAAA","#AAAAAA",11,12,1,1,11.2,11.8,1,1,208,7.20720720720721,240,8.31600831600832,237,8.21205821205821
2018,2019,"other_soy","other","soy","#AAAAAA","#4daf4a",11,12,1,5.5,11.2,11.8,1.5,5,9,0.311850311850312,240,8.31600831600832,772,26.7498267498267
2018,2019,"other_sugarbeets","other","sugarbeets","#AAAAAA","#377eb8",11,12,1,2.8,11.2,11.8,1.2,2.6,1,0.0346500346500346,240,8.31600831600832,1,0.0346500346500346
2018,2019,"soy_corn","soy","corn","#4daf4a","#ffd300",11,12,5.5,6.4,11.2,11.8,5.6,6.3,1378,47.7477477477478,1406,48.7179487179487,1853,64.2065142065142
2018,2019,"soy_other","soy","other","#4daf4a","#AAAAAA",11,12,5.5,1,11.2,11.8,5,1.5,11,0.381150381150381,1406,48.7179487179487,237,8.21205821205821
2018,2019,"soy_soy","soy","soy","#4daf4a","#4daf4a",11,12,5.5,5.5,11.2,11.8,5.5,5.5,17,0.589050589050589,1406,48.7179487179487,772,26.7498267498267
2018,2019,"springWheat_other","springWheat","other","#a65628","#AAAAAA",11,12,3.7,1,11.2,11.8,3.4,1.3,6,0.207900207900208,6,0.207900207900208,237,8.21205821205821
2018,2019,"sugarbeets_corn","sugarbeets","corn","#377eb8","#ffd300",11,12,2.8,6.4,11.2,11.8,3.2,6,9,0.311850311850312,11,0.381150381150381,1853,64.2065142065142
2018,2019,"sugarbeets_dryBeans","sugarbeets","dryBeans","#377eb8","#e41a1c",11,12,2.8,1.9,11.2,11.8,2.7,2,1,0.0346500346500346,11,0.381150381150381,14,0.485100485100485
2018,2019,"sugarbeets_other","sugarbeets","other","#377eb8","#AAAAAA",11,12,2.8,1,11.2,11.8,2.6,1.2,1,0.0346500346500346,11,0.381150381150381,237,8.21205821205821
2019,2020,"corn_corn","corn","corn","#ffd300","#ffd300",12,13,6.4,6.4,12.2,12.8,6.4,6.4,1110,38.4615384615385,1853,64.2065142065142,1884,65.2806652806653
2019,2020,"corn_hay","corn","hay","#ffd300","#f781bf",12,13,6.4,4.6,12.2,12.8,6.2,4.8,22,0.762300762300762,1853,64.2065142065142,36,1.24740124740125
2019,2020,"corn_other","corn","other","#ffd300","#AAAAAA",12,13,6.4,1,12.2,12.8,5.8,1.6,17,0.589050589050589,1853,64.2065142065142,247,8.55855855855856
2019,2020,"corn_soy","corn","soy","#ffd300","#4daf4a",12,13,6.4,5.5,12.2,12.8,6.3,5.6,704,24.3936243936244,1853,64.2065142065142,717,24.8440748440748
2019,2020,"dryBeans_corn","dryBeans","corn","#e41a1c","#ffd300",12,13,1.9,6.4,12.2,12.8,2.4,5.9,11,0.381150381150381,14,0.485100485100485,1884,65.2806652806653
2019,2020,"dryBeans_dryBeans","dryBeans","dryBeans","#e41a1c","#e41a1c",12,13,1.9,1.9,12.2,12.8,1.9,1.9,1,0.0346500346500346,14,0.485100485100485,1,0.0346500346500346
2019,2020,"dryBeans_soy","dryBeans","soy","#e41a1c","#4daf4a",12,13,1.9,5.5,12.2,12.8,2.3,5.1,1,0.0346500346500346,14,0.485100485100485,717,24.8440748440748
2019,2020,"dryBeans_sugarbeets","dryBeans","sugarbeets","#e41a1c","#377eb8",12,13,1.9,2.8,12.2,12.8,2,2.7,1,0.0346500346500346,14,0.485100485100485,1,0.0346500346500346
2019,2020,"hay_hay","hay","hay","#f781bf","#f781bf",12,13,4.6,4.6,12.2,12.8,4.6,4.6,9,0.311850311850312,10,0.346500346500347,36,1.24740124740125
2019,2020,"hay_soy","hay","soy","#f781bf","#4daf4a",12,13,4.6,5.5,12.2,12.8,4.7,5.4,1,0.0346500346500346,10,0.346500346500347,717,24.8440748440748
2019,2020,"other_corn","other","corn","#AAAAAA","#ffd300",12,13,1,6.4,12.2,12.8,1.6,5.8,3,0.103950103950104,236,8.17740817740818,1884,65.2806652806653
2019,2020,"other_hay","other","hay","#AAAAAA","#f781bf",12,13,1,4.6,12.2,12.8,1.4,4.2,1,0.0346500346500346,236,8.17740817740818,36,1.24740124740125
2019,2020,"other_other","other","other","#AAAAAA","#AAAAAA",12,13,1,1,12.2,12.8,1,1,229,7.93485793485794,236,8.17740817740818,247,8.55855855855856
2019,2020,"other_soy","other","soy","#AAAAAA","#4daf4a",12,13,1,5.5,12.2,12.8,1.5,5,3,0.103950103950104,236,8.17740817740818,717,24.8440748440748
2019,2020,"soy_corn","soy","corn","#4daf4a","#ffd300",12,13,5.5,6.4,12.2,12.8,5.6,6.3,759,26.2993762993763,772,26.7498267498267,1884,65.2806652806653
2019,2020,"soy_hay","soy","hay","#4daf4a","#f781bf",12,13,5.5,4.6,12.2,12.8,5.4,4.7,4,0.138600138600139,772,26.7498267498267,36,1.24740124740125
2019,2020,"soy_other","soy","other","#4daf4a","#AAAAAA",12,13,5.5,1,12.2,12.8,5,1.5,1,0.0346500346500346,772,26.7498267498267,247,8.55855855855856
2019,2020,"soy_soy","soy","soy","#4daf4a","#4daf4a",12,13,5.5,5.5,12.2,12.8,5.5,5.5,8,0.277200277200277,772,26.7498267498267,717,24.8440748440748
2019,2020,"sugarbeets_corn","sugarbeets","corn","#377eb8","#ffd300",12,13,2.8,6.4,12.2,12.8,3.2,6,1,0.0346500346500346,1,0.0346500346500346,1884,65.2806652806653
2020,2021,"corn_corn","corn","corn","#ffd300","#ffd300",13,14,6.4,6.4,13.2,13.8,6.4,6.4,375,12.993762993763,1884,65.2806652806653,1093,37.8724878724879
2020,2021,"corn_other","corn","other","#ffd300","#AAAAAA",13,14,6.4,1,13.2,13.8,5.8,1.6,1,0.0346500346500346,1884,65.2806652806653,251,8.6971586971587
2020,2021,"corn_soy","corn","soy","#ffd300","#4daf4a",13,14,6.4,5.5,13.2,13.8,6.3,5.6,1508,52.2522522522522,1884,65.2806652806653,1528,52.9452529452529
2020,2021,"dryBeans_corn","dryBeans","corn","#e41a1c","#ffd300",13,14,1.9,6.4,13.2,13.8,2.4,5.9,1,0.0346500346500346,1,0.0346500346500346,1093,37.8724878724879
2020,2021,"hay_corn","hay","corn","#f781bf","#ffd300",13,14,4.6,6.4,13.2,13.8,4.8,6.2,18,0.623700623700624,35,1.21275121275121,1093,37.8724878724879
2020,2021,"hay_hay","hay","hay","#f781bf","#f781bf",13,14,4.6,4.6,13.2,13.8,4.6,4.6,14,0.485100485100485,35,1.21275121275121,14,0.485100485100485
2020,2021,"hay_other","hay","other","#f781bf","#AAAAAA",13,14,4.6,1,13.2,13.8,4.2,1.4,3,0.103950103950104,35,1.21275121275121,251,8.6971586971587
2020,2021,"other_corn","other","corn","#AAAAAA","#ffd300",13,14,1,6.4,13.2,13.8,1.6,5.8,4,0.138600138600139,248,8.59320859320859,1093,37.8724878724879
2020,2021,"other_other","other","other","#AAAAAA","#AAAAAA",13,14,1,1,13.2,13.8,1,1,243,8.41995841995842,248,8.59320859320859,251,8.6971586971587
2020,2021,"other_soy","other","soy","#AAAAAA","#4daf4a",13,14,1,5.5,13.2,13.8,1.5,5,1,0.0346500346500346,248,8.59320859320859,1528,52.9452529452529
2020,2021,"soy_corn","soy","corn","#4daf4a","#ffd300",13,14,5.5,6.4,13.2,13.8,5.6,6.3,694,24.047124047124,717,24.8440748440748,1093,37.8724878724879
2020,2021,"soy_other","soy","other","#4daf4a","#AAAAAA",13,14,5.5,1,13.2,13.8,5,1.5,4,0.138600138600139,717,24.8440748440748,251,8.6971586971587
2020,2021,"soy_soy","soy","soy","#4daf4a","#4daf4a",13,14,5.5,5.5,13.2,13.8,5.5,5.5,19,0.658350658350658,717,24.8440748440748,1528,52.9452529452529
2020,2021,"sugarbeets_corn","sugarbeets","corn","#377eb8","#ffd300",13,14,2.8,6.4,13.2,13.8,3.2,6,1,0.0346500346500346,1,0.0346500346500346,1093,37.8724878724879
