"xCoords","yCoords","width","colorToUse"
1,6.4,0.312174817898023,"#f781bf"
1.2,6.2,0.312174817898023,"#f781bf"
1.4,6.2,0.312174817898023,"#f781bf"
2,4.6,0.312174817898023,"#ffd300"
1.8,4.8,0.312174817898023,"#ffd300"
1.6,4.8,0.312174817898023,"#ffd300"
1,6.4,0.901838362816511,"#AAAAAA"
1.2,5.8,0.901838362816511,"#AAAAAA"
1.4,5.8,0.901838362816511,"#AAAAAA"
2,1,0.901838362816511,"#ffd300"
1.8,1.6,0.901838362816511,"#ffd300"
1.6,1.6,0.901838362816511,"#ffd300"
1,6.4,35.9694762400277,"#4daf4a"
1.2,6.3,35.9694762400277,"#4daf4a"
1.4,6.3,35.9694762400277,"#4daf4a"
2,5.5,35.9694762400277,"#ffd300"
1.8,5.6,35.9694762400277,"#ffd300"
1.6,5.6,35.9694762400277,"#ffd300"
1,4.6,0.0346860908775581,"#ffd300"
1.2,4.8,0.0346860908775581,"#ffd300"
1.4,4.8,0.0346860908775581,"#ffd300"
2,6.4,0.0346860908775581,"#f781bf"
1.8,6.2,0.0346860908775581,"#f781bf"
1.6,6.2,0.0346860908775581,"#f781bf"
1,4.6,3.01768990634755,"#f781bf"
1.2,4.6,3.01768990634755,"#f781bf"
1.4,4.6,3.01768990634755,"#f781bf"
2,4.6,3.01768990634755,"#f781bf"
1.8,4.6,3.01768990634755,"#f781bf"
1.6,4.6,3.01768990634755,"#f781bf"
1,4.6,1.38744363510232,"#AAAAAA"
1.2,4.2,1.38744363510232,"#AAAAAA"
1.4,4.2,1.38744363510232,"#AAAAAA"
2,1,1.38744363510232,"#f781bf"
1.8,1.4,1.38744363510232,"#f781bf"
1.6,1.4,1.38744363510232,"#f781bf"
1,1,0.624349635796046,"#ffd300"
1.2,1.6,0.624349635796046,"#ffd300"
1.4,1.6,0.624349635796046,"#ffd300"
2,6.4,0.624349635796046,"#AAAAAA"
1.8,5.8,0.624349635796046,"#AAAAAA"
1.6,5.8,0.624349635796046,"#AAAAAA"
1,1,1.45681581685744,"#f781bf"
1.2,1.4,1.45681581685744,"#f781bf"
1.4,1.4,1.45681581685744,"#f781bf"
2,4.6,1.45681581685744,"#AAAAAA"
1.8,4.2,1.45681581685744,"#AAAAAA"
1.6,4.2,1.45681581685744,"#AAAAAA"
1,1,15.9209157127992,"#AAAAAA"
1.2,1,15.9209157127992,"#AAAAAA"
1.4,1,15.9209157127992,"#AAAAAA"
2,1,15.9209157127992,"#AAAAAA"
1.8,1,15.9209157127992,"#AAAAAA"
1.6,1,15.9209157127992,"#AAAAAA"
1,1,0.450919181408255,"#4daf4a"
1.2,1.5,0.450919181408255,"#4daf4a"
1.4,1.5,0.450919181408255,"#4daf4a"
2,5.5,0.450919181408255,"#AAAAAA"
1.8,5,0.450919181408255,"#AAAAAA"
1.6,5,0.450919181408255,"#AAAAAA"
1,5.5,34.5126604231703,"#ffd300"
1.2,5.6,34.5126604231703,"#ffd300"
1.4,5.6,34.5126604231703,"#ffd300"
2,6.4,34.5126604231703,"#4daf4a"
1.8,6.3,34.5126604231703,"#4daf4a"
1.6,6.3,34.5126604231703,"#4daf4a"
1,5.5,0.72840790842872,"#f781bf"
1.2,5.4,0.72840790842872,"#f781bf"
1.4,5.4,0.72840790842872,"#f781bf"
2,4.6,0.72840790842872,"#4daf4a"
1.8,4.7,0.72840790842872,"#4daf4a"
1.6,4.7,0.72840790842872,"#4daf4a"
1,5.5,0.971210544571627,"#AAAAAA"
1.2,5,0.971210544571627,"#AAAAAA"
1.4,5,0.971210544571627,"#AAAAAA"
2,1,0.971210544571627,"#4daf4a"
1.8,1.5,0.971210544571627,"#4daf4a"
1.6,1.5,0.971210544571627,"#4daf4a"
1,5.5,3.71141172389872,"#4daf4a"
1.2,5.5,3.71141172389872,"#4daf4a"
1.4,5.5,3.71141172389872,"#4daf4a"
2,5.5,3.71141172389872,"#4daf4a"
1.8,5.5,3.71141172389872,"#4daf4a"
1.6,5.5,3.71141172389872,"#4daf4a"
2,6.4,0.381546999653139,"#ffd300"
2.2,6.4,0.381546999653139,"#ffd300"
2.4,6.4,0.381546999653139,"#ffd300"
3,6.4,0.381546999653139,"#ffd300"
2.8,6.4,0.381546999653139,"#ffd300"
2.6,6.4,0.381546999653139,"#ffd300"
2,6.4,0.138744363510232,"#AAAAAA"
2.2,5.8,0.138744363510232,"#AAAAAA"
2.4,5.8,0.138744363510232,"#AAAAAA"
3,1,0.138744363510232,"#ffd300"
2.8,1.6,0.138744363510232,"#ffd300"
2.6,1.6,0.138744363510232,"#ffd300"
2,6.4,34.6514047866805,"#4daf4a"
2.2,6.3,34.6514047866805,"#4daf4a"
2.4,6.3,34.6514047866805,"#4daf4a"
3,5.5,34.6514047866805,"#ffd300"
2.8,5.6,34.6514047866805,"#ffd300"
2.6,5.6,34.6514047866805,"#ffd300"
2,4.6,0.138744363510232,"#ffd300"
2.2,4.8,0.138744363510232,"#ffd300"
2.4,4.8,0.138744363510232,"#ffd300"
3,6.4,0.138744363510232,"#f781bf"
2.8,6.2,0.138744363510232,"#f781bf"
2.6,6.2,0.138744363510232,"#f781bf"
2,4.6,1.9077349982657,"#f781bf"
2.2,4.6,1.9077349982657,"#f781bf"
2.4,4.6,1.9077349982657,"#f781bf"
3,4.6,1.9077349982657,"#f781bf"
2.8,4.6,1.9077349982657,"#f781bf"
2.6,4.6,1.9077349982657,"#f781bf"
2,4.6,3.36455081512314,"#AAAAAA"
2.2,4.2,3.36455081512314,"#AAAAAA"
2.4,4.2,3.36455081512314,"#AAAAAA"
3,1,3.36455081512314,"#f781bf"
2.8,1.4,3.36455081512314,"#f781bf"
2.6,1.4,3.36455081512314,"#f781bf"
2,4.6,0.104058272632674,"#4daf4a"
2.2,4.7,0.104058272632674,"#4daf4a"
2.4,4.7,0.104058272632674,"#4daf4a"
3,5.5,0.104058272632674,"#f781bf"
2.8,5.4,0.104058272632674,"#f781bf"
2.6,5.4,0.104058272632674,"#f781bf"
2,1,0.659035726673604,"#ffd300"
2.2,1.6,0.659035726673604,"#ffd300"
2.4,1.6,0.659035726673604,"#ffd300"
3,6.4,0.659035726673604,"#AAAAAA"
2.8,5.8,0.659035726673604,"#AAAAAA"
2.6,5.8,0.659035726673604,"#AAAAAA"
2,1,0.589663544918488,"#f781bf"
2.2,1.4,0.589663544918488,"#f781bf"
2.4,1.4,0.589663544918488,"#f781bf"
3,4.6,0.589663544918488,"#AAAAAA"
2.8,4.2,0.589663544918488,"#AAAAAA"
2.6,4.2,0.589663544918488,"#AAAAAA"
2,1,15.4699965313909,"#AAAAAA"
2.2,1,15.4699965313909,"#AAAAAA"
2.4,1,15.4699965313909,"#AAAAAA"
3,1,15.4699965313909,"#AAAAAA"
2.8,1,15.4699965313909,"#AAAAAA"
2.6,1,15.4699965313909,"#AAAAAA"
2,1,2.46271245230662,"#4daf4a"
2.2,1.5,2.46271245230662,"#4daf4a"
2.4,1.5,2.46271245230662,"#4daf4a"
3,5.5,2.46271245230662,"#AAAAAA"
2.8,5,2.46271245230662,"#AAAAAA"
2.6,5,2.46271245230662,"#AAAAAA"
2,5.5,35.3798126951093,"#ffd300"
2.2,5.6,35.3798126951093,"#ffd300"
2.4,5.6,35.3798126951093,"#ffd300"
3,6.4,35.3798126951093,"#4daf4a"
2.8,6.3,35.3798126951093,"#4daf4a"
2.6,6.3,35.3798126951093,"#4daf4a"
2,5.5,0.312174817898023,"#AAAAAA"
2.2,5,0.312174817898023,"#AAAAAA"
2.4,5,0.312174817898023,"#AAAAAA"
3,1,0.312174817898023,"#4daf4a"
2.8,1.5,0.312174817898023,"#4daf4a"
2.6,1.5,0.312174817898023,"#4daf4a"
2,5.5,4.43981963232744,"#4daf4a"
2.2,5.5,4.43981963232744,"#4daf4a"
2.4,5.5,4.43981963232744,"#4daf4a"
3,5.5,4.43981963232744,"#4daf4a"
2.8,5.5,4.43981963232744,"#4daf4a"
2.6,5.5,4.43981963232744,"#4daf4a"
3,6.4,1.63024627124523,"#ffd300"
3.2,6.4,1.63024627124523,"#ffd300"
3.4,6.4,1.63024627124523,"#ffd300"
4,6.4,1.63024627124523,"#ffd300"
3.8,6.4,1.63024627124523,"#ffd300"
3.6,6.4,1.63024627124523,"#ffd300"
3,6.4,0.0346860908775581,"#f781bf"
3.2,6.2,0.0346860908775581,"#f781bf"
3.4,6.2,0.0346860908775581,"#f781bf"
4,4.6,0.0346860908775581,"#ffd300"
3.8,4.8,0.0346860908775581,"#ffd300"
3.6,4.8,0.0346860908775581,"#ffd300"
3,6.4,0.520291363163372,"#AAAAAA"
3.2,5.8,0.520291363163372,"#AAAAAA"
3.4,5.8,0.520291363163372,"#AAAAAA"
4,1,0.520291363163372,"#ffd300"
3.8,1.6,0.520291363163372,"#ffd300"
3.6,1.6,0.520291363163372,"#ffd300"
3,6.4,34.3739160596601,"#4daf4a"
3.2,6.3,34.3739160596601,"#4daf4a"
3.4,6.3,34.3739160596601,"#4daf4a"
4,5.5,34.3739160596601,"#ffd300"
3.8,5.6,34.3739160596601,"#ffd300"
3.6,5.6,34.3739160596601,"#ffd300"
3,4.6,0.832466181061394,"#ffd300"
3.2,4.8,0.832466181061394,"#ffd300"
3.4,4.8,0.832466181061394,"#ffd300"
4,6.4,0.832466181061394,"#f781bf"
3.8,6.2,0.832466181061394,"#f781bf"
3.6,6.2,0.832466181061394,"#f781bf"
3,4.6,0.312174817898023,"#f781bf"
3.2,4.6,0.312174817898023,"#f781bf"
3.4,4.6,0.312174817898023,"#f781bf"
4,4.6,0.312174817898023,"#f781bf"
3.8,4.6,0.312174817898023,"#f781bf"
3.6,4.6,0.312174817898023,"#f781bf"
3,4.6,1.28338536246965,"#AAAAAA"
3.2,4.2,1.28338536246965,"#AAAAAA"
3.4,4.2,1.28338536246965,"#AAAAAA"
4,1,1.28338536246965,"#f781bf"
3.8,1.4,1.28338536246965,"#f781bf"
3.6,1.4,1.28338536246965,"#f781bf"
3,4.6,0.104058272632674,"#4daf4a"
3.2,4.7,0.104058272632674,"#4daf4a"
3.4,4.7,0.104058272632674,"#4daf4a"
4,5.5,0.104058272632674,"#f781bf"
3.8,5.4,0.104058272632674,"#f781bf"
3.6,5.4,0.104058272632674,"#f781bf"
3,1,1.97710718002081,"#ffd300"
3.2,1.6,1.97710718002081,"#ffd300"
3.4,1.6,1.97710718002081,"#ffd300"
4,6.4,1.97710718002081,"#AAAAAA"
3.8,5.8,1.97710718002081,"#AAAAAA"
3.6,5.8,1.97710718002081,"#AAAAAA"
3,1,0.277488727020465,"#f781bf"
3.2,1.4,0.277488727020465,"#f781bf"
3.4,1.4,0.277488727020465,"#f781bf"
4,4.6,0.277488727020465,"#AAAAAA"
3.8,4.2,0.277488727020465,"#AAAAAA"
3.6,4.2,0.277488727020465,"#AAAAAA"
3,1,15.9902878945543,"#AAAAAA"
3.2,1,15.9902878945543,"#AAAAAA"
3.4,1,15.9902878945543,"#AAAAAA"
4,1,15.9902878945543,"#AAAAAA"
3.8,1,15.9902878945543,"#AAAAAA"
3.6,1,15.9902878945543,"#AAAAAA"
3,1,1.00589663544918,"#4daf4a"
3.2,1.5,1.00589663544918,"#4daf4a"
3.4,1.5,1.00589663544918,"#4daf4a"
4,5.5,1.00589663544918,"#AAAAAA"
3.8,5,1.00589663544918,"#AAAAAA"
3.6,5,1.00589663544918,"#AAAAAA"
3,5.5,35.7266736038848,"#ffd300"
3.2,5.6,35.7266736038848,"#ffd300"
3.4,5.6,35.7266736038848,"#ffd300"
4,6.4,35.7266736038848,"#4daf4a"
3.8,6.3,35.7266736038848,"#4daf4a"
3.6,6.3,35.7266736038848,"#4daf4a"
3,5.5,2.32396808879639,"#AAAAAA"
3.2,5,2.32396808879639,"#AAAAAA"
3.4,5,2.32396808879639,"#AAAAAA"
4,1,2.32396808879639,"#4daf4a"
3.8,1.5,2.32396808879639,"#4daf4a"
3.6,1.5,2.32396808879639,"#4daf4a"
3,5.5,3.60735345126604,"#4daf4a"
3.2,5.5,3.60735345126604,"#4daf4a"
3.4,5.5,3.60735345126604,"#4daf4a"
4,5.5,3.60735345126604,"#4daf4a"
3.8,5.5,3.60735345126604,"#4daf4a"
3.6,5.5,3.60735345126604,"#4daf4a"
4,6.4,14.5681581685744,"#ffd300"
4.2,6.4,14.5681581685744,"#ffd300"
4.4,6.4,14.5681581685744,"#ffd300"
5,6.4,14.5681581685744,"#ffd300"
4.8,6.4,14.5681581685744,"#ffd300"
4.6,6.4,14.5681581685744,"#ffd300"
4,6.4,0.55497745404093,"#f781bf"
4.2,6.2,0.55497745404093,"#f781bf"
4.4,6.2,0.55497745404093,"#f781bf"
5,4.6,0.55497745404093,"#ffd300"
4.8,4.8,0.55497745404093,"#ffd300"
4.6,4.8,0.55497745404093,"#ffd300"
4,6.4,2.53208463406174,"#AAAAAA"
4.2,5.8,2.53208463406174,"#AAAAAA"
4.4,5.8,2.53208463406174,"#AAAAAA"
5,1,2.53208463406174,"#ffd300"
4.8,1.6,2.53208463406174,"#ffd300"
4.6,1.6,2.53208463406174,"#ffd300"
4,6.4,22.5112729795352,"#4daf4a"
4.2,6.3,22.5112729795352,"#4daf4a"
4.4,6.3,22.5112729795352,"#4daf4a"
5,5.5,22.5112729795352,"#ffd300"
4.8,5.6,22.5112729795352,"#ffd300"
4.6,5.6,22.5112729795352,"#ffd300"
4,4.6,0.242802636142907,"#ffd300"
4.2,4.8,0.242802636142907,"#ffd300"
4.4,4.8,0.242802636142907,"#ffd300"
5,6.4,0.242802636142907,"#f781bf"
4.8,6.2,0.242802636142907,"#f781bf"
4.6,6.2,0.242802636142907,"#f781bf"
4,4.6,0.242802636142907,"#f781bf"
4.2,4.6,0.242802636142907,"#f781bf"
4.4,4.6,0.242802636142907,"#f781bf"
5,4.6,0.242802636142907,"#f781bf"
4.8,4.6,0.242802636142907,"#f781bf"
4.6,4.6,0.242802636142907,"#f781bf"
4,4.6,0.277488727020465,"#AAAAAA"
4.2,4.2,0.277488727020465,"#AAAAAA"
4.4,4.2,0.277488727020465,"#AAAAAA"
5,1,0.277488727020465,"#f781bf"
4.8,1.4,0.277488727020465,"#f781bf"
4.6,1.4,0.277488727020465,"#f781bf"
4,4.6,0.0346860908775581,"#4daf4a"
4.2,4.7,0.0346860908775581,"#4daf4a"
4.4,4.7,0.0346860908775581,"#4daf4a"
5,5.5,0.0346860908775581,"#f781bf"
4.8,5.4,0.0346860908775581,"#f781bf"
4.6,5.4,0.0346860908775581,"#f781bf"
4,1,1.97710718002081,"#ffd300"
4.2,1.6,1.97710718002081,"#ffd300"
4.4,1.6,1.97710718002081,"#ffd300"
5,6.4,1.97710718002081,"#AAAAAA"
4.8,5.8,1.97710718002081,"#AAAAAA"
4.6,5.8,1.97710718002081,"#AAAAAA"
4,1,0.381546999653139,"#f781bf"
4.2,1.4,0.381546999653139,"#f781bf"
4.4,1.4,0.381546999653139,"#f781bf"
5,4.6,0.381546999653139,"#AAAAAA"
4.8,4.2,0.381546999653139,"#AAAAAA"
4.6,4.2,0.381546999653139,"#AAAAAA"
4,1,17.2736732570239,"#AAAAAA"
4.2,1,17.2736732570239,"#AAAAAA"
4.4,1,17.2736732570239,"#AAAAAA"
5,1,17.2736732570239,"#AAAAAA"
4.8,1,17.2736732570239,"#AAAAAA"
4.6,1,17.2736732570239,"#AAAAAA"
4,1,0.312174817898023,"#4daf4a"
4.2,1.5,0.312174817898023,"#4daf4a"
4.4,1.5,0.312174817898023,"#4daf4a"
5,5.5,0.312174817898023,"#AAAAAA"
4.8,5,0.312174817898023,"#AAAAAA"
4.6,5,0.312174817898023,"#AAAAAA"
4,5.5,34.7554630593132,"#ffd300"
4.2,5.6,34.7554630593132,"#ffd300"
4.4,5.6,34.7554630593132,"#ffd300"
5,6.4,34.7554630593132,"#4daf4a"
4.8,6.3,34.7554630593132,"#4daf4a"
4.6,6.3,34.7554630593132,"#4daf4a"
4,5.5,1.97710718002081,"#AAAAAA"
4.2,5,1.97710718002081,"#AAAAAA"
4.4,5,1.97710718002081,"#AAAAAA"
5,1,1.97710718002081,"#4daf4a"
4.8,1.5,1.97710718002081,"#4daf4a"
4.6,1.5,1.97710718002081,"#4daf4a"
4,5.5,2.35865417967395,"#4daf4a"
4.2,5.5,2.35865417967395,"#4daf4a"
4.4,5.5,2.35865417967395,"#4daf4a"
5,5.5,2.35865417967395,"#4daf4a"
4.8,5.5,2.35865417967395,"#4daf4a"
4.6,5.5,2.35865417967395,"#4daf4a"
5,6.4,11.1689212625737,"#ffd300"
5.2,6.4,11.1689212625737,"#ffd300"
5.4,6.4,11.1689212625737,"#ffd300"
6,6.4,11.1689212625737,"#ffd300"
5.8,6.4,11.1689212625737,"#ffd300"
5.6,6.4,11.1689212625737,"#ffd300"
5,6.4,1.31807145334721,"#f781bf"
5.2,6.2,1.31807145334721,"#f781bf"
5.4,6.2,1.31807145334721,"#f781bf"
6,4.6,1.31807145334721,"#ffd300"
5.8,4.8,1.31807145334721,"#ffd300"
5.6,4.8,1.31807145334721,"#ffd300"
5,6.4,1.31807145334721,"#AAAAAA"
5.2,5.8,1.31807145334721,"#AAAAAA"
5.4,5.8,1.31807145334721,"#AAAAAA"
6,1,1.31807145334721,"#ffd300"
5.8,1.6,1.31807145334721,"#ffd300"
5.6,1.6,1.31807145334721,"#ffd300"
5,6.4,37.7384668747832,"#4daf4a"
5.2,6.3,37.7384668747832,"#4daf4a"
5.4,6.3,37.7384668747832,"#4daf4a"
6,5.5,37.7384668747832,"#ffd300"
5.8,5.6,37.7384668747832,"#ffd300"
5.6,5.6,37.7384668747832,"#ffd300"
5,4.6,0.55497745404093,"#f781bf"
5.2,4.6,0.55497745404093,"#f781bf"
5.4,4.6,0.55497745404093,"#f781bf"
6,4.6,0.55497745404093,"#f781bf"
5.8,4.6,0.55497745404093,"#f781bf"
5.6,4.6,0.55497745404093,"#f781bf"
5,4.6,0.450919181408255,"#AAAAAA"
5.2,4.2,0.450919181408255,"#AAAAAA"
5.4,4.2,0.450919181408255,"#AAAAAA"
6,1,0.450919181408255,"#f781bf"
5.8,1.4,0.450919181408255,"#f781bf"
5.6,1.4,0.450919181408255,"#f781bf"
5,1,2.28928199791883,"#ffd300"
5.2,1.6,2.28928199791883,"#ffd300"
5.4,1.6,2.28928199791883,"#ffd300"
6,6.4,2.28928199791883,"#AAAAAA"
5.8,5.8,2.28928199791883,"#AAAAAA"
5.6,5.8,2.28928199791883,"#AAAAAA"
5,1,0.901838362816511,"#f781bf"
5.2,1.4,0.901838362816511,"#f781bf"
5.4,1.4,0.901838362816511,"#f781bf"
6,4.6,0.901838362816511,"#AAAAAA"
5.8,4.2,0.901838362816511,"#AAAAAA"
5.6,4.2,0.901838362816511,"#AAAAAA"
5,1,18.5570586194936,"#AAAAAA"
5.2,1,18.5570586194936,"#AAAAAA"
5.4,1,18.5570586194936,"#AAAAAA"
6,1,18.5570586194936,"#AAAAAA"
5.8,1,18.5570586194936,"#AAAAAA"
5.6,1,18.5570586194936,"#AAAAAA"
5,1,0.485605272285813,"#4daf4a"
5.2,1.5,0.485605272285813,"#4daf4a"
5.4,1.5,0.485605272285813,"#4daf4a"
6,5.5,0.485605272285813,"#AAAAAA"
5.8,5,0.485605272285813,"#AAAAAA"
5.6,5,0.485605272285813,"#AAAAAA"
5,5.5,21.8522372528616,"#ffd300"
5.2,5.6,21.8522372528616,"#ffd300"
5.4,5.6,21.8522372528616,"#ffd300"
6,6.4,21.8522372528616,"#4daf4a"
5.8,6.3,21.8522372528616,"#4daf4a"
5.6,6.3,21.8522372528616,"#4daf4a"
5,5.5,0.277488727020465,"#AAAAAA"
5.2,5,0.277488727020465,"#AAAAAA"
5.4,5,0.277488727020465,"#AAAAAA"
6,1,0.277488727020465,"#4daf4a"
5.8,1.5,0.277488727020465,"#4daf4a"
5.6,1.5,0.277488727020465,"#4daf4a"
5,5.5,3.08706208810267,"#4daf4a"
5.2,5.5,3.08706208810267,"#4daf4a"
5.4,5.5,3.08706208810267,"#4daf4a"
6,5.5,3.08706208810267,"#4daf4a"
5.8,5.5,3.08706208810267,"#4daf4a"
5.6,5.5,3.08706208810267,"#4daf4a"
6,6.4,17.2043010752688,"#ffd300"
6.2,6.4,17.2043010752688,"#ffd300"
6.4,6.4,17.2043010752688,"#ffd300"
7,6.4,17.2043010752688,"#ffd300"
6.8,6.4,17.2043010752688,"#ffd300"
6.6,6.4,17.2043010752688,"#ffd300"
6,6.4,0.0346860908775581,"#f781bf"
6.2,6.2,0.0346860908775581,"#f781bf"
6.4,6.2,0.0346860908775581,"#f781bf"
7,4.6,0.0346860908775581,"#ffd300"
6.8,4.8,0.0346860908775581,"#ffd300"
6.6,4.8,0.0346860908775581,"#ffd300"
6,6.4,0.485605272285813,"#AAAAAA"
6.2,5.8,0.485605272285813,"#AAAAAA"
6.4,5.8,0.485605272285813,"#AAAAAA"
7,1,0.485605272285813,"#ffd300"
6.8,1.6,0.485605272285813,"#ffd300"
6.6,1.6,0.485605272285813,"#ffd300"
6,6.4,17.585848074922,"#4daf4a"
6.2,6.3,17.585848074922,"#4daf4a"
6.4,6.3,17.585848074922,"#4daf4a"
7,5.5,17.585848074922,"#ffd300"
6.8,5.6,17.585848074922,"#ffd300"
6.6,5.6,17.585848074922,"#ffd300"
6,4.6,0.0693721817551162,"#ffd300"
6.2,4.8,0.0693721817551162,"#ffd300"
6.4,4.8,0.0693721817551162,"#ffd300"
7,6.4,0.0693721817551162,"#f781bf"
6.8,6.2,0.0693721817551162,"#f781bf"
6.6,6.2,0.0693721817551162,"#f781bf"
6,4.6,1.94242108914325,"#f781bf"
6.2,4.6,1.94242108914325,"#f781bf"
6.4,4.6,1.94242108914325,"#f781bf"
7,4.6,1.94242108914325,"#f781bf"
6.8,4.6,1.94242108914325,"#f781bf"
6.6,4.6,1.94242108914325,"#f781bf"
6,4.6,0.763093999306278,"#AAAAAA"
6.2,4.2,0.763093999306278,"#AAAAAA"
6.4,4.2,0.763093999306278,"#AAAAAA"
7,1,0.763093999306278,"#f781bf"
6.8,1.4,0.763093999306278,"#f781bf"
6.6,1.4,0.763093999306278,"#f781bf"
6,4.6,0.0693721817551162,"#4daf4a"
6.2,4.7,0.0693721817551162,"#4daf4a"
6.4,4.7,0.0693721817551162,"#4daf4a"
7,5.5,0.0693721817551162,"#f781bf"
6.8,5.4,0.0693721817551162,"#f781bf"
6.6,5.4,0.0693721817551162,"#f781bf"
6,1,1.38744363510232,"#ffd300"
6.2,1.6,1.38744363510232,"#ffd300"
6.4,1.6,1.38744363510232,"#ffd300"
7,6.4,1.38744363510232,"#AAAAAA"
6.8,5.8,1.38744363510232,"#AAAAAA"
6.6,5.8,1.38744363510232,"#AAAAAA"
6,1,0.173430454387791,"#f781bf"
6.2,1.4,0.173430454387791,"#f781bf"
6.4,1.4,0.173430454387791,"#f781bf"
7,4.6,0.173430454387791,"#AAAAAA"
6.8,4.2,0.173430454387791,"#AAAAAA"
6.6,4.2,0.173430454387791,"#AAAAAA"
6,1,18.3489420742282,"#AAAAAA"
6.2,1,18.3489420742282,"#AAAAAA"
6.4,1,18.3489420742282,"#AAAAAA"
7,1,18.3489420742282,"#AAAAAA"
6.8,1,18.3489420742282,"#AAAAAA"
6.6,1,18.3489420742282,"#AAAAAA"
6,1,0.624349635796046,"#4daf4a"
6.2,1.5,0.624349635796046,"#4daf4a"
6.4,1.5,0.624349635796046,"#4daf4a"
7,5.5,0.624349635796046,"#AAAAAA"
6.8,5,0.624349635796046,"#AAAAAA"
6.6,5,0.624349635796046,"#AAAAAA"
6,5.5,38.7096774193548,"#ffd300"
6.2,5.6,38.7096774193548,"#ffd300"
6.4,5.6,38.7096774193548,"#ffd300"
7,6.4,38.7096774193548,"#4daf4a"
6.8,6.3,38.7096774193548,"#4daf4a"
6.6,6.3,38.7096774193548,"#4daf4a"
6,5.5,0.208116545265349,"#AAAAAA"
6.2,5,0.208116545265349,"#AAAAAA"
6.4,5,0.208116545265349,"#AAAAAA"
7,1,0.208116545265349,"#4daf4a"
6.8,1.5,0.208116545265349,"#4daf4a"
6.6,1.5,0.208116545265349,"#4daf4a"
6,5.5,2.39334027055151,"#4daf4a"
6.2,5.5,2.39334027055151,"#4daf4a"
6.4,5.5,2.39334027055151,"#4daf4a"
7,5.5,2.39334027055151,"#4daf4a"
6.8,5.5,2.39334027055151,"#4daf4a"
6.6,5.5,2.39334027055151,"#4daf4a"
7,6.4,10.9261186264308,"#ffd300"
7.2,6.4,10.9261186264308,"#ffd300"
7.4,6.4,10.9261186264308,"#ffd300"
8,6.4,10.9261186264308,"#ffd300"
7.8,6.4,10.9261186264308,"#ffd300"
7.6,6.4,10.9261186264308,"#ffd300"
7,6.4,1.21401318071453,"#f781bf"
7.2,6.2,1.21401318071453,"#f781bf"
7.4,6.2,1.21401318071453,"#f781bf"
8,4.6,1.21401318071453,"#ffd300"
7.8,4.8,1.21401318071453,"#ffd300"
7.6,4.8,1.21401318071453,"#ffd300"
7,6.4,0.0693721817551162,"#AAAAAA"
7.2,5.8,0.0693721817551162,"#AAAAAA"
7.4,5.8,0.0693721817551162,"#AAAAAA"
8,1,0.0693721817551162,"#ffd300"
7.8,1.6,0.0693721817551162,"#ffd300"
7.6,1.6,0.0693721817551162,"#ffd300"
7,6.4,45.1612903225806,"#4daf4a"
7.2,6.3,45.1612903225806,"#4daf4a"
7.4,6.3,45.1612903225806,"#4daf4a"
8,5.5,45.1612903225806,"#ffd300"
7.8,5.6,45.1612903225806,"#ffd300"
7.6,5.6,45.1612903225806,"#ffd300"
7,4.6,0.936524453694069,"#ffd300"
7.2,4.8,0.936524453694069,"#ffd300"
7.4,4.8,0.936524453694069,"#ffd300"
8,6.4,0.936524453694069,"#f781bf"
7.8,6.2,0.936524453694069,"#f781bf"
7.6,6.2,0.936524453694069,"#f781bf"
7,4.6,1.28338536246965,"#f781bf"
7.2,4.6,1.28338536246965,"#f781bf"
7.4,4.6,1.28338536246965,"#f781bf"
8,4.6,1.28338536246965,"#f781bf"
7.8,4.6,1.28338536246965,"#f781bf"
7.6,4.6,1.28338536246965,"#f781bf"
7,4.6,0.0346860908775581,"#AAAAAA"
7.2,4.2,0.0346860908775581,"#AAAAAA"
7.4,4.2,0.0346860908775581,"#AAAAAA"
8,1,0.0346860908775581,"#f781bf"
7.8,1.4,0.0346860908775581,"#f781bf"
7.6,1.4,0.0346860908775581,"#f781bf"
7,1,1.66493236212279,"#ffd300"
7.2,1.6,1.66493236212279,"#ffd300"
7.4,1.6,1.66493236212279,"#ffd300"
8,6.4,1.66493236212279,"#AAAAAA"
7.8,5.8,1.66493236212279,"#AAAAAA"
7.6,5.8,1.66493236212279,"#AAAAAA"
7,1,0.208116545265349,"#f781bf"
7.2,1.4,0.208116545265349,"#f781bf"
7.4,1.4,0.208116545265349,"#f781bf"
8,4.6,0.208116545265349,"#AAAAAA"
7.8,4.2,0.208116545265349,"#AAAAAA"
7.6,4.2,0.208116545265349,"#AAAAAA"
7,1,17.7245924384322,"#AAAAAA"
7.2,1,17.7245924384322,"#AAAAAA"
7.4,1,17.7245924384322,"#AAAAAA"
8,1,17.7245924384322,"#AAAAAA"
7.8,1,17.7245924384322,"#AAAAAA"
7.6,1,17.7245924384322,"#AAAAAA"
7,1,0.104058272632674,"#4daf4a"
7.2,1.5,0.104058272632674,"#4daf4a"
7.4,1.5,0.104058272632674,"#4daf4a"
8,5.5,0.104058272632674,"#AAAAAA"
7.8,5,0.104058272632674,"#AAAAAA"
7.6,5,0.104058272632674,"#AAAAAA"
7,5.5,19.0426638917794,"#ffd300"
7.2,5.6,19.0426638917794,"#ffd300"
7.4,5.6,19.0426638917794,"#ffd300"
8,6.4,19.0426638917794,"#4daf4a"
7.8,6.3,19.0426638917794,"#4daf4a"
7.6,6.3,19.0426638917794,"#4daf4a"
7,5.5,0.104058272632674,"#f781bf"
7.2,5.4,0.104058272632674,"#f781bf"
7.4,5.4,0.104058272632674,"#f781bf"
8,4.6,0.104058272632674,"#4daf4a"
7.8,4.7,0.104058272632674,"#4daf4a"
7.6,4.7,0.104058272632674,"#4daf4a"
7,5.5,0.173430454387791,"#AAAAAA"
7.2,5,0.173430454387791,"#AAAAAA"
7.4,5,0.173430454387791,"#AAAAAA"
8,1,0.173430454387791,"#4daf4a"
7.8,1.5,0.173430454387791,"#4daf4a"
7.6,1.5,0.173430454387791,"#4daf4a"
7,5.5,1.35275754422477,"#4daf4a"
7.2,5.5,1.35275754422477,"#4daf4a"
7.4,5.5,1.35275754422477,"#4daf4a"
8,5.5,1.35275754422477,"#4daf4a"
7.8,5.5,1.35275754422477,"#4daf4a"
7.6,5.5,1.35275754422477,"#4daf4a"
8,6.4,10.7180020811655,"#ffd300"
8.2,6.4,10.7180020811655,"#ffd300"
8.4,6.4,10.7180020811655,"#ffd300"
9,6.4,10.7180020811655,"#ffd300"
8.8,6.4,10.7180020811655,"#ffd300"
8.6,6.4,10.7180020811655,"#ffd300"
8,6.4,0.0693721817551162,"#f781bf"
8.2,6.2,0.0693721817551162,"#f781bf"
8.4,6.2,0.0693721817551162,"#f781bf"
9,4.6,0.0693721817551162,"#ffd300"
8.8,4.8,0.0693721817551162,"#ffd300"
8.6,4.8,0.0693721817551162,"#ffd300"
8,6.4,0.659035726673604,"#AAAAAA"
8.2,5.8,0.659035726673604,"#AAAAAA"
8.4,5.8,0.659035726673604,"#AAAAAA"
9,1,0.659035726673604,"#ffd300"
8.8,1.6,0.659035726673604,"#ffd300"
8.6,1.6,0.659035726673604,"#ffd300"
8,6.4,21.1238293444329,"#4daf4a"
8.2,6.3,21.1238293444329,"#4daf4a"
8.4,6.3,21.1238293444329,"#4daf4a"
9,5.5,21.1238293444329,"#ffd300"
8.8,5.6,21.1238293444329,"#ffd300"
8.6,5.6,21.1238293444329,"#ffd300"
8,4.6,0.0346860908775581,"#ffd300"
8.2,4.8,0.0346860908775581,"#ffd300"
8.4,4.8,0.0346860908775581,"#ffd300"
9,6.4,0.0346860908775581,"#f781bf"
8.8,6.2,0.0346860908775581,"#f781bf"
8.6,6.2,0.0346860908775581,"#f781bf"
8,4.6,2.74020117932709,"#f781bf"
8.2,4.6,2.74020117932709,"#f781bf"
8.4,4.6,2.74020117932709,"#f781bf"
9,4.6,2.74020117932709,"#f781bf"
8.8,4.6,2.74020117932709,"#f781bf"
8.6,4.6,2.74020117932709,"#f781bf"
8,4.6,0.0693721817551162,"#AAAAAA"
8.2,4.2,0.0693721817551162,"#AAAAAA"
8.4,4.2,0.0693721817551162,"#AAAAAA"
9,1,0.0693721817551162,"#f781bf"
8.8,1.4,0.0693721817551162,"#f781bf"
8.6,1.4,0.0693721817551162,"#f781bf"
8,4.6,0.0693721817551162,"#4daf4a"
8.2,4.7,0.0693721817551162,"#4daf4a"
8.4,4.7,0.0693721817551162,"#4daf4a"
9,5.5,0.0693721817551162,"#f781bf"
8.8,5.4,0.0693721817551162,"#f781bf"
8.6,5.4,0.0693721817551162,"#f781bf"
8,1,0.173430454387791,"#ffd300"
8.2,1.6,0.173430454387791,"#ffd300"
8.4,1.6,0.173430454387791,"#ffd300"
9,6.4,0.173430454387791,"#AAAAAA"
8.8,5.8,0.173430454387791,"#AAAAAA"
8.6,5.8,0.173430454387791,"#AAAAAA"
8,1,0.0346860908775581,"#f781bf"
8.2,1.4,0.0346860908775581,"#f781bf"
8.4,1.4,0.0346860908775581,"#f781bf"
9,4.6,0.0346860908775581,"#AAAAAA"
8.8,4.2,0.0346860908775581,"#AAAAAA"
8.6,4.2,0.0346860908775581,"#AAAAAA"
8,1,17.4471037114117,"#AAAAAA"
8.2,1,17.4471037114117,"#AAAAAA"
8.4,1,17.4471037114117,"#AAAAAA"
9,1,17.4471037114117,"#AAAAAA"
8.8,1,17.4471037114117,"#AAAAAA"
8.6,1,17.4471037114117,"#AAAAAA"
8,1,0.242802636142907,"#4daf4a"
8.2,1.5,0.242802636142907,"#4daf4a"
8.4,1.5,0.242802636142907,"#4daf4a"
9,5.5,0.242802636142907,"#AAAAAA"
8.8,5,0.242802636142907,"#AAAAAA"
8.6,5,0.242802636142907,"#AAAAAA"
8,5.5,43.9472771418661,"#ffd300"
8.2,5.6,43.9472771418661,"#ffd300"
8.4,5.6,43.9472771418661,"#ffd300"
9,6.4,43.9472771418661,"#4daf4a"
8.8,6.3,43.9472771418661,"#4daf4a"
8.6,6.3,43.9472771418661,"#4daf4a"
8,5.5,0.0693721817551162,"#f781bf"
8.2,5.4,0.0693721817551162,"#f781bf"
8.4,5.4,0.0693721817551162,"#f781bf"
9,4.6,0.0693721817551162,"#4daf4a"
8.8,4.7,0.0693721817551162,"#4daf4a"
8.6,4.7,0.0693721817551162,"#4daf4a"
8,5.5,0.0346860908775581,"#AAAAAA"
8.2,5,0.0346860908775581,"#AAAAAA"
8.4,5,0.0346860908775581,"#AAAAAA"
9,1,0.0346860908775581,"#4daf4a"
8.8,1.5,0.0346860908775581,"#4daf4a"
8.6,1.5,0.0346860908775581,"#4daf4a"
8,5.5,2.5667707249393,"#4daf4a"
8.2,5.5,2.5667707249393,"#4daf4a"
8.4,5.5,2.5667707249393,"#4daf4a"
9,5.5,2.5667707249393,"#4daf4a"
8.8,5.5,2.5667707249393,"#4daf4a"
8.6,5.5,2.5667707249393,"#4daf4a"
9,6.4,17.5511619840444,"#ffd300"
9.2,6.4,17.5511619840444,"#ffd300"
9.4,6.4,17.5511619840444,"#ffd300"
10,6.4,17.5511619840444,"#ffd300"
9.8,6.4,17.5511619840444,"#ffd300"
9.6,6.4,17.5511619840444,"#ffd300"
9,6.4,0.0346860908775581,"#f781bf"
9.2,6.2,0.0346860908775581,"#f781bf"
9.4,6.2,0.0346860908775581,"#f781bf"
10,4.6,0.0346860908775581,"#ffd300"
9.8,4.8,0.0346860908775581,"#ffd300"
9.6,4.8,0.0346860908775581,"#ffd300"
9,6.4,0.0346860908775581,"#AAAAAA"
9.2,5.8,0.0346860908775581,"#AAAAAA"
9.4,5.8,0.0346860908775581,"#AAAAAA"
10,1,0.0346860908775581,"#ffd300"
9.8,1.6,0.0346860908775581,"#ffd300"
9.6,1.6,0.0346860908775581,"#ffd300"
9,6.4,37.2181755116198,"#4daf4a"
9.2,6.3,37.2181755116198,"#4daf4a"
9.4,6.3,37.2181755116198,"#4daf4a"
10,5.5,37.2181755116198,"#ffd300"
9.8,5.6,37.2181755116198,"#ffd300"
9.6,5.6,37.2181755116198,"#ffd300"
9,6.4,0.0346860908775581,"#a65628"
9.2,6.1,0.0346860908775581,"#a65628"
9.4,6.1,0.0346860908775581,"#a65628"
10,3.7,0.0346860908775581,"#ffd300"
9.8,4,0.0346860908775581,"#ffd300"
9.6,4,0.0346860908775581,"#ffd300"
9,4.6,0.0693721817551162,"#ffd300"
9.2,4.8,0.0693721817551162,"#ffd300"
9.4,4.8,0.0693721817551162,"#ffd300"
10,6.4,0.0693721817551162,"#f781bf"
9.8,6.2,0.0693721817551162,"#f781bf"
9.6,6.2,0.0693721817551162,"#f781bf"
9,4.6,2.70551508844953,"#f781bf"
9.2,4.6,2.70551508844953,"#f781bf"
9.4,4.6,2.70551508844953,"#f781bf"
10,4.6,2.70551508844953,"#f781bf"
9.8,4.6,2.70551508844953,"#f781bf"
9.6,4.6,2.70551508844953,"#f781bf"
9,4.6,0.0346860908775581,"#AAAAAA"
9.2,4.2,0.0346860908775581,"#AAAAAA"
9.4,4.2,0.0346860908775581,"#AAAAAA"
10,1,0.0346860908775581,"#f781bf"
9.8,1.4,0.0346860908775581,"#f781bf"
9.6,1.4,0.0346860908775581,"#f781bf"
9,4.6,0.138744363510232,"#4daf4a"
9.2,4.7,0.138744363510232,"#4daf4a"
9.4,4.7,0.138744363510232,"#4daf4a"
10,5.5,0.138744363510232,"#f781bf"
9.8,5.4,0.138744363510232,"#f781bf"
9.6,5.4,0.138744363510232,"#f781bf"
9,1,0.381546999653139,"#ffd300"
9.2,1.6,0.381546999653139,"#ffd300"
9.4,1.6,0.381546999653139,"#ffd300"
10,6.4,0.381546999653139,"#AAAAAA"
9.8,5.8,0.381546999653139,"#AAAAAA"
9.6,5.8,0.381546999653139,"#AAAAAA"
9,1,17.1349288935137,"#AAAAAA"
9.2,1,17.1349288935137,"#AAAAAA"
9.4,1,17.1349288935137,"#AAAAAA"
10,1,17.1349288935137,"#AAAAAA"
9.8,1,17.1349288935137,"#AAAAAA"
9.6,1,17.1349288935137,"#AAAAAA"
9,1,0.659035726673604,"#4daf4a"
9.2,1.5,0.659035726673604,"#4daf4a"
9.4,1.5,0.659035726673604,"#4daf4a"
10,5.5,0.659035726673604,"#AAAAAA"
9.8,5,0.659035726673604,"#AAAAAA"
9.6,5,0.659035726673604,"#AAAAAA"
9,5.5,20.9503988900451,"#ffd300"
9.2,5.6,20.9503988900451,"#ffd300"
9.4,5.6,20.9503988900451,"#ffd300"
10,6.4,20.9503988900451,"#4daf4a"
9.8,6.3,20.9503988900451,"#4daf4a"
9.6,6.3,20.9503988900451,"#4daf4a"
9,5.5,0.0693721817551162,"#f781bf"
9.2,5.4,0.0693721817551162,"#f781bf"
9.4,5.4,0.0693721817551162,"#f781bf"
10,4.6,0.0693721817551162,"#4daf4a"
9.8,4.7,0.0693721817551162,"#4daf4a"
9.6,4.7,0.0693721817551162,"#4daf4a"
9,5.5,0.173430454387791,"#AAAAAA"
9.2,5,0.173430454387791,"#AAAAAA"
9.4,5,0.173430454387791,"#AAAAAA"
10,1,0.173430454387791,"#4daf4a"
9.8,1.5,0.173430454387791,"#4daf4a"
9.6,1.5,0.173430454387791,"#4daf4a"
9,5.5,2.80957336108221,"#4daf4a"
9.2,5.5,2.80957336108221,"#4daf4a"
9.4,5.5,2.80957336108221,"#4daf4a"
10,5.5,2.80957336108221,"#4daf4a"
9.8,5.5,2.80957336108221,"#4daf4a"
9.6,5.5,2.80957336108221,"#4daf4a"
10,6.4,10.6139438085328,"#ffd300"
10.2,6.4,10.6139438085328,"#ffd300"
10.4,6.4,10.6139438085328,"#ffd300"
11,6.4,10.6139438085328,"#ffd300"
10.8,6.4,10.6139438085328,"#ffd300"
10.6,6.4,10.6139438085328,"#ffd300"
10,6.4,0.104058272632674,"#e41a1c"
10.2,5.9,0.104058272632674,"#e41a1c"
10.4,5.9,0.104058272632674,"#e41a1c"
11,1.9,0.104058272632674,"#ffd300"
10.8,2.4,0.104058272632674,"#ffd300"
10.6,2.4,0.104058272632674,"#ffd300"
10,6.4,0.104058272632674,"#f781bf"
10.2,6.2,0.104058272632674,"#f781bf"
10.4,6.2,0.104058272632674,"#f781bf"
11,4.6,0.104058272632674,"#ffd300"
10.8,4.8,0.104058272632674,"#ffd300"
10.6,4.8,0.104058272632674,"#ffd300"
10,6.4,0.0693721817551162,"#AAAAAA"
10.2,5.8,0.0693721817551162,"#AAAAAA"
10.4,5.8,0.0693721817551162,"#AAAAAA"
11,1,0.0693721817551162,"#ffd300"
10.8,1.6,0.0693721817551162,"#ffd300"
10.6,1.6,0.0693721817551162,"#ffd300"
10,6.4,28.0610475199445,"#4daf4a"
10.2,6.3,28.0610475199445,"#4daf4a"
10.4,6.3,28.0610475199445,"#4daf4a"
11,5.5,28.0610475199445,"#ffd300"
10.8,5.6,28.0610475199445,"#ffd300"
10.6,5.6,28.0610475199445,"#ffd300"
10,4.6,0.0346860908775581,"#ffd300"
10.2,4.8,0.0346860908775581,"#ffd300"
10.4,4.8,0.0346860908775581,"#ffd300"
11,6.4,0.0346860908775581,"#f781bf"
10.8,6.2,0.0346860908775581,"#f781bf"
10.6,6.2,0.0346860908775581,"#f781bf"
10,4.6,2.11585154353104,"#f781bf"
10.2,4.6,2.11585154353104,"#f781bf"
10.4,4.6,2.11585154353104,"#f781bf"
11,4.6,2.11585154353104,"#f781bf"
10.8,4.6,2.11585154353104,"#f781bf"
10.6,4.6,2.11585154353104,"#f781bf"
10,4.6,1.63024627124523,"#4daf4a"
10.2,4.7,1.63024627124523,"#4daf4a"
10.4,4.7,1.63024627124523,"#4daf4a"
11,5.5,1.63024627124523,"#f781bf"
10.8,5.4,1.63024627124523,"#f781bf"
10.6,5.4,1.63024627124523,"#f781bf"
10,4.6,0.0346860908775581,"#a65628"
10.2,4.5,0.0346860908775581,"#a65628"
10.4,4.5,0.0346860908775581,"#a65628"
11,3.7,0.0346860908775581,"#f781bf"
10.8,3.8,0.0346860908775581,"#f781bf"
10.6,3.8,0.0346860908775581,"#f781bf"
10,1,0.208116545265349,"#f781bf"
10.2,1.4,0.208116545265349,"#f781bf"
10.4,1.4,0.208116545265349,"#f781bf"
11,4.6,0.208116545265349,"#AAAAAA"
10.8,4.2,0.208116545265349,"#AAAAAA"
10.6,4.2,0.208116545265349,"#AAAAAA"
10,1,16.094346167187,"#AAAAAA"
10.2,1,16.094346167187,"#AAAAAA"
10.4,1,16.094346167187,"#AAAAAA"
11,1,16.094346167187,"#AAAAAA"
10.8,1,16.094346167187,"#AAAAAA"
10.6,1,16.094346167187,"#AAAAAA"
10,1,0.0693721817551162,"#4daf4a"
10.2,1.5,0.0693721817551162,"#4daf4a"
10.4,1.5,0.0693721817551162,"#4daf4a"
11,5.5,0.0693721817551162,"#AAAAAA"
10.8,5,0.0693721817551162,"#AAAAAA"
10.6,5,0.0693721817551162,"#AAAAAA"
10,5.5,37.911897329171,"#ffd300"
10.2,5.6,37.911897329171,"#ffd300"
10.4,5.6,37.911897329171,"#ffd300"
11,6.4,37.911897329171,"#4daf4a"
10.8,6.3,37.911897329171,"#4daf4a"
10.6,6.3,37.911897329171,"#4daf4a"
10,5.5,0.0346860908775581,"#e41a1c"
10.2,5.1,0.0346860908775581,"#e41a1c"
10.4,5.1,0.0346860908775581,"#e41a1c"
11,1.9,0.0346860908775581,"#4daf4a"
10.8,2.3,0.0346860908775581,"#4daf4a"
10.6,2.3,0.0346860908775581,"#4daf4a"
10,5.5,0.0346860908775581,"#f781bf"
10.2,5.4,0.0346860908775581,"#f781bf"
10.4,5.4,0.0346860908775581,"#f781bf"
11,4.6,0.0346860908775581,"#4daf4a"
10.8,4.7,0.0346860908775581,"#4daf4a"
10.6,4.7,0.0346860908775581,"#4daf4a"
10,5.5,0.450919181408255,"#AAAAAA"
10.2,5,0.450919181408255,"#AAAAAA"
10.4,5,0.450919181408255,"#AAAAAA"
11,1,0.450919181408255,"#4daf4a"
10.8,1.5,0.450919181408255,"#4daf4a"
10.6,1.5,0.450919181408255,"#4daf4a"
10,5.5,2.39334027055151,"#4daf4a"
10.2,5.5,2.39334027055151,"#4daf4a"
10.4,5.5,2.39334027055151,"#4daf4a"
11,5.5,2.39334027055151,"#4daf4a"
10.8,5.5,2.39334027055151,"#4daf4a"
10.6,5.5,2.39334027055151,"#4daf4a"
10,3.7,0.0346860908775581,"#ffd300"
10.2,4,0.0346860908775581,"#ffd300"
10.4,4,0.0346860908775581,"#ffd300"
11,6.4,0.0346860908775581,"#a65628"
10.8,6.1,0.0346860908775581,"#a65628"
10.6,6.1,0.0346860908775581,"#a65628"
11,6.4,0.520291363163372,"#ffd300"
11.2,6.4,0.520291363163372,"#ffd300"
11.4,6.4,0.520291363163372,"#ffd300"
12,6.4,0.520291363163372,"#ffd300"
11.8,6.4,0.520291363163372,"#ffd300"
11.6,6.4,0.520291363163372,"#ffd300"
11,6.4,1.42212972597988,"#f781bf"
11.2,6.2,1.42212972597988,"#f781bf"
11.4,6.2,1.42212972597988,"#f781bf"
12,4.6,1.42212972597988,"#ffd300"
11.8,4.8,1.42212972597988,"#ffd300"
11.6,4.8,1.42212972597988,"#ffd300"
11,6.4,1.31807145334721,"#AAAAAA"
11.2,5.8,1.31807145334721,"#AAAAAA"
11.4,5.8,1.31807145334721,"#AAAAAA"
12,1,1.31807145334721,"#ffd300"
11.8,1.6,1.31807145334721,"#ffd300"
11.6,1.6,1.31807145334721,"#ffd300"
11,6.4,45.3347207769684,"#4daf4a"
11.2,6.3,45.3347207769684,"#4daf4a"
11.4,6.3,45.3347207769684,"#4daf4a"
12,5.5,45.3347207769684,"#ffd300"
11.8,5.6,45.3347207769684,"#ffd300"
11.6,5.6,45.3347207769684,"#ffd300"
11,1.9,0.0346860908775581,"#f781bf"
11.2,2.2,0.0346860908775581,"#f781bf"
11.4,2.2,0.0346860908775581,"#f781bf"
12,4.6,0.0346860908775581,"#e41a1c"
11.8,4.3,0.0346860908775581,"#e41a1c"
11.6,4.3,0.0346860908775581,"#e41a1c"
11,1.9,0.104058272632674,"#AAAAAA"
11.2,1.8,0.104058272632674,"#AAAAAA"
11.4,1.8,0.104058272632674,"#AAAAAA"
12,1,0.104058272632674,"#e41a1c"
11.8,1.1,0.104058272632674,"#e41a1c"
11.6,1.1,0.104058272632674,"#e41a1c"
11,4.6,1.0752688172043,"#ffd300"
11.2,4.8,1.0752688172043,"#ffd300"
11.4,4.8,1.0752688172043,"#ffd300"
12,6.4,1.0752688172043,"#f781bf"
11.8,6.2,1.0752688172043,"#f781bf"
11.6,6.2,1.0752688172043,"#f781bf"
11,4.6,1.14464099895942,"#f781bf"
11.2,4.6,1.14464099895942,"#f781bf"
11.4,4.6,1.14464099895942,"#f781bf"
12,4.6,1.14464099895942,"#f781bf"
11.8,4.6,1.14464099895942,"#f781bf"
11.6,4.6,1.14464099895942,"#f781bf"
11,4.6,0.138744363510232,"#AAAAAA"
11.2,4.2,0.138744363510232,"#AAAAAA"
11.4,4.2,0.138744363510232,"#AAAAAA"
12,1,0.138744363510232,"#f781bf"
11.8,1.4,0.138744363510232,"#f781bf"
11.6,1.4,0.138744363510232,"#f781bf"
11,4.6,0.0693721817551162,"#4daf4a"
11.2,4.7,0.0693721817551162,"#4daf4a"
11.4,4.7,0.0693721817551162,"#4daf4a"
12,5.5,0.0693721817551162,"#f781bf"
11.8,5.4,0.0693721817551162,"#f781bf"
11.6,5.4,0.0693721817551162,"#f781bf"
11,1,0.485605272285813,"#ffd300"
11.2,1.6,0.485605272285813,"#ffd300"
11.4,1.6,0.485605272285813,"#ffd300"
12,6.4,0.485605272285813,"#AAAAAA"
11.8,5.8,0.485605272285813,"#AAAAAA"
11.6,5.8,0.485605272285813,"#AAAAAA"
11,1,0.104058272632674,"#f781bf"
11.2,1.4,0.104058272632674,"#f781bf"
11.4,1.4,0.104058272632674,"#f781bf"
12,4.6,0.104058272632674,"#AAAAAA"
11.8,4.2,0.104058272632674,"#AAAAAA"
11.6,4.2,0.104058272632674,"#AAAAAA"
11,1,15.7821713492889,"#AAAAAA"
11.2,1,15.7821713492889,"#AAAAAA"
11.4,1,15.7821713492889,"#AAAAAA"
12,1,15.7821713492889,"#AAAAAA"
11.8,1,15.7821713492889,"#AAAAAA"
11.6,1,15.7821713492889,"#AAAAAA"
11,1,0.277488727020465,"#4daf4a"
11.2,1.5,0.277488727020465,"#4daf4a"
11.4,1.5,0.277488727020465,"#4daf4a"
12,5.5,0.277488727020465,"#AAAAAA"
11.8,5,0.277488727020465,"#AAAAAA"
11.6,5,0.277488727020465,"#AAAAAA"
11,5.5,23.1703087062088,"#ffd300"
11.2,5.6,23.1703087062088,"#ffd300"
11.4,5.6,23.1703087062088,"#ffd300"
12,6.4,23.1703087062088,"#4daf4a"
11.8,6.3,23.1703087062088,"#4daf4a"
11.6,6.3,23.1703087062088,"#4daf4a"
11,5.5,0.173430454387791,"#f781bf"
11.2,5.4,0.173430454387791,"#f781bf"
11.4,5.4,0.173430454387791,"#f781bf"
12,4.6,0.173430454387791,"#4daf4a"
11.8,4.7,0.173430454387791,"#4daf4a"
11.6,4.7,0.173430454387791,"#4daf4a"
11,5.5,7.31876517516476,"#AAAAAA"
11.2,5,7.31876517516476,"#AAAAAA"
11.4,5,7.31876517516476,"#AAAAAA"
12,1,7.31876517516476,"#4daf4a"
11.8,1.5,7.31876517516476,"#4daf4a"
11.6,1.5,7.31876517516476,"#4daf4a"
11,5.5,1.42212972597988,"#4daf4a"
11.2,5.5,1.42212972597988,"#4daf4a"
11.4,5.5,1.42212972597988,"#4daf4a"
12,5.5,1.42212972597988,"#4daf4a"
11.8,5.5,1.42212972597988,"#4daf4a"
11.6,5.5,1.42212972597988,"#4daf4a"
11,5.5,0.0346860908775581,"#a65628"
11.2,5.3,0.0346860908775581,"#a65628"
11.4,5.3,0.0346860908775581,"#a65628"
12,3.7,0.0346860908775581,"#4daf4a"
11.8,3.9,0.0346860908775581,"#4daf4a"
11.6,3.9,0.0346860908775581,"#4daf4a"
11,5.5,0.0346860908775581,"#377eb8"
11.2,5.2,0.0346860908775581,"#377eb8"
11.4,5.2,0.0346860908775581,"#377eb8"
12,2.8,0.0346860908775581,"#4daf4a"
11.8,3.1,0.0346860908775581,"#4daf4a"
11.6,3.1,0.0346860908775581,"#4daf4a"
11,3.7,0.0346860908775581,"#AAAAAA"
11.2,3.4,0.0346860908775581,"#AAAAAA"
11.4,3.4,0.0346860908775581,"#AAAAAA"
12,1,0.0346860908775581,"#a65628"
11.8,1.3,0.0346860908775581,"#a65628"
11.6,1.3,0.0346860908775581,"#a65628"
12,6.4,2.91363163371488,"#ffd300"
12.2,6.4,2.91363163371488,"#ffd300"
12.4,6.4,2.91363163371488,"#ffd300"
13,6.4,2.91363163371488,"#ffd300"
12.8,6.4,2.91363163371488,"#ffd300"
12.6,6.4,2.91363163371488,"#ffd300"
12,6.4,0.138744363510232,"#f781bf"
12.2,6.2,0.138744363510232,"#f781bf"
12.4,6.2,0.138744363510232,"#f781bf"
13,4.6,0.138744363510232,"#ffd300"
12.8,4.8,0.138744363510232,"#ffd300"
12.6,4.8,0.138744363510232,"#ffd300"
12,6.4,0.797780090183836,"#AAAAAA"
12.2,5.8,0.797780090183836,"#AAAAAA"
12.4,5.8,0.797780090183836,"#AAAAAA"
13,1,0.797780090183836,"#ffd300"
12.8,1.6,0.797780090183836,"#ffd300"
12.6,1.6,0.797780090183836,"#ffd300"
12,6.4,21.4013180714533,"#4daf4a"
12.2,6.3,21.4013180714533,"#4daf4a"
12.4,6.3,21.4013180714533,"#4daf4a"
13,5.5,21.4013180714533,"#ffd300"
12.8,5.6,21.4013180714533,"#ffd300"
12.6,5.6,21.4013180714533,"#ffd300"
12,4.6,0.55497745404093,"#ffd300"
12.2,4.8,0.55497745404093,"#ffd300"
12.4,4.8,0.55497745404093,"#ffd300"
13,6.4,0.55497745404093,"#f781bf"
12.8,6.2,0.55497745404093,"#f781bf"
12.6,6.2,0.55497745404093,"#f781bf"
12,4.6,2.21990981616372,"#f781bf"
12.2,4.6,2.21990981616372,"#f781bf"
12.4,4.6,2.21990981616372,"#f781bf"
13,4.6,2.21990981616372,"#f781bf"
12.8,4.6,2.21990981616372,"#f781bf"
12.6,4.6,2.21990981616372,"#f781bf"
12,4.6,0.208116545265349,"#AAAAAA"
12.2,4.2,0.208116545265349,"#AAAAAA"
12.4,4.2,0.208116545265349,"#AAAAAA"
13,1,0.208116545265349,"#f781bf"
12.8,1.4,0.208116545265349,"#f781bf"
12.6,1.4,0.208116545265349,"#f781bf"
12,4.6,0.208116545265349,"#4daf4a"
12.2,4.7,0.208116545265349,"#4daf4a"
12.4,4.7,0.208116545265349,"#4daf4a"
13,5.5,0.208116545265349,"#f781bf"
12.8,5.4,0.208116545265349,"#f781bf"
12.6,5.4,0.208116545265349,"#f781bf"
12,1,5.82726326742976,"#ffd300"
12.2,1.6,5.82726326742976,"#ffd300"
12.4,1.6,5.82726326742976,"#ffd300"
13,6.4,5.82726326742976,"#AAAAAA"
12.8,5.8,5.82726326742976,"#AAAAAA"
12.6,5.8,5.82726326742976,"#AAAAAA"
12,1,0.416233090530697,"#f781bf"
12.2,1.4,0.416233090530697,"#f781bf"
12.4,1.4,0.416233090530697,"#f781bf"
13,4.6,0.416233090530697,"#AAAAAA"
12.8,4.2,0.416233090530697,"#AAAAAA"
12.6,4.2,0.416233090530697,"#AAAAAA"
12,1,15.1231356226153,"#AAAAAA"
12.2,1,15.1231356226153,"#AAAAAA"
12.4,1,15.1231356226153,"#AAAAAA"
13,1,15.1231356226153,"#AAAAAA"
12.8,1,15.1231356226153,"#AAAAAA"
12.6,1,15.1231356226153,"#AAAAAA"
12,1,3.01768990634755,"#4daf4a"
12.2,1.5,3.01768990634755,"#4daf4a"
12.4,1.5,3.01768990634755,"#4daf4a"
13,5.5,3.01768990634755,"#AAAAAA"
12.8,5,3.01768990634755,"#AAAAAA"
12.6,5,3.01768990634755,"#AAAAAA"
12,5.5,44.6756850502948,"#ffd300"
12.2,5.6,44.6756850502948,"#ffd300"
12.4,5.6,44.6756850502948,"#ffd300"
13,6.4,44.6756850502948,"#4daf4a"
12.8,6.3,44.6756850502948,"#4daf4a"
12.6,6.3,44.6756850502948,"#4daf4a"
12,5.5,0.208116545265349,"#f781bf"
12.2,5.4,0.208116545265349,"#f781bf"
12.4,5.4,0.208116545265349,"#f781bf"
13,4.6,0.208116545265349,"#4daf4a"
12.8,4.7,0.208116545265349,"#4daf4a"
12.6,4.7,0.208116545265349,"#4daf4a"
12,5.5,0.72840790842872,"#AAAAAA"
12.2,5,0.72840790842872,"#AAAAAA"
12.4,5,0.72840790842872,"#AAAAAA"
13,1,0.72840790842872,"#4daf4a"
12.8,1.5,0.72840790842872,"#4daf4a"
12.6,1.5,0.72840790842872,"#4daf4a"
12,5.5,1.491501907735,"#4daf4a"
12.2,5.5,1.491501907735,"#4daf4a"
12.4,5.5,1.491501907735,"#4daf4a"
13,5.5,1.491501907735,"#4daf4a"
12.8,5.5,1.491501907735,"#4daf4a"
12.6,5.5,1.491501907735,"#4daf4a"
12,3.7,0.0346860908775581,"#4daf4a"
12.2,3.9,0.0346860908775581,"#4daf4a"
12.4,3.9,0.0346860908775581,"#4daf4a"
13,5.5,0.0346860908775581,"#a65628"
12.8,5.3,0.0346860908775581,"#a65628"
12.6,5.3,0.0346860908775581,"#a65628"
12,2.8,0.0346860908775581,"#ffd300"
12.2,3.2,0.0346860908775581,"#ffd300"
12.4,3.2,0.0346860908775581,"#ffd300"
13,6.4,0.0346860908775581,"#377eb8"
12.8,6,0.0346860908775581,"#377eb8"
12.6,6,0.0346860908775581,"#377eb8"
13,6.4,21.1585154353104,"#ffd300"
13.2,6.4,21.1585154353104,"#ffd300"
13.4,6.4,21.1585154353104,"#ffd300"
14,6.4,21.1585154353104,"#ffd300"
13.8,6.4,21.1585154353104,"#ffd300"
13.6,6.4,21.1585154353104,"#ffd300"
13,6.4,1.0752688172043,"#e41a1c"
13.2,5.9,1.0752688172043,"#e41a1c"
13.4,5.9,1.0752688172043,"#e41a1c"
14,1.9,1.0752688172043,"#ffd300"
13.8,2.4,1.0752688172043,"#ffd300"
13.6,2.4,1.0752688172043,"#ffd300"
13,6.4,1.66493236212279,"#f781bf"
13.2,6.2,1.66493236212279,"#f781bf"
13.4,6.2,1.66493236212279,"#f781bf"
14,4.6,1.66493236212279,"#ffd300"
13.8,4.8,1.66493236212279,"#ffd300"
13.6,4.8,1.66493236212279,"#ffd300"
13,6.4,0.208116545265349,"#AAAAAA"
13.2,5.8,0.208116545265349,"#AAAAAA"
13.4,5.8,0.208116545265349,"#AAAAAA"
14,1,0.208116545265349,"#ffd300"
13.8,1.6,0.208116545265349,"#ffd300"
13.6,1.6,0.208116545265349,"#ffd300"
13,6.4,29.8994103364551,"#4daf4a"
13.2,6.3,29.8994103364551,"#4daf4a"
13.4,6.3,29.8994103364551,"#4daf4a"
14,5.5,29.8994103364551,"#ffd300"
13.8,5.6,29.8994103364551,"#ffd300"
13.6,5.6,29.8994103364551,"#ffd300"
13,4.6,0.72840790842872,"#ffd300"
13.2,4.8,0.72840790842872,"#ffd300"
13.4,4.8,0.72840790842872,"#ffd300"
14,6.4,0.72840790842872,"#f781bf"
13.8,6.2,0.72840790842872,"#f781bf"
13.6,6.2,0.72840790842872,"#f781bf"
13,4.6,2.25459590704128,"#f781bf"
13.2,4.6,2.25459590704128,"#f781bf"
13.4,4.6,2.25459590704128,"#f781bf"
14,4.6,2.25459590704128,"#f781bf"
13.8,4.6,2.25459590704128,"#f781bf"
13.6,4.6,2.25459590704128,"#f781bf"
13,4.6,0.277488727020465,"#AAAAAA"
13.2,4.2,0.277488727020465,"#AAAAAA"
13.4,4.2,0.277488727020465,"#AAAAAA"
14,1,0.277488727020465,"#f781bf"
13.8,1.4,0.277488727020465,"#f781bf"
13.6,1.4,0.277488727020465,"#f781bf"
13,4.6,0.0693721817551162,"#4daf4a"
13.2,4.7,0.0693721817551162,"#4daf4a"
13.4,4.7,0.0693721817551162,"#4daf4a"
14,5.5,0.0693721817551162,"#f781bf"
13.8,5.4,0.0693721817551162,"#f781bf"
13.6,5.4,0.0693721817551162,"#f781bf"
13,1,2.01179327089837,"#ffd300"
13.2,1.6,2.01179327089837,"#ffd300"
13.4,1.6,2.01179327089837,"#ffd300"
14,6.4,2.01179327089837,"#AAAAAA"
13.8,5.8,2.01179327089837,"#AAAAAA"
13.6,5.8,2.01179327089837,"#AAAAAA"
13,1,14.2906694415539,"#AAAAAA"
13.2,1,14.2906694415539,"#AAAAAA"
13.4,1,14.2906694415539,"#AAAAAA"
14,1,14.2906694415539,"#AAAAAA"
13.8,1,14.2906694415539,"#AAAAAA"
13.6,1,14.2906694415539,"#AAAAAA"
13,1,0.208116545265349,"#4daf4a"
13.2,1.5,0.208116545265349,"#4daf4a"
13.4,1.5,0.208116545265349,"#4daf4a"
14,5.5,0.208116545265349,"#AAAAAA"
13.8,5,0.208116545265349,"#AAAAAA"
13.6,5,0.208116545265349,"#AAAAAA"
13,5.5,24.3149497051682,"#ffd300"
13.2,5.6,24.3149497051682,"#ffd300"
13.4,5.6,24.3149497051682,"#ffd300"
14,6.4,24.3149497051682,"#4daf4a"
13.8,6.3,24.3149497051682,"#4daf4a"
13.6,6.3,24.3149497051682,"#4daf4a"
13,5.5,0.173430454387791,"#f781bf"
13.2,5.4,0.173430454387791,"#f781bf"
13.4,5.4,0.173430454387791,"#f781bf"
14,4.6,0.173430454387791,"#4daf4a"
13.8,4.7,0.173430454387791,"#4daf4a"
13.6,4.7,0.173430454387791,"#4daf4a"
13,5.5,0.0693721817551162,"#AAAAAA"
13.2,5,0.0693721817551162,"#AAAAAA"
13.4,5,0.0693721817551162,"#AAAAAA"
14,1,0.0693721817551162,"#4daf4a"
13.8,1.5,0.0693721817551162,"#4daf4a"
13.6,1.5,0.0693721817551162,"#4daf4a"
13,5.5,1.59556018036767,"#4daf4a"
13.2,5.5,1.59556018036767,"#4daf4a"
13.4,5.5,1.59556018036767,"#4daf4a"
14,5.5,1.59556018036767,"#4daf4a"
13.8,5.5,1.59556018036767,"#4daf4a"
13.6,5.5,1.59556018036767,"#4daf4a"
