"yearFrom","yearTo","cropRotate","cropFrom","cropTo","plottingColorFrom","plottingColorTo","plotXAxisFrom","plotXAxisTo","plotYAxisFrom","plotYAxisTo","xEndFrom","xEndTo","yEndFrom_streamlined","yEndTo_streamlined","totalNumPixels_cropTransition","totalPercPixelsWiArea_cropTransition","totalNumPixels_cropYearFrom","totalPercPixelsWiArea_cropYearFrom","totalNumPixels_cropYearTo","totalPercPixelsWiArea_cropYearTo"
2008,2009,"corn_corn","corn","corn","#ffd300","#ffd300",1,2,6.4,6.4,1.2,1.8,6.4,6.4,52,0.0503441799223538,419,0.405657911297428,1752,1.69621160046084
2008,2009,"corn_dryBeans","corn","dryBeans","#ffd300","#e41a1c",1,2,6.4,1.9,1.2,1.8,5.9,2.4,1,0.000968157306199111,419,0.405657911297428,10,0.00968157306199111
2008,2009,"corn_hay","corn","hay","#ffd300","#f781bf",1,2,6.4,4.6,1.2,1.8,6.2,4.8,6,0.00580894383719467,419,0.405657911297428,521,0.504409956529737
2008,2009,"corn_other","corn","other","#ffd300","#AAAAAA",1,2,6.4,1,1.2,1.8,5.8,1.6,70,0.0677710114339378,419,0.405657911297428,98525,95.3876985932674
2008,2009,"corn_soy","corn","soy","#ffd300","#4daf4a",1,2,6.4,5.5,1.2,1.8,6.3,5.6,62,0.0600257529843449,419,0.405657911297428,1785,1.72816079156541
2008,2009,"corn_springWheat","corn","springWheat","#ffd300","#a65628",1,2,6.4,3.7,1.2,1.8,6.1,4,228,0.220739865813397,419,0.405657911297428,696,0.673837485114581
2008,2009,"hay_corn","hay","corn","#f781bf","#ffd300",1,2,4.6,6.4,1.2,1.8,4.8,6.2,16,0.0154905168991858,484,0.46858813620037,1752,1.69621160046084
2008,2009,"hay_hay","hay","hay","#f781bf","#f781bf",1,2,4.6,4.6,1.2,1.8,4.6,4.6,334,0.323364540270503,484,0.46858813620037,521,0.504409956529737
2008,2009,"hay_other","hay","other","#f781bf","#AAAAAA",1,2,4.6,1,1.2,1.8,4.2,1.4,73,0.0706754833525351,484,0.46858813620037,98525,95.3876985932674
2008,2009,"hay_soy","hay","soy","#f781bf","#4daf4a",1,2,4.6,5.5,1.2,1.8,4.7,5.4,57,0.0551849664533493,484,0.46858813620037,1785,1.72816079156541
2008,2009,"hay_springWheat","hay","springWheat","#f781bf","#a65628",1,2,4.6,3.7,1.2,1.8,4.5,3.8,4,0.00387262922479645,484,0.46858813620037,696,0.673837485114581
2008,2009,"other_corn","other","corn","#AAAAAA","#ffd300",1,2,1,6.4,1.2,1.8,1.6,5.8,908,0.879086834028793,99431,96.2648491126838,1752,1.69621160046084
2008,2009,"other_dryBeans","other","dryBeans","#AAAAAA","#e41a1c",1,2,1,1.9,1.2,1.8,1.1,1.8,5,0.00484078653099556,99431,96.2648491126838,10,0.00968157306199111
2008,2009,"other_hay","other","hay","#AAAAAA","#f781bf",1,2,1,4.6,1.2,1.8,1.4,4.2,178,0.172332000503442,99431,96.2648491126838,521,0.504409956529737
2008,2009,"other_other","other","other","#AAAAAA","#AAAAAA",1,2,1,1,1.2,1.8,1,1,97408,94.306266882243,99431,96.2648491126838,98525,95.3876985932674
2008,2009,"other_soy","other","soy","#AAAAAA","#4daf4a",1,2,1,5.5,1.2,1.8,1.5,5,847,0.820029238350647,99431,96.2648491126838,1785,1.72816079156541
2008,2009,"other_springWheat","other","springWheat","#AAAAAA","#a65628",1,2,1,3.7,1.2,1.8,1.3,3.4,85,0.0822933710269245,99431,96.2648491126838,696,0.673837485114581
2008,2009,"soy_corn","soy","corn","#4daf4a","#ffd300",1,2,5.5,6.4,1.2,1.8,5.6,6.3,530,0.513123372285529,1216,1.17727928433812,1752,1.69621160046084
2008,2009,"soy_dryBeans","soy","dryBeans","#4daf4a","#e41a1c",1,2,5.5,1.9,1.2,1.8,5.1,2.3,2,0.00193631461239822,1216,1.17727928433812,10,0.00968157306199111
2008,2009,"soy_hay","soy","hay","#4daf4a","#f781bf",1,2,5.5,4.6,1.2,1.8,5.4,4.7,2,0.00193631461239822,1216,1.17727928433812,521,0.504409956529737
2008,2009,"soy_other","soy","other","#4daf4a","#AAAAAA",1,2,5.5,1,1.2,1.8,5,1.5,133,0.128764921724482,1216,1.17727928433812,98525,95.3876985932674
2008,2009,"soy_soy","soy","soy","#4daf4a","#4daf4a",1,2,5.5,5.5,1.2,1.8,5.5,5.5,199,0.192663303933623,1216,1.17727928433812,1785,1.72816079156541
2008,2009,"soy_springWheat","soy","springWheat","#4daf4a","#a65628",1,2,5.5,3.7,1.2,1.8,5.3,3.9,350,0.338855057169689,1216,1.17727928433812,696,0.673837485114581
2008,2009,"springWheat_corn","springWheat","corn","#a65628","#ffd300",1,2,3.7,6.4,1.2,1.8,4,6.1,246,0.238166697324981,1739,1.68362555548025,1752,1.69621160046084
2008,2009,"springWheat_dryBeans","springWheat","dryBeans","#a65628","#e41a1c",1,2,3.7,1.9,1.2,1.8,3.5,2.1,2,0.00193631461239822,1739,1.68362555548025,10,0.00968157306199111
2008,2009,"springWheat_hay","springWheat","hay","#a65628","#f781bf",1,2,3.7,4.6,1.2,1.8,3.8,4.5,1,0.000968157306199111,1739,1.68362555548025,521,0.504409956529737
2008,2009,"springWheat_other","springWheat","other","#a65628","#AAAAAA",1,2,3.7,1,1.2,1.8,3.4,1.3,841,0.814220294513453,1739,1.68362555548025,98525,95.3876985932674
2008,2009,"springWheat_soy","springWheat","soy","#a65628","#4daf4a",1,2,3.7,5.5,1.2,1.8,3.9,5.3,620,0.600257529843449,1739,1.68362555548025,1785,1.72816079156541
2008,2009,"springWheat_springWheat","springWheat","springWheat","#a65628","#a65628",1,2,3.7,3.7,1.2,1.8,3.7,3.7,29,0.0280765618797742,1739,1.68362555548025,696,0.673837485114581
2009,2010,"corn_corn","corn","corn","#ffd300","#ffd300",2,3,6.4,6.4,2.2,2.8,6.4,6.4,47,0.0455033933913582,1752,1.69621160046084,912,0.88295946325359
2009,2010,"corn_hay","corn","hay","#ffd300","#f781bf",2,3,6.4,4.6,2.2,2.8,6.2,4.8,3,0.00290447191859733,1752,1.69621160046084,567,0.548945192614896
2009,2010,"corn_other","corn","other","#ffd300","#AAAAAA",2,3,6.4,1,2.2,2.8,5.8,1.6,862,0.834551597943634,1752,1.69621160046084,99412,96.246454123866
2009,2010,"corn_soy","corn","soy","#ffd300","#4daf4a",2,3,6.4,5.5,2.2,2.8,6.3,5.6,736,0.712563777362546,1752,1.69621160046084,1835,1.77656865687537
2009,2010,"corn_springWheat","corn","springWheat","#ffd300","#a65628",2,3,6.4,3.7,2.2,2.8,6.1,4,104,0.100688359844708,1752,1.69621160046084,563,0.5450725633901
2009,2010,"dryBeans_other","dryBeans","other","#e41a1c","#AAAAAA",2,3,1.9,1,2.2,2.8,1.8,1.1,9,0.008713415755792,10,0.00968157306199111,99412,96.246454123866
2009,2010,"dryBeans_springWheat","dryBeans","springWheat","#e41a1c","#a65628",2,3,1.9,3.7,2.2,2.8,2.1,3.5,1,0.000968157306199111,10,0.00968157306199111,563,0.5450725633901
2009,2010,"hay_corn","hay","corn","#f781bf","#ffd300",2,3,4.6,6.4,2.2,2.8,4.8,6.2,19,0.0183949888177831,769,0.744512968467117,912,0.88295946325359
2009,2010,"hay_hay","hay","hay","#f781bf","#f781bf",2,3,4.6,4.6,2.2,2.8,4.6,4.6,511,0.494728383467746,769,0.744512968467117,567,0.548945192614896
2009,2010,"hay_other","hay","other","#f781bf","#AAAAAA",2,3,4.6,1,2.2,2.8,4.2,1.4,175,0.169427528584844,769,0.744512968467117,99412,96.246454123866
2009,2010,"hay_soy","hay","soy","#f781bf","#4daf4a",2,3,4.6,5.5,2.2,2.8,4.7,5.4,64,0.0619620675967431,769,0.744512968467117,1835,1.77656865687537
2009,2010,"other_corn","other","corn","#AAAAAA","#ffd300",2,3,1,6.4,2.2,2.8,1.6,5.8,86,0.0832615283331236,98277,95.1475955813301,912,0.88295946325359
2009,2010,"other_hay","other","hay","#AAAAAA","#f781bf",2,3,1,4.6,2.2,2.8,1.4,4.2,40,0.0387262922479645,98277,95.1475955813301,567,0.548945192614896
2009,2010,"other_other","other","other","#AAAAAA","#AAAAAA",2,3,1,1,2.2,2.8,1,1,97275,94.1775019605186,98277,95.1475955813301,99412,96.246454123866
2009,2010,"other_soy","other","soy","#AAAAAA","#4daf4a",2,3,1,5.5,2.2,2.8,1.5,5,793,0.767748743815895,98277,95.1475955813301,1835,1.77656865687537
2009,2010,"other_springWheat","other","springWheat","#AAAAAA","#a65628",2,3,1,3.7,2.2,2.8,1.3,3.4,83,0.0803570564145262,98277,95.1475955813301,563,0.5450725633901
2009,2010,"soy_corn","soy","corn","#4daf4a","#ffd300",2,3,5.5,6.4,2.2,2.8,5.6,6.3,324,0.313682967208512,1785,1.72816079156541,912,0.88295946325359
2009,2010,"soy_hay","soy","hay","#4daf4a","#f781bf",2,3,5.5,4.6,2.2,2.8,5.4,4.7,13,0.0125860449805884,1785,1.72816079156541,567,0.548945192614896
2009,2010,"soy_other","soy","other","#4daf4a","#AAAAAA",2,3,5.5,1,2.2,2.8,5,1.5,907,0.878118676722594,1785,1.72816079156541,99412,96.246454123866
2009,2010,"soy_soy","soy","soy","#4daf4a","#4daf4a",2,3,5.5,5.5,2.2,2.8,5.5,5.5,183,0.177172787034437,1785,1.72816079156541,1835,1.77656865687537
2009,2010,"soy_springWheat","soy","springWheat","#4daf4a","#a65628",2,3,5.5,3.7,2.2,2.8,5.3,3.9,358,0.346600315619282,1785,1.72816079156541,563,0.5450725633901
2009,2010,"springWheat_corn","springWheat","corn","#a65628","#ffd300",2,3,3.7,6.4,2.2,2.8,4,6.1,436,0.422116585502813,696,0.673837485114581,912,0.88295946325359
2009,2010,"springWheat_other","springWheat","other","#a65628","#AAAAAA",2,3,3.7,1,2.2,2.8,3.4,1.3,184,0.178140944340636,696,0.673837485114581,99412,96.246454123866
2009,2010,"springWheat_soy","springWheat","soy","#a65628","#4daf4a",2,3,3.7,5.5,2.2,2.8,3.9,5.3,59,0.0571212810657476,696,0.673837485114581,1835,1.77656865687537
2009,2010,"springWheat_springWheat","springWheat","springWheat","#a65628","#a65628",2,3,3.7,3.7,2.2,2.8,3.7,3.7,17,0.0164586742053849,696,0.673837485114581,563,0.5450725633901
2010,2011,"corn_corn","corn","corn","#ffd300","#ffd300",3,4,6.4,6.4,3.2,3.8,6.4,6.4,208,0.201376719689415,912,0.88295946325359,2153,2.08444268024669
2010,2011,"corn_dryBeans","corn","dryBeans","#ffd300","#e41a1c",3,4,6.4,1.9,3.2,3.8,5.9,2.4,2,0.00193631461239822,912,0.88295946325359,91,0.0881023148641191
2010,2011,"corn_other","corn","other","#ffd300","#AAAAAA",3,4,6.4,1,3.2,3.8,5.8,1.6,42,0.0406626068603627,912,0.88295946325359,97822,94.7070840070095
2010,2011,"corn_soy","corn","soy","#ffd300","#4daf4a",3,4,6.4,5.5,3.2,3.8,6.3,5.6,634,0.613811732130237,912,0.88295946325359,2225,2.15415000629302
2010,2011,"corn_springWheat","corn","springWheat","#ffd300","#a65628",3,4,6.4,3.7,3.2,3.8,6.1,4,26,0.0251720899611769,912,0.88295946325359,617,0.597353057924852
2010,2011,"hay_corn","hay","corn","#f781bf","#ffd300",3,4,4.6,6.4,3.2,3.8,4.8,6.2,9,0.008713415755792,400,0.387262922479645,2153,2.08444268024669
2010,2011,"hay_dryBeans","hay","dryBeans","#f781bf","#e41a1c",3,4,4.6,1.9,3.2,3.8,4.3,2.2,1,0.000968157306199111,400,0.387262922479645,91,0.0881023148641191
2010,2011,"hay_hay","hay","hay","#f781bf","#f781bf",3,4,4.6,4.6,3.2,3.8,4.6,4.6,195,0.188790674708827,400,0.387262922479645,380,0.367899776355662
2010,2011,"hay_other","hay","other","#f781bf","#AAAAAA",3,4,4.6,1,3.2,3.8,4.2,1.4,29,0.0280765618797742,400,0.387262922479645,97822,94.7070840070095
2010,2011,"hay_soy","hay","soy","#f781bf","#4daf4a",3,4,4.6,5.5,3.2,3.8,4.7,5.4,163,0.157809640910455,400,0.387262922479645,2225,2.15415000629302
2010,2011,"hay_springWheat","hay","springWheat","#f781bf","#a65628",3,4,4.6,3.7,3.2,3.8,4.5,3.8,3,0.00290447191859733,400,0.387262922479645,617,0.597353057924852
2010,2011,"other_corn","other","corn","#AAAAAA","#ffd300",3,4,1,6.4,3.2,3.8,1.6,5.8,971,0.940080744319337,99579,96.4081363940013,2153,2.08444268024669
2010,2011,"other_dryBeans","other","dryBeans","#AAAAAA","#e41a1c",3,4,1,1.9,3.2,3.8,1.1,1.8,52,0.0503441799223538,99579,96.4081363940013,91,0.0881023148641191
2010,2011,"other_hay","other","hay","#AAAAAA","#f781bf",3,4,1,4.6,3.2,3.8,1.4,4.2,176,0.170395685891044,99579,96.4081363940013,380,0.367899776355662
2010,2011,"other_other","other","other","#AAAAAA","#AAAAAA",3,4,1,1,3.2,3.8,1,1,97465,94.3614518486964,99579,96.4081363940013,97822,94.7070840070095
2010,2011,"other_soy","other","soy","#AAAAAA","#4daf4a",3,4,1,5.5,3.2,3.8,1.5,5,736,0.712563777362546,99579,96.4081363940013,2225,2.15415000629302
2010,2011,"other_springWheat","other","springWheat","#AAAAAA","#a65628",3,4,1,3.7,3.2,3.8,1.3,3.4,178,0.172332000503442,99579,96.4081363940013,617,0.597353057924852
2010,2011,"other_sugarbeets","other","sugarbeets","#AAAAAA","#377eb8",3,4,1,2.8,3.2,3.8,1.2,2.6,1,0.000968157306199111,99579,96.4081363940013,1,0.000968157306199111
2010,2011,"soy_corn","soy","corn","#4daf4a","#ffd300",3,4,5.5,6.4,3.2,3.8,5.6,6.3,580,0.561531237595485,1835,1.77656865687537,2153,2.08444268024669
2010,2011,"soy_dryBeans","soy","dryBeans","#4daf4a","#e41a1c",3,4,5.5,1.9,3.2,3.8,5.1,2.3,14,0.0135542022867876,1835,1.77656865687537,91,0.0881023148641191
2010,2011,"soy_hay","soy","hay","#4daf4a","#f781bf",3,4,5.5,4.6,3.2,3.8,5.4,4.7,5,0.00484078653099556,1835,1.77656865687537,380,0.367899776355662
2010,2011,"soy_other","soy","other","#4daf4a","#AAAAAA",3,4,5.5,1,3.2,3.8,5,1.5,258,0.249784584999371,1835,1.77656865687537,97822,94.7070840070095
2010,2011,"soy_soy","soy","soy","#4daf4a","#4daf4a",3,4,5.5,5.5,3.2,3.8,5.5,5.5,570,0.551849664533493,1835,1.77656865687537,2225,2.15415000629302
2010,2011,"soy_springWheat","soy","springWheat","#4daf4a","#a65628",3,4,5.5,3.7,3.2,3.8,5.3,3.9,408,0.395008180929237,1835,1.77656865687537,617,0.597353057924852
2010,2011,"springWheat_corn","springWheat","corn","#a65628","#ffd300",3,4,3.7,6.4,3.2,3.8,4,6.1,385,0.372740562886658,563,0.5450725633901,2153,2.08444268024669
2010,2011,"springWheat_dryBeans","springWheat","dryBeans","#a65628","#e41a1c",3,4,3.7,1.9,3.2,3.8,3.5,2.1,22,0.0212994607363804,563,0.5450725633901,91,0.0881023148641191
2010,2011,"springWheat_hay","springWheat","hay","#a65628","#f781bf",3,4,3.7,4.6,3.2,3.8,3.8,4.5,4,0.00387262922479645,563,0.5450725633901,380,0.367899776355662
2010,2011,"springWheat_other","springWheat","other","#a65628","#AAAAAA",3,4,3.7,1,3.2,3.8,3.4,1.3,28,0.0271084045735751,563,0.5450725633901,97822,94.7070840070095
2010,2011,"springWheat_soy","springWheat","soy","#a65628","#4daf4a",3,4,3.7,5.5,3.2,3.8,3.9,5.3,122,0.118115191356292,563,0.5450725633901,2225,2.15415000629302
2010,2011,"springWheat_springWheat","springWheat","springWheat","#a65628","#a65628",3,4,3.7,3.7,3.2,3.8,3.7,3.7,2,0.00193631461239822,563,0.5450725633901,617,0.597353057924852
2011,2012,"corn_corn","corn","corn","#ffd300","#ffd300",4,5,6.4,6.4,4.2,4.8,6.4,6.4,1030,0.997202025385085,2153,2.08444268024669,2664,2.57917106371443
2011,2012,"corn_dryBeans","corn","dryBeans","#ffd300","#e41a1c",4,5,6.4,1.9,4.2,4.8,5.9,2.4,6,0.00580894383719467,2153,2.08444268024669,6,0.00580894383719467
2011,2012,"corn_hay","corn","hay","#ffd300","#f781bf",4,5,6.4,4.6,4.2,4.8,6.2,4.8,9,0.008713415755792,2153,2.08444268024669,960,0.929431013951147
2011,2012,"corn_other","corn","other","#ffd300","#AAAAAA",4,5,6.4,1,4.2,4.8,5.8,1.6,333,0.322396382964304,2153,2.08444268024669,97613,94.5047391300138
2011,2012,"corn_soy","corn","soy","#ffd300","#4daf4a",4,5,6.4,5.5,4.2,4.8,6.3,5.6,753,0.729022451567931,2153,2.08444268024669,1705,1.65070820706948
2011,2012,"corn_springWheat","corn","springWheat","#ffd300","#a65628",4,5,6.4,3.7,4.2,4.8,6.1,4,22,0.0212994607363804,2153,2.08444268024669,341,0.330141641413897
2011,2012,"dryBeans_corn","dryBeans","corn","#e41a1c","#ffd300",4,5,1.9,6.4,4.2,4.8,2.4,5.9,6,0.00580894383719467,91,0.0881023148641191,2664,2.57917106371443
2011,2012,"dryBeans_other","dryBeans","other","#e41a1c","#AAAAAA",4,5,1.9,1,4.2,4.8,1.8,1.1,18,0.017426831511584,91,0.0881023148641191,97613,94.5047391300138
2011,2012,"dryBeans_soy","dryBeans","soy","#e41a1c","#4daf4a",4,5,1.9,5.5,4.2,4.8,2.3,5.1,67,0.0648665395153405,91,0.0881023148641191,1705,1.65070820706948
2011,2012,"hay_corn","hay","corn","#f781bf","#ffd300",4,5,4.6,6.4,4.2,4.8,4.8,6.2,126,0.121987820581088,1151,1.11434905943518,2664,2.57917106371443
2011,2012,"hay_hay","hay","hay","#f781bf","#f781bf",4,5,4.6,4.6,4.2,4.8,4.6,4.6,909,0.880054991334992,1151,1.11434905943518,960,0.929431013951147
2011,2012,"hay_other","hay","other","#f781bf","#AAAAAA",4,5,4.6,1,4.2,4.8,4.2,1.4,72,0.069707326046336,1151,1.11434905943518,97613,94.5047391300138
2011,2012,"hay_soy","hay","soy","#f781bf","#4daf4a",4,5,4.6,5.5,4.2,4.8,4.7,5.4,43,0.0416307641665618,1151,1.11434905943518,1705,1.65070820706948
2011,2012,"hay_springWheat","hay","springWheat","#f781bf","#a65628",4,5,4.6,3.7,4.2,4.8,4.5,3.8,1,0.000968157306199111,1151,1.11434905943518,341,0.330141641413897
2011,2012,"other_corn","other","corn","#AAAAAA","#ffd300",4,5,1,6.4,4.2,4.8,1.6,5.8,252,0.243975641162176,97051,93.9606347239299,2664,2.57917106371443
2011,2012,"other_hay","other","hay","#AAAAAA","#f781bf",4,5,1,4.6,4.2,4.8,1.4,4.2,14,0.0135542022867876,97051,93.9606347239299,960,0.929431013951147
2011,2012,"other_other","other","other","#AAAAAA","#AAAAAA",4,5,1,1,4.2,4.8,1,1,96589,93.5133460484659,97051,93.9606347239299,97613,94.5047391300138
2011,2012,"other_soy","other","soy","#AAAAAA","#4daf4a",4,5,1,5.5,4.2,4.8,1.5,5,159,0.153937011685659,97051,93.9606347239299,1705,1.65070820706948
2011,2012,"other_springWheat","other","springWheat","#AAAAAA","#a65628",4,5,1,3.7,4.2,4.8,1.3,3.4,37,0.0358218203293671,97051,93.9606347239299,341,0.330141641413897
2011,2012,"soy_corn","soy","corn","#4daf4a","#ffd300",4,5,5.5,6.4,4.2,4.8,5.6,6.3,1147,1.11047643021038,2225,2.15415000629302,2664,2.57917106371443
2011,2012,"soy_hay","soy","hay","#4daf4a","#f781bf",4,5,5.5,4.6,4.2,4.8,5.4,4.7,27,0.026140247267376,2225,2.15415000629302,960,0.929431013951147
2011,2012,"soy_other","soy","other","#4daf4a","#AAAAAA",4,5,5.5,1,4.2,4.8,5,1.5,568,0.549913349921095,2225,2.15415000629302,97613,94.5047391300138
2011,2012,"soy_soy","soy","soy","#4daf4a","#4daf4a",4,5,5.5,5.5,4.2,4.8,5.5,5.5,213,0.206217506220411,2225,2.15415000629302,1705,1.65070820706948
2011,2012,"soy_springWheat","soy","springWheat","#4daf4a","#a65628",4,5,5.5,3.7,4.2,4.8,5.3,3.9,270,0.26140247267376,2225,2.15415000629302,341,0.330141641413897
2011,2012,"springWheat_corn","springWheat","corn","#a65628","#ffd300",4,5,3.7,6.4,4.2,4.8,4,6.1,103,0.0997202025385085,617,0.597353057924852,2664,2.57917106371443
2011,2012,"springWheat_hay","springWheat","hay","#a65628","#f781bf",4,5,3.7,4.6,4.2,4.8,3.8,4.5,1,0.000968157306199111,617,0.597353057924852,960,0.929431013951147
2011,2012,"springWheat_other","springWheat","other","#a65628","#AAAAAA",4,5,3.7,1,4.2,4.8,3.4,1.3,33,0.0319491911045707,617,0.597353057924852,97613,94.5047391300138
2011,2012,"springWheat_soy","springWheat","soy","#a65628","#4daf4a",4,5,3.7,5.5,4.2,4.8,3.9,5.3,469,0.454065776607383,617,0.597353057924852,1705,1.65070820706948
2011,2012,"springWheat_springWheat","springWheat","springWheat","#a65628","#a65628",4,5,3.7,3.7,4.2,4.8,3.7,3.7,11,0.0106497303681902,617,0.597353057924852,341,0.330141641413897
2011,2012,"sugarbeets_soy","sugarbeets","soy","#377eb8","#4daf4a",4,5,2.8,5.5,4.2,4.8,3.1,5.2,1,0.000968157306199111,1,0.000968157306199111,1705,1.65070820706948
2012,2013,"corn_corn","corn","corn","#ffd300","#ffd300",5,6,6.4,6.4,5.2,5.8,6.4,6.4,1273,1.23246425079147,2664,2.57917106371443,2347,2.27226519764931
2012,2013,"corn_hay","corn","hay","#ffd300","#f781bf",5,6,6.4,4.6,5.2,5.8,6.2,4.8,34,0.0329173484107698,2664,2.57917106371443,1360,1.31669393643079
2012,2013,"corn_other","corn","other","#ffd300","#AAAAAA",5,6,6.4,1,5.2,5.8,5.8,1.6,175,0.169427528584844,2664,2.57917106371443,97060,93.9693481396857
2012,2013,"corn_soy","corn","soy","#ffd300","#4daf4a",5,6,6.4,5.5,5.2,5.8,6.3,5.6,1138,1.10176301445459,2664,2.57917106371443,2220,2.14930921976203
2012,2013,"corn_springWheat","corn","springWheat","#ffd300","#a65628",5,6,6.4,3.7,5.2,5.8,6.1,4,44,0.0425989214727609,2664,2.57917106371443,302,0.292383506472132
2012,2013,"dryBeans_corn","dryBeans","corn","#e41a1c","#ffd300",5,6,1.9,6.4,5.2,5.8,2.4,5.9,3,0.00290447191859733,7,0.00677710114339378,2347,2.27226519764931
2012,2013,"dryBeans_other","dryBeans","other","#e41a1c","#AAAAAA",5,6,1.9,1,5.2,5.8,1.8,1.1,1,0.000968157306199111,7,0.00677710114339378,97060,93.9693481396857
2012,2013,"dryBeans_soy","dryBeans","soy","#e41a1c","#4daf4a",5,6,1.9,5.5,5.2,5.8,2.3,5.1,3,0.00290447191859733,7,0.00677710114339378,2220,2.14930921976203
2012,2013,"hay_corn","hay","corn","#f781bf","#ffd300",5,6,4.6,6.4,5.2,5.8,4.8,6.2,54,0.052280494534752,1347,1.3041078914502,2347,2.27226519764931
2012,2013,"hay_hay","hay","hay","#f781bf","#f781bf",5,6,4.6,4.6,5.2,5.8,4.6,4.6,1242,1.2024513742993,1347,1.3041078914502,1360,1.31669393643079
2012,2013,"hay_other","hay","other","#f781bf","#AAAAAA",5,6,4.6,1,5.2,5.8,4.2,1.4,37,0.0358218203293671,1347,1.3041078914502,97060,93.9693481396857
2012,2013,"hay_soy","hay","soy","#f781bf","#4daf4a",5,6,4.6,5.5,5.2,5.8,4.7,5.4,14,0.0135542022867876,1347,1.3041078914502,2220,2.14930921976203
2012,2013,"other_corn","other","corn","#AAAAAA","#ffd300",5,6,1,6.4,5.2,5.8,1.6,5.8,217,0.210090135445207,97225,94.1290940952086,2347,2.27226519764931
2012,2013,"other_hay","other","hay","#AAAAAA","#f781bf",5,6,1,4.6,5.2,5.8,1.4,4.2,54,0.052280494534752,97225,94.1290940952086,1360,1.31669393643079
2012,2013,"other_other","other","other","#AAAAAA","#AAAAAA",5,6,1,1,5.2,5.8,1,1,96519,93.445575037032,97225,94.1290940952086,97060,93.9693481396857
2012,2013,"other_soy","other","soy","#AAAAAA","#4daf4a",5,6,1,5.5,5.2,5.8,1.5,5,433,0.419212113584215,97225,94.1290940952086,2220,2.14930921976203
2012,2013,"other_springWheat","other","springWheat","#AAAAAA","#a65628",5,6,1,3.7,5.2,5.8,1.3,3.4,2,0.00193631461239822,97225,94.1290940952086,302,0.292383506472132
2012,2013,"soy_corn","soy","corn","#4daf4a","#ffd300",5,6,5.5,6.4,5.2,5.8,5.6,6.3,694,0.671901170502183,1705,1.65070820706948,2347,2.27226519764931
2012,2013,"soy_hay","soy","hay","#4daf4a","#f781bf",5,6,5.5,4.6,5.2,5.8,5.4,4.7,1,0.000968157306199111,1705,1.65070820706948,1360,1.31669393643079
2012,2013,"soy_other","soy","other","#4daf4a","#AAAAAA",5,6,5.5,1,5.2,5.8,5,1.5,317,0.306905866065118,1705,1.65070820706948,97060,93.9693481396857
2012,2013,"soy_soy","soy","soy","#4daf4a","#4daf4a",5,6,5.5,5.5,5.2,5.8,5.5,5.5,437,0.423084742809012,1705,1.65070820706948,2220,2.14930921976203
2012,2013,"soy_springWheat","soy","springWheat","#4daf4a","#a65628",5,6,5.5,3.7,5.2,5.8,5.3,3.9,256,0.247848270386972,1705,1.65070820706948,302,0.292383506472132
2012,2013,"springWheat_corn","springWheat","corn","#a65628","#ffd300",5,6,3.7,6.4,5.2,5.8,4,6.1,106,0.102624674457106,341,0.330141641413897,2347,2.27226519764931
2012,2013,"springWheat_hay","springWheat","hay","#a65628","#f781bf",5,6,3.7,4.6,5.2,5.8,3.8,4.5,29,0.0280765618797742,341,0.330141641413897,1360,1.31669393643079
2012,2013,"springWheat_other","springWheat","other","#a65628","#AAAAAA",5,6,3.7,1,5.2,5.8,3.4,1.3,11,0.0106497303681902,341,0.330141641413897,97060,93.9693481396857
2012,2013,"springWheat_soy","springWheat","soy","#a65628","#4daf4a",5,6,3.7,5.5,5.2,5.8,3.9,5.3,195,0.188790674708827,341,0.330141641413897,2220,2.14930921976203
2013,2014,"corn_corn","corn","corn","#ffd300","#ffd300",6,7,6.4,6.4,6.2,6.8,6.4,6.4,995,0.963316519668116,2347,2.27226519764931,2017,1.95277328660361
2013,2014,"corn_dryBeans","corn","dryBeans","#ffd300","#e41a1c",6,7,6.4,1.9,6.2,6.8,5.9,2.4,45,0.04356707877896,2347,2.27226519764931,197,0.190726989321225
2013,2014,"corn_hay","corn","hay","#ffd300","#f781bf",6,7,6.4,4.6,6.2,6.8,6.2,4.8,24,0.0232357753487787,2347,2.27226519764931,896,0.867468946354404
2013,2014,"corn_other","corn","other","#ffd300","#AAAAAA",6,7,6.4,1,6.2,6.8,5.8,1.6,181,0.175236472422039,2347,2.27226519764931,97455,94.3517702756344
2013,2014,"corn_soy","corn","soy","#ffd300","#4daf4a",6,7,6.4,5.5,6.2,6.8,6.3,5.6,1033,1.00010649730368,2347,2.27226519764931,2328,2.25387020883153
2013,2014,"corn_springWheat","corn","springWheat","#ffd300","#a65628",6,7,6.4,3.7,6.2,6.8,6.1,4,69,0.0668028541277387,2347,2.27226519764931,396,0.383390293254848
2013,2014,"hay_corn","hay","corn","#f781bf","#ffd300",6,7,4.6,6.4,6.2,6.8,4.8,6.2,96,0.0929431013951147,973,0.942017058931735,2017,1.95277328660361
2013,2014,"hay_dryBeans","hay","dryBeans","#f781bf","#e41a1c",6,7,4.6,1.9,6.2,6.8,4.3,2.2,8,0.00774525844959289,973,0.942017058931735,197,0.190726989321225
2013,2014,"hay_hay","hay","hay","#f781bf","#f781bf",6,7,4.6,4.6,6.2,6.8,4.6,4.6,777,0.752258226916709,973,0.942017058931735,896,0.867468946354404
2013,2014,"hay_other","hay","other","#f781bf","#AAAAAA",6,7,4.6,1,6.2,6.8,4.2,1.4,55,0.0532486518409511,973,0.942017058931735,97455,94.3517702756344
2013,2014,"hay_soy","hay","soy","#f781bf","#4daf4a",6,7,4.6,5.5,6.2,6.8,4.7,5.4,31,0.0300128764921724,973,0.942017058931735,2328,2.25387020883153
2013,2014,"hay_springWheat","hay","springWheat","#f781bf","#a65628",6,7,4.6,3.7,6.2,6.8,4.5,3.8,6,0.00580894383719467,973,0.942017058931735,396,0.383390293254848
2013,2014,"other_corn","other","corn","#AAAAAA","#ffd300",6,7,1,6.4,6.2,6.8,1.6,5.8,167,0.161682270135252,97447,94.3440250171848,2017,1.95277328660361
2013,2014,"other_dryBeans","other","dryBeans","#AAAAAA","#e41a1c",6,7,1,1.9,6.2,6.8,1.1,1.8,13,0.0125860449805884,97447,94.3440250171848,197,0.190726989321225
2013,2014,"other_hay","other","hay","#AAAAAA","#f781bf",6,7,1,4.6,6.2,6.8,1.4,4.2,17,0.0164586742053849,97447,94.3440250171848,896,0.867468946354404
2013,2014,"other_other","other","other","#AAAAAA","#AAAAAA",6,7,1,1,6.2,6.8,1,1,96971,93.883182139434,97447,94.3440250171848,97455,94.3517702756344
2013,2014,"other_soy","other","soy","#AAAAAA","#4daf4a",6,7,1,5.5,6.2,6.8,1.5,5,269,0.260434315367561,97447,94.3440250171848,2328,2.25387020883153
2013,2014,"other_springWheat","other","springWheat","#AAAAAA","#a65628",6,7,1,3.7,6.2,6.8,1.3,3.4,10,0.00968157306199111,97447,94.3440250171848,396,0.383390293254848
2013,2014,"soy_corn","soy","corn","#4daf4a","#ffd300",6,7,5.5,6.4,6.2,6.8,5.6,6.3,705,0.682550900870373,2220,2.14930921976203,2017,1.95277328660361
2013,2014,"soy_dryBeans","soy","dryBeans","#4daf4a","#e41a1c",6,7,5.5,1.9,6.2,6.8,5.1,2.3,120,0.116178876743893,2220,2.14930921976203,197,0.190726989321225
2013,2014,"soy_hay","soy","hay","#4daf4a","#f781bf",6,7,5.5,4.6,6.2,6.8,5.4,4.7,78,0.0755162698835307,2220,2.14930921976203,896,0.867468946354404
2013,2014,"soy_other","soy","other","#4daf4a","#AAAAAA",6,7,5.5,1,6.2,6.8,5,1.5,145,0.140382809398871,2220,2.14930921976203,97455,94.3517702756344
2013,2014,"soy_soy","soy","soy","#4daf4a","#4daf4a",6,7,5.5,5.5,6.2,6.8,5.5,5.5,861,0.833583440637435,2220,2.14930921976203,2328,2.25387020883153
2013,2014,"soy_springWheat","soy","springWheat","#4daf4a","#a65628",6,7,5.5,3.7,6.2,6.8,5.3,3.9,311,0.301096922227924,2220,2.14930921976203,396,0.383390293254848
2013,2014,"springWheat_corn","springWheat","corn","#a65628","#ffd300",6,7,3.7,6.4,6.2,6.8,4,6.1,54,0.052280494534752,302,0.292383506472132,2017,1.95277328660361
2013,2014,"springWheat_dryBeans","springWheat","dryBeans","#a65628","#e41a1c",6,7,3.7,1.9,6.2,6.8,3.5,2.1,11,0.0106497303681902,302,0.292383506472132,197,0.190726989321225
2013,2014,"springWheat_other","springWheat","other","#a65628","#AAAAAA",6,7,3.7,1,6.2,6.8,3.4,1.3,103,0.0997202025385085,302,0.292383506472132,97455,94.3517702756344
2013,2014,"springWheat_soy","springWheat","soy","#a65628","#4daf4a",6,7,3.7,5.5,6.2,6.8,3.9,5.3,134,0.129733079030681,302,0.292383506472132,2328,2.25387020883153
2014,2015,"corn_corn","corn","corn","#ffd300","#ffd300",7,8,6.4,6.4,7.2,7.8,6.4,6.4,829,0.802602406839063,2017,1.95277328660361,2390,2.31389596181588
2014,2015,"corn_dryBeans","corn","dryBeans","#ffd300","#e41a1c",7,8,6.4,1.9,7.2,7.8,5.9,2.4,10,0.00968157306199111,2017,1.95277328660361,51,0.0493760226161547
2014,2015,"corn_hay","corn","hay","#ffd300","#f781bf",7,8,6.4,4.6,7.2,7.8,6.2,4.8,4,0.00387262922479645,2017,1.95277328660361,1287,1.24601845307826
2014,2015,"corn_other","corn","other","#ffd300","#AAAAAA",7,8,6.4,1,7.2,7.8,5.8,1.6,179,0.173300157809641,2017,1.95277328660361,97495,94.3904965678824
2014,2015,"corn_soy","corn","soy","#ffd300","#4daf4a",7,8,6.4,5.5,7.2,7.8,6.3,5.6,980,0.948794160075129,2017,1.95277328660361,1833,1.77463234226297
2014,2015,"corn_springWheat","corn","springWheat","#ffd300","#a65628",7,8,6.4,3.7,7.2,7.8,6.1,4,15,0.0145223595929867,2017,1.95277328660361,233,0.225580652344393
2014,2015,"dryBeans_corn","dryBeans","corn","#e41a1c","#ffd300",7,8,1.9,6.4,7.2,7.8,2.4,5.9,135,0.13070123633688,197,0.190726989321225,2390,2.31389596181588
2014,2015,"dryBeans_dryBeans","dryBeans","dryBeans","#e41a1c","#e41a1c",7,8,1.9,1.9,7.2,7.8,1.9,1.9,2,0.00193631461239822,197,0.190726989321225,51,0.0493760226161547
2014,2015,"dryBeans_other","dryBeans","other","#e41a1c","#AAAAAA",7,8,1.9,1,7.2,7.8,1.8,1.1,57,0.0551849664533493,197,0.190726989321225,97495,94.3904965678824
2014,2015,"dryBeans_springWheat","dryBeans","springWheat","#e41a1c","#a65628",7,8,1.9,3.7,7.2,7.8,2.1,3.5,3,0.00290447191859733,197,0.190726989321225,233,0.225580652344393
2014,2015,"hay_corn","hay","corn","#f781bf","#ffd300",7,8,4.6,6.4,7.2,7.8,4.8,6.2,26,0.0251720899611769,1403,1.35832470059735,2390,2.31389596181588
2014,2015,"hay_dryBeans","hay","dryBeans","#f781bf","#e41a1c",7,8,4.6,1.9,7.2,7.8,4.3,2.2,2,0.00193631461239822,1403,1.35832470059735,51,0.0493760226161547
2014,2015,"hay_hay","hay","hay","#f781bf","#f781bf",7,8,4.6,4.6,7.2,7.8,4.6,4.6,1243,1.2034195316055,1403,1.35832470059735,1287,1.24601845307826
2014,2015,"hay_other","hay","other","#f781bf","#AAAAAA",7,8,4.6,1,7.2,7.8,4.2,1.4,16,0.0154905168991858,1403,1.35832470059735,97495,94.3904965678824
2014,2015,"hay_soy","hay","soy","#f781bf","#4daf4a",7,8,4.6,5.5,7.2,7.8,4.7,5.4,116,0.112306247519097,1403,1.35832470059735,1833,1.77463234226297
2014,2015,"other_corn","other","corn","#AAAAAA","#ffd300",7,8,1,6.4,7.2,7.8,1.6,5.8,94,0.0910067867827165,96948,93.8609145213914,2390,2.31389596181588
2014,2015,"other_dryBeans","other","dryBeans","#AAAAAA","#e41a1c",7,8,1,1.9,7.2,7.8,1.1,1.8,2,0.00193631461239822,96948,93.8609145213914,51,0.0493760226161547
2014,2015,"other_hay","other","hay","#AAAAAA","#f781bf",7,8,1,4.6,7.2,7.8,1.4,4.2,20,0.0193631461239822,96948,93.8609145213914,1287,1.24601845307826
2014,2015,"other_other","other","other","#AAAAAA","#AAAAAA",7,8,1,1,7.2,7.8,1,1,96779,93.6972959366438,96948,93.8609145213914,97495,94.3904965678824
2014,2015,"other_soy","other","soy","#AAAAAA","#4daf4a",7,8,1,5.5,7.2,7.8,1.5,5,49,0.0474397080037565,96948,93.8609145213914,1833,1.77463234226297
2014,2015,"other_springWheat","other","springWheat","#AAAAAA","#a65628",7,8,1,3.7,7.2,7.8,1.3,3.4,4,0.00387262922479645,96948,93.8609145213914,233,0.225580652344393
2014,2015,"soy_corn","soy","corn","#4daf4a","#ffd300",7,8,5.5,6.4,7.2,7.8,5.6,6.3,1279,1.23827319462866,2328,2.25387020883153,2390,2.31389596181588
2014,2015,"soy_dryBeans","soy","dryBeans","#4daf4a","#e41a1c",7,8,5.5,1.9,7.2,7.8,5.1,2.3,17,0.0164586742053849,2328,2.25387020883153,51,0.0493760226161547
2014,2015,"soy_hay","soy","hay","#4daf4a","#f781bf",7,8,5.5,4.6,7.2,7.8,5.4,4.7,11,0.0106497303681902,2328,2.25387020883153,1287,1.24601845307826
2014,2015,"soy_other","soy","other","#4daf4a","#AAAAAA",7,8,5.5,1,7.2,7.8,5,1.5,440,0.425989214727609,2328,2.25387020883153,97495,94.3904965678824
2014,2015,"soy_soy","soy","soy","#4daf4a","#4daf4a",7,8,5.5,5.5,7.2,7.8,5.5,5.5,385,0.372740562886658,2328,2.25387020883153,1833,1.77463234226297
2014,2015,"soy_springWheat","soy","springWheat","#4daf4a","#a65628",7,8,5.5,3.7,7.2,7.8,5.3,3.9,196,0.189758832015026,2328,2.25387020883153,233,0.225580652344393
2014,2015,"springWheat_corn","springWheat","corn","#a65628","#ffd300",7,8,3.7,6.4,7.2,7.8,4,6.1,27,0.026140247267376,396,0.383390293254848,2390,2.31389596181588
2014,2015,"springWheat_dryBeans","springWheat","dryBeans","#a65628","#e41a1c",7,8,3.7,1.9,7.2,7.8,3.5,2.1,18,0.017426831511584,396,0.383390293254848,51,0.0493760226161547
2014,2015,"springWheat_hay","springWheat","hay","#a65628","#f781bf",7,8,3.7,4.6,7.2,7.8,3.8,4.5,9,0.008713415755792,396,0.383390293254848,1287,1.24601845307826
2014,2015,"springWheat_other","springWheat","other","#a65628","#AAAAAA",7,8,3.7,1,7.2,7.8,3.4,1.3,24,0.0232357753487787,396,0.383390293254848,97495,94.3904965678824
2014,2015,"springWheat_soy","springWheat","soy","#a65628","#4daf4a",7,8,3.7,5.5,7.2,7.8,3.9,5.3,303,0.293351663778331,396,0.383390293254848,1833,1.77463234226297
2014,2015,"springWheat_springWheat","springWheat","springWheat","#a65628","#a65628",7,8,3.7,3.7,7.2,7.8,3.7,3.7,15,0.0145223595929867,396,0.383390293254848,233,0.225580652344393
2015,2016,"corn_corn","corn","corn","#ffd300","#ffd300",8,9,6.4,6.4,8.2,8.8,6.4,6.4,684,0.662219597440192,2390,2.31389596181588,1723,1.66813503858107
2015,2016,"corn_dryBeans","corn","dryBeans","#ffd300","#e41a1c",8,9,6.4,1.9,8.2,8.8,5.9,2.4,20,0.0193631461239822,2390,2.31389596181588,43,0.0416307641665618
2015,2016,"corn_hay","corn","hay","#ffd300","#f781bf",8,9,6.4,4.6,8.2,8.8,6.2,4.8,35,0.0338855057169689,2390,2.31389596181588,752,0.728054294261732
2015,2016,"corn_other","corn","other","#ffd300","#AAAAAA",8,9,6.4,1,8.2,8.8,5.8,1.6,121,0.117147034050092,2390,2.31389596181588,98074,94.9510596481716
2015,2016,"corn_soy","corn","soy","#ffd300","#4daf4a",8,9,6.4,5.5,8.2,8.8,6.3,5.6,1512,1.46385384697306,2390,2.31389596181588,2333,2.25871099536253
2015,2016,"corn_springWheat","corn","springWheat","#ffd300","#a65628",8,9,6.4,3.7,8.2,8.8,6.1,4,18,0.017426831511584,2390,2.31389596181588,364,0.352409259456476
2015,2016,"dryBeans_corn","dryBeans","corn","#e41a1c","#ffd300",8,9,1.9,6.4,8.2,8.8,2.4,5.9,2,0.00193631461239822,52,0.0503441799223538,1723,1.66813503858107
2015,2016,"dryBeans_hay","dryBeans","hay","#e41a1c","#f781bf",8,9,1.9,4.6,8.2,8.8,2.2,4.3,4,0.00387262922479645,52,0.0503441799223538,752,0.728054294261732
2015,2016,"dryBeans_other","dryBeans","other","#e41a1c","#AAAAAA",8,9,1.9,1,8.2,8.8,1.8,1.1,24,0.0232357753487787,52,0.0503441799223538,98074,94.9510596481716
2015,2016,"dryBeans_soy","dryBeans","soy","#e41a1c","#4daf4a",8,9,1.9,5.5,8.2,8.8,2.3,5.1,21,0.0203313034301813,52,0.0503441799223538,2333,2.25871099536253
2015,2016,"dryBeans_springWheat","dryBeans","springWheat","#e41a1c","#a65628",8,9,1.9,3.7,8.2,8.8,2.1,3.5,1,0.000968157306199111,52,0.0503441799223538,364,0.352409259456476
2015,2016,"hay_corn","hay","corn","#f781bf","#ffd300",8,9,4.6,6.4,8.2,8.8,4.8,6.2,22,0.0212994607363804,628,0.608002788293042,1723,1.66813503858107
2015,2016,"hay_hay","hay","hay","#f781bf","#f781bf",8,9,4.6,4.6,8.2,8.8,4.6,4.6,569,0.550881507227294,628,0.608002788293042,752,0.728054294261732
2015,2016,"hay_other","hay","other","#f781bf","#AAAAAA",8,9,4.6,1,8.2,8.8,4.2,1.4,22,0.0212994607363804,628,0.608002788293042,98074,94.9510596481716
2015,2016,"hay_soy","hay","soy","#f781bf","#4daf4a",8,9,4.6,5.5,8.2,8.8,4.7,5.4,15,0.0145223595929867,628,0.608002788293042,2333,2.25871099536253
2015,2016,"other_corn","other","corn","#AAAAAA","#ffd300",8,9,1,6.4,8.2,8.8,1.6,5.8,322,0.311746652596114,98153,95.0275440753614,1723,1.66813503858107
2015,2016,"other_dryBeans","other","dryBeans","#AAAAAA","#e41a1c",8,9,1,1.9,8.2,8.8,1.1,1.8,12,0.0116178876743893,98153,95.0275440753614,43,0.0416307641665618
2015,2016,"other_hay","other","hay","#AAAAAA","#f781bf",8,9,1,4.6,8.2,8.8,1.4,4.2,25,0.0242039326549778,98153,95.0275440753614,752,0.728054294261732
2015,2016,"other_other","other","other","#AAAAAA","#AAAAAA",8,9,1,1,8.2,8.8,1,1,97507,94.4021144555567,98153,95.0275440753614,98074,94.9510596481716
2015,2016,"other_soy","other","soy","#AAAAAA","#4daf4a",8,9,1,5.5,8.2,8.8,1.5,5,287,0.277861146879145,98153,95.0275440753614,2333,2.25871099536253
2015,2016,"soy_corn","soy","corn","#4daf4a","#ffd300",8,9,5.5,6.4,8.2,8.8,5.6,6.3,624,0.604130159068245,1833,1.77463234226297,1723,1.66813503858107
2015,2016,"soy_dryBeans","soy","dryBeans","#4daf4a","#e41a1c",8,9,5.5,1.9,8.2,8.8,5.1,2.3,4,0.00387262922479645,1833,1.77463234226297,43,0.0416307641665618
2015,2016,"soy_hay","soy","hay","#4daf4a","#f781bf",8,9,5.5,4.6,8.2,8.8,5.4,4.7,114,0.110369932906699,1833,1.77463234226297,752,0.728054294261732
2015,2016,"soy_other","soy","other","#4daf4a","#AAAAAA",8,9,5.5,1,8.2,8.8,5,1.5,364,0.352409259456476,1833,1.77463234226297,98074,94.9510596481716
2015,2016,"soy_soy","soy","soy","#4daf4a","#4daf4a",8,9,5.5,5.5,8.2,8.8,5.5,5.5,382,0.369836090968061,1833,1.77463234226297,2333,2.25871099536253
2015,2016,"soy_springWheat","soy","springWheat","#4daf4a","#a65628",8,9,5.5,3.7,8.2,8.8,5.3,3.9,345,0.334014270638693,1833,1.77463234226297,364,0.352409259456476
2015,2016,"springWheat_corn","springWheat","corn","#a65628","#ffd300",8,9,3.7,6.4,8.2,8.8,4,6.1,69,0.0668028541277387,233,0.225580652344393,1723,1.66813503858107
2015,2016,"springWheat_dryBeans","springWheat","dryBeans","#a65628","#e41a1c",8,9,3.7,1.9,8.2,8.8,3.5,2.1,7,0.00677710114339378,233,0.225580652344393,43,0.0416307641665618
2015,2016,"springWheat_hay","springWheat","hay","#a65628","#f781bf",8,9,3.7,4.6,8.2,8.8,3.8,4.5,5,0.00484078653099556,233,0.225580652344393,752,0.728054294261732
2015,2016,"springWheat_other","springWheat","other","#a65628","#AAAAAA",8,9,3.7,1,8.2,8.8,3.4,1.3,36,0.034853663023168,233,0.225580652344393,98074,94.9510596481716
2015,2016,"springWheat_soy","springWheat","soy","#a65628","#4daf4a",8,9,3.7,5.5,8.2,8.8,3.9,5.3,116,0.112306247519097,233,0.225580652344393,2333,2.25871099536253
2016,2017,"corn_corn","corn","corn","#ffd300","#ffd300",9,10,6.4,6.4,9.2,9.8,6.4,6.4,382,0.369836090968061,1723,1.66813503858107,2101,2.03409850032433
2016,2017,"corn_dryBeans","corn","dryBeans","#ffd300","#e41a1c",9,10,6.4,1.9,9.2,9.8,5.9,2.4,5,0.00484078653099556,1723,1.66813503858107,5,0.00484078653099556
2016,2017,"corn_hay","corn","hay","#ffd300","#f781bf",9,10,6.4,4.6,9.2,9.8,6.2,4.8,46,0.0445352360851591,1723,1.66813503858107,588,0.569276496045077
2016,2017,"corn_other","corn","other","#ffd300","#AAAAAA",9,10,6.4,1,9.2,9.8,5.8,1.6,115,0.111338090212898,1723,1.66813503858107,97940,94.821326569141
2016,2017,"corn_soy","corn","soy","#ffd300","#4daf4a",9,10,6.4,5.5,9.2,9.8,6.3,5.6,1154,1.11725353135377,1723,1.66813503858107,2618,2.53463582762927
2016,2017,"corn_springWheat","corn","springWheat","#ffd300","#a65628",9,10,6.4,3.7,9.2,9.8,6.1,4,21,0.0203313034301813,1723,1.66813503858107,37,0.0358218203293671
2016,2017,"dryBeans_corn","dryBeans","corn","#e41a1c","#ffd300",9,10,1.9,6.4,9.2,9.8,2.4,5.9,6,0.00580894383719467,43,0.0416307641665618,2101,2.03409850032433
2016,2017,"dryBeans_hay","dryBeans","hay","#e41a1c","#f781bf",9,10,1.9,4.6,9.2,9.8,2.2,4.3,1,0.000968157306199111,43,0.0416307641665618,588,0.569276496045077
2016,2017,"dryBeans_other","dryBeans","other","#e41a1c","#AAAAAA",9,10,1.9,1,9.2,9.8,1.8,1.1,8,0.00774525844959289,43,0.0416307641665618,97940,94.821326569141
2016,2017,"dryBeans_soy","dryBeans","soy","#e41a1c","#4daf4a",9,10,1.9,5.5,9.2,9.8,2.3,5.1,26,0.0251720899611769,43,0.0416307641665618,2618,2.53463582762927
2016,2017,"dryBeans_springWheat","dryBeans","springWheat","#e41a1c","#a65628",9,10,1.9,3.7,9.2,9.8,2.1,3.5,2,0.00193631461239822,43,0.0416307641665618,37,0.0358218203293671
2016,2017,"hay_corn","hay","corn","#f781bf","#ffd300",9,10,4.6,6.4,9.2,9.8,4.8,6.2,47,0.0455033933913582,649,0.628334091723223,2101,2.03409850032433
2016,2017,"hay_hay","hay","hay","#f781bf","#f781bf",9,10,4.6,4.6,9.2,9.8,4.6,4.6,470,0.455033933913582,649,0.628334091723223,588,0.569276496045077
2016,2017,"hay_other","hay","other","#f781bf","#AAAAAA",9,10,4.6,1,9.2,9.8,4.2,1.4,12,0.0116178876743893,649,0.628334091723223,97940,94.821326569141
2016,2017,"hay_soy","hay","soy","#f781bf","#4daf4a",9,10,4.6,5.5,9.2,9.8,4.7,5.4,116,0.112306247519097,649,0.628334091723223,2618,2.53463582762927
2016,2017,"hay_springWheat","hay","springWheat","#f781bf","#a65628",9,10,4.6,3.7,9.2,9.8,4.5,3.8,4,0.00387262922479645,649,0.628334091723223,37,0.0358218203293671
2016,2017,"other_corn","other","corn","#AAAAAA","#ffd300",9,10,1,6.4,9.2,9.8,1.6,5.8,198,0.191695146627424,98177,95.0507798507101,2101,2.03409850032433
2016,2017,"other_hay","other","hay","#AAAAAA","#f781bf",9,10,1,4.6,9.2,9.8,1.4,4.2,17,0.0164586742053849,98177,95.0507798507101,588,0.569276496045077
2016,2017,"other_other","other","other","#AAAAAA","#AAAAAA",9,10,1,1,9.2,9.8,1,1,97489,94.3846876240451,98177,95.0507798507101,97940,94.821326569141
2016,2017,"other_soy","other","soy","#AAAAAA","#4daf4a",9,10,1,5.5,9.2,9.8,1.5,5,471,0.456002091219781,98177,95.0507798507101,2618,2.53463582762927
2016,2017,"other_springWheat","other","springWheat","#AAAAAA","#a65628",9,10,1,3.7,9.2,9.8,1.3,3.4,2,0.00193631461239822,98177,95.0507798507101,37,0.0358218203293671
2016,2017,"soy_corn","soy","corn","#4daf4a","#ffd300",9,10,5.5,6.4,9.2,9.8,5.6,6.3,1401,1.35638838598495,2333,2.25871099536253,2101,2.03409850032433
2016,2017,"soy_hay","soy","hay","#4daf4a","#f781bf",9,10,5.5,4.6,9.2,9.8,5.4,4.7,54,0.052280494534752,2333,2.25871099536253,588,0.569276496045077
2016,2017,"soy_other","soy","other","#4daf4a","#AAAAAA",9,10,5.5,1,9.2,9.8,5,1.5,316,0.305937708758919,2333,2.25871099536253,97940,94.821326569141
2016,2017,"soy_soy","soy","soy","#4daf4a","#4daf4a",9,10,5.5,5.5,9.2,9.8,5.5,5.5,554,0.536359147634308,2333,2.25871099536253,2618,2.53463582762927
2016,2017,"soy_springWheat","soy","springWheat","#4daf4a","#a65628",9,10,5.5,3.7,9.2,9.8,5.3,3.9,8,0.00774525844959289,2333,2.25871099536253,37,0.0358218203293671
2016,2017,"springWheat_corn","springWheat","corn","#a65628","#ffd300",9,10,3.7,6.4,9.2,9.8,4,6.1,67,0.0648665395153405,364,0.352409259456476,2101,2.03409850032433
2016,2017,"springWheat_soy","springWheat","soy","#a65628","#4daf4a",9,10,3.7,5.5,9.2,9.8,3.9,5.3,297,0.287542719941136,364,0.352409259456476,2618,2.53463582762927
2017,2018,"corn_corn","corn","corn","#ffd300","#ffd300",10,11,6.4,6.4,10.2,10.8,6.4,6.4,562,0.5441044060839,2101,2.03409850032433,1907,1.84627598292171
2017,2018,"corn_dryBeans","corn","dryBeans","#ffd300","#e41a1c",10,11,6.4,1.9,10.2,10.8,5.9,2.4,229,0.221708023119596,2101,2.03409850032433,403,0.390167394398242
2017,2018,"corn_hay","corn","hay","#ffd300","#f781bf",10,11,6.4,4.6,10.2,10.8,6.2,4.8,30,0.0290447191859733,2101,2.03409850032433,946,0.915876811664359
2017,2018,"corn_other","corn","other","#ffd300","#AAAAAA",10,11,6.4,1,10.2,10.8,5.8,1.6,136,0.131669393643079,2101,2.03409850032433,97806,94.6915934901103
2017,2018,"corn_soy","corn","soy","#ffd300","#4daf4a",10,11,6.4,5.5,10.2,10.8,6.3,5.6,1069,1.03496016032685,2101,2.03409850032433,1781,1.72428816234062
2017,2018,"corn_springWheat","corn","springWheat","#ffd300","#a65628",10,11,6.4,3.7,10.2,10.8,6.1,4,75,0.0726117979649333,2101,2.03409850032433,446,0.431798158564804
2017,2018,"dryBeans_other","dryBeans","other","#e41a1c","#AAAAAA",10,11,1.9,1,10.2,10.8,1.8,1.1,3,0.00290447191859733,5,0.00484078653099556,97806,94.6915934901103
2017,2018,"dryBeans_soy","dryBeans","soy","#e41a1c","#4daf4a",10,11,1.9,5.5,10.2,10.8,2.3,5.1,2,0.00193631461239822,5,0.00484078653099556,1781,1.72428816234062
2017,2018,"hay_corn","hay","corn","#f781bf","#ffd300",10,11,4.6,6.4,10.2,10.8,4.8,6.2,21,0.0203313034301813,879,0.851010272149019,1907,1.84627598292171
2017,2018,"hay_dryBeans","hay","dryBeans","#f781bf","#e41a1c",10,11,4.6,1.9,10.2,10.8,4.3,2.2,2,0.00193631461239822,879,0.851010272149019,403,0.390167394398242
2017,2018,"hay_hay","hay","hay","#f781bf","#f781bf",10,11,4.6,4.6,10.2,10.8,4.6,4.6,827,0.800666092226665,879,0.851010272149019,946,0.915876811664359
2017,2018,"hay_other","hay","other","#f781bf","#AAAAAA",10,11,4.6,1,10.2,10.8,4.2,1.4,12,0.0116178876743893,879,0.851010272149019,97806,94.6915934901103
2017,2018,"hay_soy","hay","soy","#f781bf","#4daf4a",10,11,4.6,5.5,10.2,10.8,4.7,5.4,17,0.0164586742053849,879,0.851010272149019,1781,1.72428816234062
2017,2018,"other_corn","other","corn","#AAAAAA","#ffd300",10,11,1,6.4,10.2,10.8,1.6,5.8,70,0.0677710114339378,97649,94.539592793037,1907,1.84627598292171
2017,2018,"other_dryBeans","other","dryBeans","#AAAAAA","#e41a1c",10,11,1,1.9,10.2,10.8,1.1,1.8,20,0.0193631461239822,97649,94.539592793037,403,0.390167394398242
2017,2018,"other_hay","other","hay","#AAAAAA","#f781bf",10,11,1,4.6,10.2,10.8,1.4,4.2,30,0.0290447191859733,97649,94.539592793037,946,0.915876811664359
2017,2018,"other_other","other","other","#AAAAAA","#AAAAAA",10,11,1,1,10.2,10.8,1,1,97429,94.3265981856732,97649,94.539592793037,97806,94.6915934901103
2017,2018,"other_soy","other","soy","#AAAAAA","#4daf4a",10,11,1,5.5,10.2,10.8,1.5,5,94,0.0910067867827165,97649,94.539592793037,1781,1.72428816234062
2017,2018,"other_springWheat","other","springWheat","#AAAAAA","#a65628",10,11,1,3.7,10.2,10.8,1.3,3.4,6,0.00580894383719467,97649,94.539592793037,446,0.431798158564804
2017,2018,"soy_corn","soy","corn","#4daf4a","#ffd300",10,11,5.5,6.4,10.2,10.8,5.6,6.3,1252,1.21213294736129,2618,2.53463582762927,1907,1.84627598292171
2017,2018,"soy_dryBeans","soy","dryBeans","#4daf4a","#e41a1c",10,11,5.5,1.9,10.2,10.8,5.1,2.3,152,0.147159910542265,2618,2.53463582762927,403,0.390167394398242
2017,2018,"soy_hay","soy","hay","#4daf4a","#f781bf",10,11,5.5,4.6,10.2,10.8,5.4,4.7,47,0.0455033933913582,2618,2.53463582762927,946,0.915876811664359
2017,2018,"soy_other","soy","other","#4daf4a","#AAAAAA",10,11,5.5,1,10.2,10.8,5,1.5,210,0.203313034301813,2618,2.53463582762927,97806,94.6915934901103
2017,2018,"soy_soy","soy","soy","#4daf4a","#4daf4a",10,11,5.5,5.5,10.2,10.8,5.5,5.5,595,0.576053597188471,2618,2.53463582762927,1781,1.72428816234062
2017,2018,"soy_springWheat","soy","springWheat","#4daf4a","#a65628",10,11,5.5,3.7,10.2,10.8,5.3,3.9,362,0.350472944844078,2618,2.53463582762927,446,0.431798158564804
2017,2018,"springWheat_corn","springWheat","corn","#a65628","#ffd300",10,11,3.7,6.4,10.2,10.8,4,6.1,2,0.00193631461239822,37,0.0358218203293671,1907,1.84627598292171
2017,2018,"springWheat_hay","springWheat","hay","#a65628","#f781bf",10,11,3.7,4.6,10.2,10.8,3.8,4.5,12,0.0116178876743893,37,0.0358218203293671,946,0.915876811664359
2017,2018,"springWheat_other","springWheat","other","#a65628","#AAAAAA",10,11,3.7,1,10.2,10.8,3.4,1.3,16,0.0154905168991858,37,0.0358218203293671,97806,94.6915934901103
2017,2018,"springWheat_soy","springWheat","soy","#a65628","#4daf4a",10,11,3.7,5.5,10.2,10.8,3.9,5.3,4,0.00387262922479645,37,0.0358218203293671,1781,1.72428816234062
2017,2018,"springWheat_springWheat","springWheat","springWheat","#a65628","#a65628",10,11,3.7,3.7,10.2,10.8,3.7,3.7,3,0.00290447191859733,37,0.0358218203293671,446,0.431798158564804
2018,2019,"corn_corn","corn","corn","#ffd300","#ffd300",11,12,6.4,6.4,11.2,11.8,6.4,6.4,488,0.472460765425166,1907,1.84627598292171,2001,1.93728276970442
2018,2019,"corn_dryBeans","corn","dryBeans","#ffd300","#e41a1c",11,12,6.4,1.9,11.2,11.8,5.9,2.4,116,0.112306247519097,1907,1.84627598292171,118,0.114242562131495
2018,2019,"corn_hay","corn","hay","#ffd300","#f781bf",11,12,6.4,4.6,11.2,11.8,6.2,4.8,23,0.0222676180425796,1907,1.84627598292171,970,0.939112587013138
2018,2019,"corn_other","corn","other","#ffd300","#AAAAAA",11,12,6.4,1,11.2,11.8,5.8,1.6,252,0.243975641162176,1907,1.84627598292171,98272,95.1427547947991
2018,2019,"corn_soy","corn","soy","#ffd300","#4daf4a",11,12,6.4,5.5,11.2,11.8,6.3,5.6,1017,0.984615980404496,1907,1.84627598292171,1835,1.77656865687537
2018,2019,"corn_springWheat","corn","springWheat","#ffd300","#a65628",11,12,6.4,3.7,11.2,11.8,6.1,4,11,0.0106497303681902,1907,1.84627598292171,91,0.0881023148641191
2018,2019,"dryBeans_corn","dryBeans","corn","#e41a1c","#ffd300",11,12,1.9,6.4,11.2,11.8,2.4,5.9,156,0.151032539767061,403,0.390167394398242,2001,1.93728276970442
2018,2019,"dryBeans_hay","dryBeans","hay","#e41a1c","#f781bf",11,12,1.9,4.6,11.2,11.8,2.2,4.3,2,0.00193631461239822,403,0.390167394398242,970,0.939112587013138
2018,2019,"dryBeans_other","dryBeans","other","#e41a1c","#AAAAAA",11,12,1.9,1,11.2,11.8,1.8,1.1,25,0.0242039326549778,403,0.390167394398242,98272,95.1427547947991
2018,2019,"dryBeans_soy","dryBeans","soy","#e41a1c","#4daf4a",11,12,1.9,5.5,11.2,11.8,2.3,5.1,217,0.210090135445207,403,0.390167394398242,1835,1.77656865687537
2018,2019,"dryBeans_springWheat","dryBeans","springWheat","#e41a1c","#a65628",11,12,1.9,3.7,11.2,11.8,2.1,3.5,3,0.00290447191859733,403,0.390167394398242,91,0.0881023148641191
2018,2019,"hay_corn","hay","corn","#f781bf","#ffd300",11,12,4.6,6.4,11.2,11.8,4.8,6.2,53,0.0513123372285529,1063,1.02915121648966,2001,1.93728276970442
2018,2019,"hay_hay","hay","hay","#f781bf","#f781bf",11,12,4.6,4.6,11.2,11.8,4.6,4.6,749,0.725149822343134,1063,1.02915121648966,970,0.939112587013138
2018,2019,"hay_other","hay","other","#f781bf","#AAAAAA",11,12,4.6,1,11.2,11.8,4.2,1.4,161,0.155873326298057,1063,1.02915121648966,98272,95.1427547947991
2018,2019,"hay_soy","hay","soy","#f781bf","#4daf4a",11,12,4.6,5.5,11.2,11.8,4.7,5.4,87,0.0842296856393227,1063,1.02915121648966,1835,1.77656865687537
2018,2019,"hay_springWheat","hay","springWheat","#f781bf","#a65628",11,12,4.6,3.7,11.2,11.8,4.5,3.8,13,0.0125860449805884,1063,1.02915121648966,91,0.0881023148641191
2018,2019,"other_corn","other","corn","#AAAAAA","#ffd300",11,12,1,6.4,11.2,11.8,1.6,5.8,154,0.149096225154663,97689,94.578319085285,2001,1.93728276970442
2018,2019,"other_dryBeans","other","dryBeans","#AAAAAA","#e41a1c",11,12,1,1.9,11.2,11.8,1.1,1.8,2,0.00193631461239822,97689,94.578319085285,118,0.114242562131495
2018,2019,"other_hay","other","hay","#AAAAAA","#f781bf",11,12,1,4.6,11.2,11.8,1.4,4.2,113,0.1094017756005,97689,94.578319085285,970,0.939112587013138
2018,2019,"other_other","other","other","#AAAAAA","#AAAAAA",11,12,1,1,11.2,11.8,1,1,97198,94.1029538479412,97689,94.578319085285,98272,95.1427547947991
2018,2019,"other_soy","other","soy","#AAAAAA","#4daf4a",11,12,1,5.5,11.2,11.8,1.5,5,210,0.203313034301813,97689,94.578319085285,1835,1.77656865687537
2018,2019,"other_springWheat","other","springWheat","#AAAAAA","#a65628",11,12,1,3.7,11.2,11.8,1.3,3.4,10,0.00968157306199111,97689,94.578319085285,91,0.0881023148641191
2018,2019,"other_sugarbeets","other","sugarbeets","#AAAAAA","#377eb8",11,12,1,2.8,11.2,11.8,1.2,2.6,2,0.00193631461239822,97689,94.578319085285,2,0.00193631461239822
2018,2019,"soy_corn","soy","corn","#4daf4a","#ffd300",11,12,5.5,6.4,11.2,11.8,5.6,6.3,1016,0.983647823098297,1781,1.72428816234062,2001,1.93728276970442
2018,2019,"soy_hay","soy","hay","#4daf4a","#f781bf",11,12,5.5,4.6,11.2,11.8,5.4,4.7,49,0.0474397080037565,1781,1.72428816234062,970,0.939112587013138
2018,2019,"soy_other","soy","other","#4daf4a","#AAAAAA",11,12,5.5,1,11.2,11.8,5,1.5,376,0.364027147130866,1781,1.72428816234062,98272,95.1427547947991
2018,2019,"soy_soy","soy","soy","#4daf4a","#4daf4a",11,12,5.5,5.5,11.2,11.8,5.5,5.5,286,0.276892989572946,1781,1.72428816234062,1835,1.77656865687537
2018,2019,"soy_springWheat","soy","springWheat","#4daf4a","#a65628",11,12,5.5,3.7,11.2,11.8,5.3,3.9,54,0.052280494534752,1781,1.72428816234062,91,0.0881023148641191
2018,2019,"springWheat_corn","springWheat","corn","#a65628","#ffd300",11,12,3.7,6.4,11.2,11.8,4,6.1,134,0.129733079030681,446,0.431798158564804,2001,1.93728276970442
2018,2019,"springWheat_hay","springWheat","hay","#a65628","#f781bf",11,12,3.7,4.6,11.2,11.8,3.8,4.5,34,0.0329173484107698,446,0.431798158564804,970,0.939112587013138
2018,2019,"springWheat_other","springWheat","other","#a65628","#AAAAAA",11,12,3.7,1,11.2,11.8,3.4,1.3,260,0.251720899611769,446,0.431798158564804,98272,95.1427547947991
2018,2019,"springWheat_soy","springWheat","soy","#a65628","#4daf4a",11,12,3.7,5.5,11.2,11.8,3.9,5.3,18,0.017426831511584,446,0.431798158564804,1835,1.77656865687537
2019,2020,"corn_corn","corn","corn","#ffd300","#ffd300",12,13,6.4,6.4,12.2,12.8,6.4,6.4,438,0.424052900115211,2001,1.93728276970442,2238,2.16673605127361
2019,2020,"corn_dryBeans","corn","dryBeans","#ffd300","#e41a1c",12,13,6.4,1.9,12.2,12.8,5.9,2.4,8,0.00774525844959289,2001,1.93728276970442,22,0.0212994607363804
2019,2020,"corn_hay","corn","hay","#ffd300","#f781bf",12,13,6.4,4.6,12.2,12.8,6.2,4.8,21,0.0203313034301813,2001,1.93728276970442,733,0.709659305443949
2019,2020,"corn_other","corn","other","#ffd300","#AAAAAA",12,13,6.4,1,12.2,12.8,5.8,1.6,132,0.127796764418283,2001,1.93728276970442,97564,94.4572994220101
2019,2020,"corn_soy","corn","soy","#ffd300","#4daf4a",12,13,6.4,5.5,12.2,12.8,6.3,5.6,1381,1.33702523986097,2001,1.93728276970442,2336,2.26161546728112
2019,2020,"corn_springWheat","corn","springWheat","#ffd300","#a65628",12,13,6.4,3.7,12.2,12.8,6.1,4,21,0.0203313034301813,2001,1.93728276970442,395,0.382422135948649
2019,2020,"dryBeans_corn","dryBeans","corn","#e41a1c","#ffd300",12,13,1.9,6.4,12.2,12.8,2.4,5.9,113,0.1094017756005,118,0.114242562131495,2238,2.16673605127361
2019,2020,"dryBeans_hay","dryBeans","hay","#e41a1c","#f781bf",12,13,1.9,4.6,12.2,12.8,2.2,4.3,2,0.00193631461239822,118,0.114242562131495,733,0.709659305443949
2019,2020,"dryBeans_soy","dryBeans","soy","#e41a1c","#4daf4a",12,13,1.9,5.5,12.2,12.8,2.3,5.1,2,0.00193631461239822,118,0.114242562131495,2336,2.26161546728112
2019,2020,"dryBeans_springWheat","dryBeans","springWheat","#e41a1c","#a65628",12,13,1.9,3.7,12.2,12.8,2.1,3.5,1,0.000968157306199111,118,0.114242562131495,395,0.382422135948649
2019,2020,"hay_corn","hay","corn","#f781bf","#ffd300",12,13,4.6,6.4,12.2,12.8,4.8,6.2,95,0.0919749440889156,896,0.867468946354404,2238,2.16673605127361
2019,2020,"hay_dryBeans","hay","dryBeans","#f781bf","#e41a1c",12,13,4.6,1.9,12.2,12.8,4.3,2.2,1,0.000968157306199111,896,0.867468946354404,22,0.0212994607363804
2019,2020,"hay_hay","hay","hay","#f781bf","#f781bf",12,13,4.6,4.6,12.2,12.8,4.6,4.6,617,0.597353057924852,896,0.867468946354404,733,0.709659305443949
2019,2020,"hay_other","hay","other","#f781bf","#AAAAAA",12,13,4.6,1,12.2,12.8,4.2,1.4,103,0.0997202025385085,896,0.867468946354404,97564,94.4572994220101
2019,2020,"hay_soy","hay","soy","#f781bf","#4daf4a",12,13,4.6,5.5,12.2,12.8,4.7,5.4,79,0.0764844271897298,896,0.867468946354404,2336,2.26161546728112
2019,2020,"hay_springWheat","hay","springWheat","#f781bf","#a65628",12,13,4.6,3.7,12.2,12.8,4.5,3.8,1,0.000968157306199111,896,0.867468946354404,395,0.382422135948649
2019,2020,"other_corn","other","corn","#AAAAAA","#ffd300",12,13,1,6.4,12.2,12.8,1.6,5.8,719,0.696105103157161,98346,95.2143984354578,2238,2.16673605127361
2019,2020,"other_dryBeans","other","dryBeans","#AAAAAA","#e41a1c",12,13,1,1.9,12.2,12.8,1.1,1.8,4,0.00387262922479645,98346,95.2143984354578,22,0.0212994607363804
2019,2020,"other_hay","other","hay","#AAAAAA","#f781bf",12,13,1,4.6,12.2,12.8,1.4,4.2,63,0.060993910290544,98346,95.2143984354578,733,0.709659305443949
2019,2020,"other_other","other","other","#AAAAAA","#AAAAAA",12,13,1,1,12.2,12.8,1,1,97227,94.131030409821,98346,95.2143984354578,97564,94.4572994220101
2019,2020,"other_soy","other","soy","#AAAAAA","#4daf4a",12,13,1,5.5,12.2,12.8,1.5,5,331,0.320460068351906,98346,95.2143984354578,2336,2.26161546728112
2019,2020,"other_springWheat","other","springWheat","#AAAAAA","#a65628",12,13,1,3.7,12.2,12.8,1.3,3.4,2,0.00193631461239822,98346,95.2143984354578,395,0.382422135948649
2019,2020,"soy_corn","soy","corn","#4daf4a","#ffd300",12,13,5.5,6.4,12.2,12.8,5.6,6.3,806,0.780334788796484,1835,1.77656865687537,2238,2.16673605127361
2019,2020,"soy_dryBeans","soy","dryBeans","#4daf4a","#e41a1c",12,13,5.5,1.9,12.2,12.8,5.1,2.3,7,0.00677710114339378,1835,1.77656865687537,22,0.0212994607363804
2019,2020,"soy_hay","soy","hay","#4daf4a","#f781bf",12,13,5.5,4.6,12.2,12.8,5.4,4.7,30,0.0290447191859733,1835,1.77656865687537,733,0.709659305443949
2019,2020,"soy_other","soy","other","#4daf4a","#AAAAAA",12,13,5.5,1,12.2,12.8,5,1.5,97,0.0939112587013138,1835,1.77656865687537,97564,94.4572994220101
2019,2020,"soy_soy","soy","soy","#4daf4a","#4daf4a",12,13,5.5,5.5,12.2,12.8,5.5,5.5,524,0.507314428448334,1835,1.77656865687537,2336,2.26161546728112
2019,2020,"soy_springWheat","soy","springWheat","#4daf4a","#a65628",12,13,5.5,3.7,12.2,12.8,5.3,3.9,370,0.358218203293671,1835,1.77656865687537,395,0.382422135948649
2019,2020,"soy_sugarbeets","soy","sugarbeets","#4daf4a","#377eb8",12,13,5.5,2.8,12.2,12.8,5.2,3.1,1,0.000968157306199111,1835,1.77656865687537,1,0.000968157306199111
2019,2020,"springWheat_corn","springWheat","corn","#a65628","#ffd300",12,13,3.7,6.4,12.2,12.8,4,6.1,67,0.0648665395153405,91,0.0881023148641191,2238,2.16673605127361
2019,2020,"springWheat_other","springWheat","other","#a65628","#AAAAAA",12,13,3.7,1,12.2,12.8,3.4,1.3,5,0.00484078653099556,91,0.0881023148641191,97564,94.4572994220101
2019,2020,"springWheat_soy","springWheat","soy","#a65628","#4daf4a",12,13,3.7,5.5,12.2,12.8,3.9,5.3,19,0.0183949888177831,91,0.0881023148641191,2336,2.26161546728112
2019,2020,"sugarbeets_dryBeans","sugarbeets","dryBeans","#377eb8","#e41a1c",12,13,2.8,1.9,12.2,12.8,2.7,2,2,0.00193631461239822,2,0.00193631461239822,22,0.0212994607363804
2020,2021,"corn_corn","corn","corn","#ffd300","#ffd300",13,14,6.4,6.4,13.2,13.8,6.4,6.4,269,0.260434315367561,2238,2.16673605127361,2478,2.3990938047614
2020,2021,"corn_dryBeans","corn","dryBeans","#ffd300","#e41a1c",13,14,6.4,1.9,13.2,13.8,5.9,2.4,3,0.00290447191859733,2238,2.16673605127361,4,0.00387262922479645
2020,2021,"corn_hay","corn","hay","#ffd300","#f781bf",13,14,6.4,4.6,13.2,13.8,6.2,4.8,19,0.0183949888177831,2238,2.16673605127361,641,0.62058883327363
2020,2021,"corn_other","corn","other","#ffd300","#AAAAAA",13,14,6.4,1,13.2,13.8,5.8,1.6,28,0.0271084045735751,2238,2.16673605127361,97915,94.797122636486
2020,2021,"corn_soy","corn","soy","#ffd300","#4daf4a",13,14,6.4,5.5,13.2,13.8,6.3,5.6,1905,1.84433966830931,2238,2.16673605127361,2205,2.13478686016904
2020,2021,"corn_springWheat","corn","springWheat","#ffd300","#a65628",13,14,6.4,3.7,13.2,13.8,6.1,4,14,0.0135542022867876,2238,2.16673605127361,46,0.0445352360851591
2020,2021,"dryBeans_corn","dryBeans","corn","#e41a1c","#ffd300",13,14,1.9,6.4,13.2,13.8,2.4,5.9,17,0.0164586742053849,22,0.0212994607363804,2478,2.3990938047614
2020,2021,"dryBeans_other","dryBeans","other","#e41a1c","#AAAAAA",13,14,1.9,1,13.2,13.8,1.8,1.1,4,0.00387262922479645,22,0.0212994607363804,97915,94.797122636486
2020,2021,"dryBeans_soy","dryBeans","soy","#e41a1c","#4daf4a",13,14,1.9,5.5,13.2,13.8,2.3,5.1,1,0.000968157306199111,22,0.0212994607363804,2205,2.13478686016904
2020,2021,"hay_corn","hay","corn","#f781bf","#ffd300",13,14,4.6,6.4,13.2,13.8,4.8,6.2,80,0.0774525844959289,627,0.607034630986843,2478,2.3990938047614
2020,2021,"hay_hay","hay","hay","#f781bf","#f781bf",13,14,4.6,4.6,13.2,13.8,4.6,4.6,481,0.465683664281773,627,0.607034630986843,641,0.62058883327363
2020,2021,"hay_other","hay","other","#f781bf","#AAAAAA",13,14,4.6,1,13.2,13.8,4.2,1.4,60,0.0580894383719467,627,0.607034630986843,97915,94.797122636486
2020,2021,"hay_soy","hay","soy","#f781bf","#4daf4a",13,14,4.6,5.5,13.2,13.8,4.7,5.4,6,0.00580894383719467,627,0.607034630986843,2205,2.13478686016904
2020,2021,"other_corn","other","corn","#AAAAAA","#ffd300",13,14,1,6.4,13.2,13.8,1.6,5.8,93,0.0900386294765173,97670,94.5599240964672,2478,2.3990938047614
2020,2021,"other_dryBeans","other","dryBeans","#AAAAAA","#e41a1c",13,14,1,1.9,13.2,13.8,1.1,1.8,1,0.000968157306199111,97670,94.5599240964672,4,0.00387262922479645
2020,2021,"other_hay","other","hay","#AAAAAA","#f781bf",13,14,1,4.6,13.2,13.8,1.4,4.2,16,0.0154905168991858,97670,94.5599240964672,641,0.62058883327363
2020,2021,"other_other","other","other","#AAAAAA","#AAAAAA",13,14,1,1,13.2,13.8,1,1,97457,94.3537065902468,97670,94.5599240964672,97915,94.797122636486
2020,2021,"other_soy","other","soy","#AAAAAA","#4daf4a",13,14,1,5.5,13.2,13.8,1.5,5,102,0.0987520452323093,97670,94.5599240964672,2205,2.13478686016904
2020,2021,"other_springWheat","other","springWheat","#AAAAAA","#a65628",13,14,1,3.7,13.2,13.8,1.3,3.4,1,0.000968157306199111,97670,94.5599240964672,46,0.0445352360851591
2020,2021,"soy_corn","soy","corn","#4daf4a","#ffd300",13,14,5.5,6.4,13.2,13.8,5.6,6.3,2016,1.95180512929741,2336,2.26161546728112,2478,2.3990938047614
2020,2021,"soy_hay","soy","hay","#4daf4a","#f781bf",13,14,5.5,4.6,13.2,13.8,5.4,4.7,96,0.0929431013951147,2336,2.26161546728112,641,0.62058883327363
2020,2021,"soy_other","soy","other","#4daf4a","#AAAAAA",13,14,5.5,1,13.2,13.8,5,1.5,56,0.0542168091471502,2336,2.26161546728112,97915,94.797122636486
2020,2021,"soy_soy","soy","soy","#4daf4a","#4daf4a",13,14,5.5,5.5,13.2,13.8,5.5,5.5,137,0.132637550949278,2336,2.26161546728112,2205,2.13478686016904
2020,2021,"soy_springWheat","soy","springWheat","#4daf4a","#a65628",13,14,5.5,3.7,13.2,13.8,5.3,3.9,31,0.0300128764921724,2336,2.26161546728112,46,0.0445352360851591
2020,2021,"springWheat_corn","springWheat","corn","#a65628","#ffd300",13,14,3.7,6.4,13.2,13.8,4,6.1,3,0.00290447191859733,395,0.382422135948649,2478,2.3990938047614
2020,2021,"springWheat_hay","springWheat","hay","#a65628","#f781bf",13,14,3.7,4.6,13.2,13.8,3.8,4.5,29,0.0280765618797742,395,0.382422135948649,641,0.62058883327363
2020,2021,"springWheat_other","springWheat","other","#a65628","#AAAAAA",13,14,3.7,1,13.2,13.8,3.4,1.3,310,0.300128764921724,395,0.382422135948649,97915,94.797122636486
2020,2021,"springWheat_soy","springWheat","soy","#a65628","#4daf4a",13,14,3.7,5.5,13.2,13.8,3.9,5.3,53,0.0513123372285529,395,0.382422135948649,2205,2.13478686016904
2020,2021,"sugarbeets_soy","sugarbeets","soy","#377eb8","#4daf4a",13,14,2.8,5.5,13.2,13.8,3.1,5.2,1,0.000968157306199111,1,0.000968157306199111,2205,2.13478686016904
