"yearFrom","yearTo","cropRotate","cropFrom","cropTo","plottingColorFrom","plottingColorTo","plotXAxisFrom","plotXAxisTo","plotYAxisFrom","plotYAxisTo","xEndFrom","xEndTo","yEndFrom_streamlined","yEndTo_streamlined","totalNumPixels_cropTransition","totalPercPixelsWiArea_cropTransition","totalNumPixels_cropYearFrom","totalPercPixelsWiArea_cropYearFrom","totalNumPixels_cropYearTo","totalPercPixelsWiArea_cropYearTo"
2008,2009,"corn_corn","corn","corn","#ffd300","#ffd300",1,2,6.4,6.4,1.2,1.8,6.4,6.4,26,0.953428676200954,519,19.031903190319,1422,52.1452145214521
2008,2009,"corn_dryBeans","corn","dryBeans","#ffd300","#e41a1c",1,2,6.4,1.9,1.2,1.8,5.9,2.4,1,0.0366703337000367,519,19.031903190319,5,0.183351668500183
2008,2009,"corn_other","corn","other","#ffd300","#AAAAAA",1,2,6.4,1,1.2,1.8,5.8,1.6,444,16.2816281628163,519,19.031903190319,929,34.0667400073341
2008,2009,"corn_soy","corn","soy","#ffd300","#4daf4a",1,2,6.4,5.5,1.2,1.8,6.3,5.6,48,1.76017601760176,519,19.031903190319,365,13.3846718005134
2008,2009,"dryBeans_corn","dryBeans","corn","#e41a1c","#ffd300",1,2,1.9,6.4,1.2,1.8,2.4,5.9,13,0.476714338100477,13,0.476714338100477,1422,52.1452145214521
2008,2009,"hay_corn","hay","corn","#f781bf","#ffd300",1,2,4.6,6.4,1.2,1.8,4.8,6.2,3,0.11001100110011,10,0.366703337000367,1422,52.1452145214521
2008,2009,"hay_other","hay","other","#f781bf","#AAAAAA",1,2,4.6,1,1.2,1.8,4.2,1.4,6,0.22002200220022,10,0.366703337000367,929,34.0667400073341
2008,2009,"hay_soy","hay","soy","#f781bf","#4daf4a",1,2,4.6,5.5,1.2,1.8,4.7,5.4,1,0.0366703337000367,10,0.366703337000367,365,13.3846718005134
2008,2009,"other_corn","other","corn","#AAAAAA","#ffd300",1,2,1,6.4,1.2,1.8,1.6,5.8,42,1.54015401540154,474,17.3817381738174,1422,52.1452145214521
2008,2009,"other_dryBeans","other","dryBeans","#AAAAAA","#e41a1c",1,2,1,1.9,1.2,1.8,1.1,1.8,2,0.0733406674000733,474,17.3817381738174,5,0.183351668500183
2008,2009,"other_hay","other","hay","#AAAAAA","#f781bf",1,2,1,4.6,1.2,1.8,1.4,4.2,2,0.0733406674000733,474,17.3817381738174,2,0.0733406674000733
2008,2009,"other_other","other","other","#AAAAAA","#AAAAAA",1,2,1,1,1.2,1.8,1,1,400,14.6681334800147,474,17.3817381738174,929,34.0667400073341
2008,2009,"other_soy","other","soy","#AAAAAA","#4daf4a",1,2,1,5.5,1.2,1.8,1.5,5,25,0.916758342500917,474,17.3817381738174,365,13.3846718005134
2008,2009,"other_springWheat","other","springWheat","#AAAAAA","#a65628",1,2,1,3.7,1.2,1.8,1.3,3.4,3,0.11001100110011,474,17.3817381738174,4,0.146681334800147
2008,2009,"soy_corn","soy","corn","#4daf4a","#ffd300",1,2,5.5,6.4,1.2,1.8,5.6,6.3,1338,49.0649064906491,1702,62.4129079574624,1422,52.1452145214521
2008,2009,"soy_dryBeans","soy","dryBeans","#4daf4a","#e41a1c",1,2,5.5,1.9,1.2,1.8,5.1,2.3,2,0.0733406674000733,1702,62.4129079574624,5,0.183351668500183
2008,2009,"soy_other","soy","other","#4daf4a","#AAAAAA",1,2,5.5,1,1.2,1.8,5,1.5,73,2.67693436010268,1702,62.4129079574624,929,34.0667400073341
2008,2009,"soy_soy","soy","soy","#4daf4a","#4daf4a",1,2,5.5,5.5,1.2,1.8,5.5,5.5,289,10.5977264393106,1702,62.4129079574624,365,13.3846718005134
2008,2009,"springWheat_other","springWheat","other","#a65628","#AAAAAA",1,2,3.7,1,1.2,1.8,3.4,1.3,6,0.22002200220022,9,0.33003300330033,929,34.0667400073341
2008,2009,"springWheat_soy","springWheat","soy","#a65628","#4daf4a",1,2,3.7,5.5,1.2,1.8,3.9,5.3,2,0.0733406674000733,9,0.33003300330033,365,13.3846718005134
2008,2009,"springWheat_springWheat","springWheat","springWheat","#a65628","#a65628",1,2,3.7,3.7,1.2,1.8,3.7,3.7,1,0.0366703337000367,9,0.33003300330033,4,0.146681334800147
2009,2010,"corn_corn","corn","corn","#ffd300","#ffd300",2,3,6.4,6.4,2.2,2.8,6.4,6.4,9,0.33003300330033,1422,52.1452145214521,423,15.5115511551155
2009,2010,"corn_dryBeans","corn","dryBeans","#ffd300","#e41a1c",2,3,6.4,1.9,2.2,2.8,5.9,2.4,23,0.843417675100843,1422,52.1452145214521,29,1.06343967730106
2009,2010,"corn_other","corn","other","#ffd300","#AAAAAA",2,3,6.4,1,2.2,2.8,5.8,1.6,64,2.34690135680235,1422,52.1452145214521,521,19.1052438577191
2009,2010,"corn_soy","corn","soy","#ffd300","#4daf4a",2,3,6.4,5.5,2.2,2.8,6.3,5.6,1312,48.1114778144481,1422,52.1452145214521,1707,62.5962596259626
2009,2010,"corn_springWheat","corn","springWheat","#ffd300","#a65628",2,3,6.4,3.7,2.2,2.8,6.1,4,14,0.513384671800513,1422,52.1452145214521,33,1.21012101210121
2009,2010,"dryBeans_hay","dryBeans","hay","#e41a1c","#f781bf",2,3,1.9,4.6,2.2,2.8,2.2,4.3,1,0.0366703337000367,5,0.183351668500183,14,0.513384671800513
2009,2010,"dryBeans_other","dryBeans","other","#e41a1c","#AAAAAA",2,3,1.9,1,2.2,2.8,1.8,1.1,1,0.0366703337000367,5,0.183351668500183,521,19.1052438577191
2009,2010,"dryBeans_soy","dryBeans","soy","#e41a1c","#4daf4a",2,3,1.9,5.5,2.2,2.8,2.3,5.1,3,0.11001100110011,5,0.183351668500183,1707,62.5962596259626
2009,2010,"hay_corn","hay","corn","#f781bf","#ffd300",2,3,4.6,6.4,2.2,2.8,4.8,6.2,3,0.11001100110011,8,0.293362669600293,423,15.5115511551155
2009,2010,"hay_hay","hay","hay","#f781bf","#f781bf",2,3,4.6,4.6,2.2,2.8,4.6,4.6,1,0.0366703337000367,8,0.293362669600293,14,0.513384671800513
2009,2010,"hay_other","hay","other","#f781bf","#AAAAAA",2,3,4.6,1,2.2,2.8,4.2,1.4,2,0.0733406674000733,8,0.293362669600293,521,19.1052438577191
2009,2010,"hay_soy","hay","soy","#f781bf","#4daf4a",2,3,4.6,5.5,2.2,2.8,4.7,5.4,1,0.0366703337000367,8,0.293362669600293,1707,62.5962596259626
2009,2010,"hay_springWheat","hay","springWheat","#f781bf","#a65628",2,3,4.6,3.7,2.2,2.8,4.5,3.8,1,0.0366703337000367,8,0.293362669600293,33,1.21012101210121
2009,2010,"other_corn","other","corn","#AAAAAA","#ffd300",2,3,1,6.4,2.2,2.8,1.6,5.8,389,14.2647598093143,923,33.8467180051338,423,15.5115511551155
2009,2010,"other_dryBeans","other","dryBeans","#AAAAAA","#e41a1c",2,3,1,1.9,2.2,2.8,1.1,1.8,1,0.0366703337000367,923,33.8467180051338,29,1.06343967730106
2009,2010,"other_hay","other","hay","#AAAAAA","#f781bf",2,3,1,4.6,2.2,2.8,1.4,4.2,11,0.403373670700403,923,33.8467180051338,14,0.513384671800513
2009,2010,"other_other","other","other","#AAAAAA","#AAAAAA",2,3,1,1,2.2,2.8,1,1,431,15.8049138247158,923,33.8467180051338,521,19.1052438577191
2009,2010,"other_soy","other","soy","#AAAAAA","#4daf4a",2,3,1,5.5,2.2,2.8,1.5,5,80,2.93362669600293,923,33.8467180051338,1707,62.5962596259626
2009,2010,"other_springWheat","other","springWheat","#AAAAAA","#a65628",2,3,1,3.7,2.2,2.8,1.3,3.4,11,0.403373670700403,923,33.8467180051338,33,1.21012101210121
2009,2010,"soy_corn","soy","corn","#4daf4a","#ffd300",2,3,5.5,6.4,2.2,2.8,5.6,6.3,22,0.806747341400807,365,13.3846718005134,423,15.5115511551155
2009,2010,"soy_dryBeans","soy","dryBeans","#4daf4a","#e41a1c",2,3,5.5,1.9,2.2,2.8,5.1,2.3,5,0.183351668500183,365,13.3846718005134,29,1.06343967730106
2009,2010,"soy_hay","soy","hay","#4daf4a","#f781bf",2,3,5.5,4.6,2.2,2.8,5.4,4.7,1,0.0366703337000367,365,13.3846718005134,14,0.513384671800513
2009,2010,"soy_other","soy","other","#4daf4a","#AAAAAA",2,3,5.5,1,2.2,2.8,5,1.5,22,0.806747341400807,365,13.3846718005134,521,19.1052438577191
2009,2010,"soy_soy","soy","soy","#4daf4a","#4daf4a",2,3,5.5,5.5,2.2,2.8,5.5,5.5,309,11.3311331133113,365,13.3846718005134,1707,62.5962596259626
2009,2010,"soy_springWheat","soy","springWheat","#4daf4a","#a65628",2,3,5.5,3.7,2.2,2.8,5.3,3.9,6,0.22002200220022,365,13.3846718005134,33,1.21012101210121
2009,2010,"springWheat_other","springWheat","other","#a65628","#AAAAAA",2,3,3.7,1,2.2,2.8,3.4,1.3,1,0.0366703337000367,4,0.146681334800147,521,19.1052438577191
2009,2010,"springWheat_soy","springWheat","soy","#a65628","#4daf4a",2,3,3.7,5.5,2.2,2.8,3.9,5.3,2,0.0733406674000733,4,0.146681334800147,1707,62.5962596259626
2009,2010,"springWheat_springWheat","springWheat","springWheat","#a65628","#a65628",2,3,3.7,3.7,2.2,2.8,3.7,3.7,1,0.0366703337000367,4,0.146681334800147,33,1.21012101210121
2010,2011,"corn_corn","corn","corn","#ffd300","#ffd300",3,4,6.4,6.4,3.2,3.8,6.4,6.4,326,11.954528786212,423,15.5115511551155,1818,66.6666666666667
2010,2011,"corn_hay","corn","hay","#ffd300","#f781bf",3,4,6.4,4.6,3.2,3.8,6.2,4.8,1,0.0366703337000367,423,15.5115511551155,18,0.66006600660066
2010,2011,"corn_other","corn","other","#ffd300","#AAAAAA",3,4,6.4,1,3.2,3.8,5.8,1.6,11,0.403373670700403,423,15.5115511551155,432,15.8415841584158
2010,2011,"corn_soy","corn","soy","#ffd300","#4daf4a",3,4,6.4,5.5,3.2,3.8,6.3,5.6,79,2.8969563623029,423,15.5115511551155,171,6.27062706270627
2010,2011,"corn_springWheat","corn","springWheat","#ffd300","#a65628",3,4,6.4,3.7,3.2,3.8,6.1,4,6,0.22002200220022,423,15.5115511551155,288,10.5610561056106
2010,2011,"dryBeans_corn","dryBeans","corn","#e41a1c","#ffd300",3,4,1.9,6.4,3.2,3.8,2.4,5.9,22,0.806747341400807,29,1.06343967730106,1818,66.6666666666667
2010,2011,"dryBeans_other","dryBeans","other","#e41a1c","#AAAAAA",3,4,1.9,1,3.2,3.8,1.8,1.1,1,0.0366703337000367,29,1.06343967730106,432,15.8415841584158
2010,2011,"dryBeans_springWheat","dryBeans","springWheat","#e41a1c","#a65628",3,4,1.9,3.7,3.2,3.8,2.1,3.5,6,0.22002200220022,29,1.06343967730106,288,10.5610561056106
2010,2011,"hay_corn","hay","corn","#f781bf","#ffd300",3,4,4.6,6.4,3.2,3.8,4.8,6.2,9,0.33003300330033,22,0.806747341400807,1818,66.6666666666667
2010,2011,"hay_hay","hay","hay","#f781bf","#f781bf",3,4,4.6,4.6,3.2,3.8,4.6,4.6,5,0.183351668500183,22,0.806747341400807,18,0.66006600660066
2010,2011,"hay_other","hay","other","#f781bf","#AAAAAA",3,4,4.6,1,3.2,3.8,4.2,1.4,6,0.22002200220022,22,0.806747341400807,432,15.8415841584158
2010,2011,"hay_soy","hay","soy","#f781bf","#4daf4a",3,4,4.6,5.5,3.2,3.8,4.7,5.4,1,0.0366703337000367,22,0.806747341400807,171,6.27062706270627
2010,2011,"hay_springWheat","hay","springWheat","#f781bf","#a65628",3,4,4.6,3.7,3.2,3.8,4.5,3.8,1,0.0366703337000367,22,0.806747341400807,288,10.5610561056106
2010,2011,"other_corn","other","corn","#AAAAAA","#ffd300",3,4,1,6.4,3.2,3.8,1.6,5.8,75,2.75027502750275,513,18.8118811881188,1818,66.6666666666667
2010,2011,"other_hay","other","hay","#AAAAAA","#f781bf",3,4,1,4.6,3.2,3.8,1.4,4.2,11,0.403373670700403,513,18.8118811881188,18,0.66006600660066
2010,2011,"other_other","other","other","#AAAAAA","#AAAAAA",3,4,1,1,3.2,3.8,1,1,372,13.6413641364136,513,18.8118811881188,432,15.8415841584158
2010,2011,"other_soy","other","soy","#AAAAAA","#4daf4a",3,4,1,5.5,3.2,3.8,1.5,5,27,0.99009900990099,513,18.8118811881188,171,6.27062706270627
2010,2011,"other_springWheat","other","springWheat","#AAAAAA","#a65628",3,4,1,3.7,3.2,3.8,1.3,3.4,28,1.02676934360103,513,18.8118811881188,288,10.5610561056106
2010,2011,"soy_corn","soy","corn","#4daf4a","#ffd300",3,4,5.5,6.4,3.2,3.8,5.6,6.3,1377,50.4950495049505,1707,62.5962596259626,1818,66.6666666666667
2010,2011,"soy_hay","soy","hay","#4daf4a","#f781bf",3,4,5.5,4.6,3.2,3.8,5.4,4.7,1,0.0366703337000367,1707,62.5962596259626,18,0.66006600660066
2010,2011,"soy_other","soy","other","#4daf4a","#AAAAAA",3,4,5.5,1,3.2,3.8,5,1.5,35,1.28346167950128,1707,62.5962596259626,432,15.8415841584158
2010,2011,"soy_soy","soy","soy","#4daf4a","#4daf4a",3,4,5.5,5.5,3.2,3.8,5.5,5.5,57,2.09020902090209,1707,62.5962596259626,171,6.27062706270627
2010,2011,"soy_springWheat","soy","springWheat","#4daf4a","#a65628",3,4,5.5,3.7,3.2,3.8,5.3,3.9,237,8.69086908690869,1707,62.5962596259626,288,10.5610561056106
2010,2011,"springWheat_corn","springWheat","corn","#a65628","#ffd300",3,4,3.7,6.4,3.2,3.8,4,6.1,9,0.33003300330033,33,1.21012101210121,1818,66.6666666666667
2010,2011,"springWheat_other","springWheat","other","#a65628","#AAAAAA",3,4,3.7,1,3.2,3.8,3.4,1.3,7,0.256692335900257,33,1.21012101210121,432,15.8415841584158
2010,2011,"springWheat_soy","springWheat","soy","#a65628","#4daf4a",3,4,3.7,5.5,3.2,3.8,3.9,5.3,7,0.256692335900257,33,1.21012101210121,171,6.27062706270627
2010,2011,"springWheat_springWheat","springWheat","springWheat","#a65628","#a65628",3,4,3.7,3.7,3.2,3.8,3.7,3.7,10,0.366703337000367,33,1.21012101210121,288,10.5610561056106
2011,2012,"corn_corn","corn","corn","#ffd300","#ffd300",4,5,6.4,6.4,4.2,4.8,6.4,6.4,542,19.8753208654199,1818,66.6666666666667,714,26.1826182618262
2011,2012,"corn_other","corn","other","#ffd300","#AAAAAA",4,5,6.4,1,4.2,4.8,5.8,1.6,9,0.33003300330033,1818,66.6666666666667,421,15.4382104877154
2011,2012,"corn_soy","corn","soy","#ffd300","#4daf4a",4,5,6.4,5.5,4.2,4.8,6.3,5.6,1267,46.4613127979465,1818,66.6666666666667,1573,57.6824349101577
2011,2012,"hay_corn","hay","corn","#f781bf","#ffd300",4,5,4.6,6.4,4.2,4.8,4.8,6.2,1,0.0366703337000367,23,0.843417675100843,714,26.1826182618262
2011,2012,"hay_hay","hay","hay","#f781bf","#f781bf",4,5,4.6,4.6,4.2,4.8,4.6,4.6,8,0.293362669600293,23,0.843417675100843,10,0.366703337000367
2011,2012,"hay_other","hay","other","#f781bf","#AAAAAA",4,5,4.6,1,4.2,4.8,4.2,1.4,13,0.476714338100477,23,0.843417675100843,421,15.4382104877154
2011,2012,"hay_soy","hay","soy","#f781bf","#4daf4a",4,5,4.6,5.5,4.2,4.8,4.7,5.4,1,0.0366703337000367,23,0.843417675100843,1573,57.6824349101577
2011,2012,"other_corn","other","corn","#AAAAAA","#ffd300",4,5,1,6.4,4.2,4.8,1.6,5.8,20,0.733406674000733,427,15.6582324899157,714,26.1826182618262
2011,2012,"other_hay","other","hay","#AAAAAA","#f781bf",4,5,1,4.6,4.2,4.8,1.4,4.2,2,0.0733406674000733,427,15.6582324899157,10,0.366703337000367
2011,2012,"other_other","other","other","#AAAAAA","#AAAAAA",4,5,1,1,4.2,4.8,1,1,386,14.1547488082142,427,15.6582324899157,421,15.4382104877154
2011,2012,"other_soy","other","soy","#AAAAAA","#4daf4a",4,5,1,5.5,4.2,4.8,1.5,5,17,0.623395672900623,427,15.6582324899157,1573,57.6824349101577
2011,2012,"other_springWheat","other","springWheat","#AAAAAA","#a65628",4,5,1,3.7,4.2,4.8,1.3,3.4,1,0.0366703337000367,427,15.6582324899157,6,0.22002200220022
2011,2012,"other_sugarbeets","other","sugarbeets","#AAAAAA","#377eb8",4,5,1,2.8,4.2,4.8,1.2,2.6,1,0.0366703337000367,427,15.6582324899157,1,0.0366703337000367
2011,2012,"soy_corn","soy","corn","#4daf4a","#ffd300",4,5,5.5,6.4,4.2,4.8,5.6,6.3,119,4.36376971030436,171,6.27062706270627,714,26.1826182618262
2011,2012,"soy_dryBeans","soy","dryBeans","#4daf4a","#e41a1c",4,5,5.5,1.9,4.2,4.8,5.1,2.3,2,0.0733406674000733,171,6.27062706270627,2,0.0733406674000733
2011,2012,"soy_other","soy","other","#4daf4a","#AAAAAA",4,5,5.5,1,4.2,4.8,5,1.5,7,0.256692335900257,171,6.27062706270627,421,15.4382104877154
2011,2012,"soy_soy","soy","soy","#4daf4a","#4daf4a",4,5,5.5,5.5,4.2,4.8,5.5,5.5,38,1.39347268060139,171,6.27062706270627,1573,57.6824349101577
2011,2012,"soy_springWheat","soy","springWheat","#4daf4a","#a65628",4,5,5.5,3.7,4.2,4.8,5.3,3.9,5,0.183351668500183,171,6.27062706270627,6,0.22002200220022
2011,2012,"springWheat_corn","springWheat","corn","#a65628","#ffd300",4,5,3.7,6.4,4.2,4.8,4,6.1,32,1.17345067840117,288,10.5610561056106,714,26.1826182618262
2011,2012,"springWheat_other","springWheat","other","#a65628","#AAAAAA",4,5,3.7,1,4.2,4.8,3.4,1.3,6,0.22002200220022,288,10.5610561056106,421,15.4382104877154
2011,2012,"springWheat_soy","springWheat","soy","#a65628","#4daf4a",4,5,3.7,5.5,4.2,4.8,3.9,5.3,250,9.16758342500917,288,10.5610561056106,1573,57.6824349101577
2012,2013,"corn_corn","corn","corn","#ffd300","#ffd300",5,6,6.4,6.4,5.2,5.8,6.4,6.4,695,25.4858819215255,714,26.1826182618262,2358,86.4686468646865
2012,2013,"corn_other","corn","other","#ffd300","#AAAAAA",5,6,6.4,1,5.2,5.8,5.8,1.6,4,0.146681334800147,714,26.1826182618262,310,11.3678034470114
2012,2013,"corn_soy","corn","soy","#ffd300","#4daf4a",5,6,6.4,5.5,5.2,5.8,6.3,5.6,15,0.55005500550055,714,26.1826182618262,47,1.72350568390172
2012,2013,"dryBeans_other","dryBeans","other","#e41a1c","#AAAAAA",5,6,1.9,1,5.2,5.8,1.8,1.1,1,0.0366703337000367,2,0.0733406674000733,310,11.3678034470114
2012,2013,"dryBeans_soy","dryBeans","soy","#e41a1c","#4daf4a",5,6,1.9,5.5,5.2,5.8,2.3,5.1,1,0.0366703337000367,2,0.0733406674000733,47,1.72350568390172
2012,2013,"hay_hay","hay","hay","#f781bf","#f781bf",5,6,4.6,4.6,5.2,5.8,4.6,4.6,6,0.22002200220022,8,0.293362669600293,8,0.293362669600293
2012,2013,"hay_other","hay","other","#f781bf","#AAAAAA",5,6,4.6,1,5.2,5.8,4.2,1.4,1,0.0366703337000367,8,0.293362669600293,310,11.3678034470114
2012,2013,"hay_springWheat","hay","springWheat","#f781bf","#a65628",5,6,4.6,3.7,5.2,5.8,4.5,3.8,1,0.0366703337000367,8,0.293362669600293,4,0.146681334800147
2012,2013,"other_corn","other","corn","#AAAAAA","#ffd300",5,6,1,6.4,5.2,5.8,1.6,5.8,117,4.29042904290429,423,15.5115511551155,2358,86.4686468646865
2012,2013,"other_hay","other","hay","#AAAAAA","#f781bf",5,6,1,4.6,5.2,5.8,1.4,4.2,2,0.0733406674000733,423,15.5115511551155,8,0.293362669600293
2012,2013,"other_other","other","other","#AAAAAA","#AAAAAA",5,6,1,1,5.2,5.8,1,1,295,10.8177484415108,423,15.5115511551155,310,11.3678034470114
2012,2013,"other_soy","other","soy","#AAAAAA","#4daf4a",5,6,1,5.5,5.2,5.8,1.5,5,9,0.33003300330033,423,15.5115511551155,47,1.72350568390172
2012,2013,"soy_corn","soy","corn","#4daf4a","#ffd300",5,6,5.5,6.4,5.2,5.8,5.6,6.3,1546,56.6923359002567,1573,57.6824349101577,2358,86.4686468646865
2012,2013,"soy_other","soy","other","#4daf4a","#AAAAAA",5,6,5.5,1,5.2,5.8,5,1.5,4,0.146681334800147,1573,57.6824349101577,310,11.3678034470114
2012,2013,"soy_soy","soy","soy","#4daf4a","#4daf4a",5,6,5.5,5.5,5.2,5.8,5.5,5.5,22,0.806747341400807,1573,57.6824349101577,47,1.72350568390172
2012,2013,"soy_springWheat","soy","springWheat","#4daf4a","#a65628",5,6,5.5,3.7,5.2,5.8,5.3,3.9,1,0.0366703337000367,1573,57.6824349101577,4,0.146681334800147
2012,2013,"springWheat_other","springWheat","other","#a65628","#AAAAAA",5,6,3.7,1,5.2,5.8,3.4,1.3,4,0.146681334800147,6,0.22002200220022,310,11.3678034470114
2012,2013,"springWheat_springWheat","springWheat","springWheat","#a65628","#a65628",5,6,3.7,3.7,5.2,5.8,3.7,3.7,2,0.0733406674000733,6,0.22002200220022,4,0.146681334800147
2012,2013,"sugarbeets_other","sugarbeets","other","#377eb8","#AAAAAA",5,6,2.8,1,5.2,5.8,2.6,1.2,1,0.0366703337000367,1,0.0366703337000367,310,11.3678034470114
2013,2014,"corn_corn","corn","corn","#ffd300","#ffd300",6,7,6.4,6.4,6.2,6.8,6.4,6.4,452,16.5749908324166,2358,86.4686468646865,463,16.978364503117
2013,2014,"corn_other","corn","other","#ffd300","#AAAAAA",6,7,6.4,1,6.2,6.8,5.8,1.6,18,0.66006600660066,2358,86.4686468646865,314,11.5144847818115
2013,2014,"corn_soy","corn","soy","#ffd300","#4daf4a",6,7,6.4,5.5,6.2,6.8,6.3,5.6,1882,69.013568023469,2358,86.4686468646865,1922,70.4803813714705
2013,2014,"corn_springWheat","corn","springWheat","#ffd300","#a65628",6,7,6.4,3.7,6.2,6.8,6.1,4,2,0.0733406674000733,2358,86.4686468646865,4,0.146681334800147
2013,2014,"corn_sugarbeets","corn","sugarbeets","#ffd300","#377eb8",6,7,6.4,2.8,6.2,6.8,6,3.2,4,0.146681334800147,2358,86.4686468646865,5,0.183351668500183
2013,2014,"hay_hay","hay","hay","#f781bf","#f781bf",6,7,4.6,4.6,6.2,6.8,4.6,4.6,4,0.146681334800147,9,0.33003300330033,18,0.66006600660066
2013,2014,"hay_other","hay","other","#f781bf","#AAAAAA",6,7,4.6,1,6.2,6.8,4.2,1.4,3,0.11001100110011,9,0.33003300330033,314,11.5144847818115
2013,2014,"hay_soy","hay","soy","#f781bf","#4daf4a",6,7,4.6,5.5,6.2,6.8,4.7,5.4,1,0.0366703337000367,9,0.33003300330033,1922,70.4803813714705
2013,2014,"hay_sugarbeets","hay","sugarbeets","#f781bf","#377eb8",6,7,4.6,2.8,6.2,6.8,4.4,3,1,0.0366703337000367,9,0.33003300330033,5,0.183351668500183
2013,2014,"other_corn","other","corn","#AAAAAA","#ffd300",6,7,1,6.4,6.2,6.8,1.6,5.8,1,0.0366703337000367,309,11.3311331133113,463,16.978364503117
2013,2014,"other_dryBeans","other","dryBeans","#AAAAAA","#e41a1c",6,7,1,1.9,6.2,6.8,1.1,1.8,1,0.0366703337000367,309,11.3311331133113,1,0.0366703337000367
2013,2014,"other_hay","other","hay","#AAAAAA","#f781bf",6,7,1,4.6,6.2,6.8,1.4,4.2,9,0.33003300330033,309,11.3311331133113,18,0.66006600660066
2013,2014,"other_other","other","other","#AAAAAA","#AAAAAA",6,7,1,1,6.2,6.8,1,1,285,10.4510451045105,309,11.3311331133113,314,11.5144847818115
2013,2014,"other_soy","other","soy","#AAAAAA","#4daf4a",6,7,1,5.5,6.2,6.8,1.5,5,12,0.44004400440044,309,11.3311331133113,1922,70.4803813714705
2013,2014,"other_springWheat","other","springWheat","#AAAAAA","#a65628",6,7,1,3.7,6.2,6.8,1.3,3.4,1,0.0366703337000367,309,11.3311331133113,4,0.146681334800147
2013,2014,"soy_corn","soy","corn","#4daf4a","#ffd300",6,7,5.5,6.4,6.2,6.8,5.6,6.3,10,0.366703337000367,47,1.72350568390172,463,16.978364503117
2013,2014,"soy_hay","soy","hay","#4daf4a","#f781bf",6,7,5.5,4.6,6.2,6.8,5.4,4.7,3,0.11001100110011,47,1.72350568390172,18,0.66006600660066
2013,2014,"soy_other","soy","other","#4daf4a","#AAAAAA",6,7,5.5,1,6.2,6.8,5,1.5,8,0.293362669600293,47,1.72350568390172,314,11.5144847818115
2013,2014,"soy_soy","soy","soy","#4daf4a","#4daf4a",6,7,5.5,5.5,6.2,6.8,5.5,5.5,26,0.953428676200954,47,1.72350568390172,1922,70.4803813714705
2013,2014,"springWheat_hay","springWheat","hay","#a65628","#f781bf",6,7,3.7,4.6,6.2,6.8,3.8,4.5,2,0.0733406674000733,4,0.146681334800147,18,0.66006600660066
2013,2014,"springWheat_soy","springWheat","soy","#a65628","#4daf4a",6,7,3.7,5.5,6.2,6.8,3.9,5.3,1,0.0366703337000367,4,0.146681334800147,1922,70.4803813714705
2013,2014,"springWheat_springWheat","springWheat","springWheat","#a65628","#a65628",6,7,3.7,3.7,6.2,6.8,3.7,3.7,1,0.0366703337000367,4,0.146681334800147,4,0.146681334800147
2014,2015,"corn_corn","corn","corn","#ffd300","#ffd300",7,8,6.4,6.4,7.2,7.8,6.4,6.4,420,15.4015401540154,463,16.978364503117,435,15.951595159516
2014,2015,"corn_dryBeans","corn","dryBeans","#ffd300","#e41a1c",7,8,6.4,1.9,7.2,7.8,5.9,2.4,1,0.0366703337000367,463,16.978364503117,1,0.0366703337000367
2014,2015,"corn_other","corn","other","#ffd300","#AAAAAA",7,8,6.4,1,7.2,7.8,5.8,1.6,1,0.0366703337000367,463,16.978364503117,300,11.001100110011
2014,2015,"corn_soy","corn","soy","#ffd300","#4daf4a",7,8,6.4,5.5,7.2,7.8,6.3,5.6,28,1.02676934360103,463,16.978364503117,53,1.94352768610194
2014,2015,"corn_springWheat","corn","springWheat","#ffd300","#a65628",7,8,6.4,3.7,7.2,7.8,6.1,4,13,0.476714338100477,463,16.978364503117,1927,70.6637330399707
2014,2015,"dryBeans_other","dryBeans","other","#e41a1c","#AAAAAA",7,8,1.9,1,7.2,7.8,1.8,1.1,1,0.0366703337000367,1,0.0366703337000367,300,11.001100110011
2014,2015,"hay_corn","hay","corn","#f781bf","#ffd300",7,8,4.6,6.4,7.2,7.8,4.8,6.2,1,0.0366703337000367,19,0.696736340300697,435,15.951595159516
2014,2015,"hay_hay","hay","hay","#f781bf","#f781bf",7,8,4.6,4.6,7.2,7.8,4.6,4.6,7,0.256692335900257,19,0.696736340300697,11,0.403373670700403
2014,2015,"hay_other","hay","other","#f781bf","#AAAAAA",7,8,4.6,1,7.2,7.8,4.2,1.4,3,0.11001100110011,19,0.696736340300697,300,11.001100110011
2014,2015,"hay_soy","hay","soy","#f781bf","#4daf4a",7,8,4.6,5.5,7.2,7.8,4.7,5.4,8,0.293362669600293,19,0.696736340300697,53,1.94352768610194
2014,2015,"other_corn","other","corn","#AAAAAA","#ffd300",7,8,1,6.4,7.2,7.8,1.6,5.8,5,0.183351668500183,313,11.4778144481115,435,15.951595159516
2014,2015,"other_hay","other","hay","#AAAAAA","#f781bf",7,8,1,4.6,7.2,7.8,1.4,4.2,3,0.11001100110011,313,11.4778144481115,11,0.403373670700403
2014,2015,"other_other","other","other","#AAAAAA","#AAAAAA",7,8,1,1,7.2,7.8,1,1,292,10.7077374404107,313,11.4778144481115,300,11.001100110011
2014,2015,"other_soy","other","soy","#AAAAAA","#4daf4a",7,8,1,5.5,7.2,7.8,1.5,5,3,0.11001100110011,313,11.4778144481115,53,1.94352768610194
2014,2015,"other_springWheat","other","springWheat","#AAAAAA","#a65628",7,8,1,3.7,7.2,7.8,1.3,3.4,10,0.366703337000367,313,11.4778144481115,1927,70.6637330399707
2014,2015,"soy_corn","soy","corn","#4daf4a","#ffd300",7,8,5.5,6.4,7.2,7.8,5.6,6.3,6,0.22002200220022,1922,70.4803813714705,435,15.951595159516
2014,2015,"soy_other","soy","other","#4daf4a","#AAAAAA",7,8,5.5,1,7.2,7.8,5,1.5,3,0.11001100110011,1922,70.4803813714705,300,11.001100110011
2014,2015,"soy_soy","soy","soy","#4daf4a","#4daf4a",7,8,5.5,5.5,7.2,7.8,5.5,5.5,12,0.44004400440044,1922,70.4803813714705,53,1.94352768610194
2014,2015,"soy_springWheat","soy","springWheat","#4daf4a","#a65628",7,8,5.5,3.7,7.2,7.8,5.3,3.9,1901,69.7103043637697,1922,70.4803813714705,1927,70.6637330399707
2014,2015,"springWheat_soy","springWheat","soy","#a65628","#4daf4a",7,8,3.7,5.5,7.2,7.8,3.9,5.3,2,0.0733406674000733,4,0.146681334800147,53,1.94352768610194
2014,2015,"springWheat_springWheat","springWheat","springWheat","#a65628","#a65628",7,8,3.7,3.7,7.2,7.8,3.7,3.7,2,0.0733406674000733,4,0.146681334800147,1927,70.6637330399707
2014,2015,"sugarbeets_corn","sugarbeets","corn","#377eb8","#ffd300",7,8,2.8,6.4,7.2,7.8,3.2,6,3,0.11001100110011,5,0.183351668500183,435,15.951595159516
2014,2015,"sugarbeets_hay","sugarbeets","hay","#377eb8","#f781bf",7,8,2.8,4.6,7.2,7.8,3,4.4,1,0.0366703337000367,5,0.183351668500183,11,0.403373670700403
2014,2015,"sugarbeets_springWheat","sugarbeets","springWheat","#377eb8","#a65628",7,8,2.8,3.7,7.2,7.8,2.9,3.6,1,0.0366703337000367,5,0.183351668500183,1927,70.6637330399707
2015,2016,"corn_corn","corn","corn","#ffd300","#ffd300",8,9,6.4,6.4,8.2,8.8,6.4,6.4,425,15.5848918225156,435,15.951595159516,1716,62.9262926292629
2015,2016,"corn_soy","corn","soy","#ffd300","#4daf4a",8,9,6.4,5.5,8.2,8.8,6.3,5.6,4,0.146681334800147,435,15.951595159516,686,25.1558489182252
2015,2016,"corn_springWheat","corn","springWheat","#ffd300","#a65628",8,9,6.4,3.7,8.2,8.8,6.1,4,6,0.22002200220022,435,15.951595159516,10,0.366703337000367
2015,2016,"dryBeans_springWheat","dryBeans","springWheat","#e41a1c","#a65628",8,9,1.9,3.7,8.2,8.8,2.1,3.5,1,0.0366703337000367,1,0.0366703337000367,10,0.366703337000367
2015,2016,"hay_hay","hay","hay","#f781bf","#f781bf",8,9,4.6,4.6,8.2,8.8,4.6,4.6,11,0.403373670700403,11,0.403373670700403,13,0.476714338100477
2015,2016,"other_corn","other","corn","#AAAAAA","#ffd300",8,9,1,6.4,8.2,8.8,1.6,5.8,3,0.11001100110011,300,11.001100110011,1716,62.9262926292629
2015,2016,"other_other","other","other","#AAAAAA","#AAAAAA",8,9,1,1,8.2,8.8,1,1,290,10.6343967730106,300,11.001100110011,294,10.7810781078108
2015,2016,"other_soy","other","soy","#AAAAAA","#4daf4a",8,9,1,5.5,8.2,8.8,1.5,5,7,0.256692335900257,300,11.001100110011,686,25.1558489182252
2015,2016,"soy_corn","soy","corn","#4daf4a","#ffd300",8,9,5.5,6.4,8.2,8.8,5.6,6.3,23,0.843417675100843,53,1.94352768610194,1716,62.9262926292629
2015,2016,"soy_dryBeans","soy","dryBeans","#4daf4a","#e41a1c",8,9,5.5,1.9,8.2,8.8,5.1,2.3,8,0.293362669600293,53,1.94352768610194,8,0.293362669600293
2015,2016,"soy_hay","soy","hay","#4daf4a","#f781bf",8,9,5.5,4.6,8.2,8.8,5.4,4.7,1,0.0366703337000367,53,1.94352768610194,13,0.476714338100477
2015,2016,"soy_other","soy","other","#4daf4a","#AAAAAA",8,9,5.5,1,8.2,8.8,5,1.5,1,0.0366703337000367,53,1.94352768610194,294,10.7810781078108
2015,2016,"soy_soy","soy","soy","#4daf4a","#4daf4a",8,9,5.5,5.5,8.2,8.8,5.5,5.5,17,0.623395672900623,53,1.94352768610194,686,25.1558489182252
2015,2016,"soy_springWheat","soy","springWheat","#4daf4a","#a65628",8,9,5.5,3.7,8.2,8.8,5.3,3.9,3,0.11001100110011,53,1.94352768610194,10,0.366703337000367
2015,2016,"springWheat_corn","springWheat","corn","#a65628","#ffd300",8,9,3.7,6.4,8.2,8.8,4,6.1,1265,46.3879721305464,1927,70.6637330399707,1716,62.9262926292629
2015,2016,"springWheat_hay","springWheat","hay","#a65628","#f781bf",8,9,3.7,4.6,8.2,8.8,3.8,4.5,1,0.0366703337000367,1927,70.6637330399707,13,0.476714338100477
2015,2016,"springWheat_other","springWheat","other","#a65628","#AAAAAA",8,9,3.7,1,8.2,8.8,3.4,1.3,3,0.11001100110011,1927,70.6637330399707,294,10.7810781078108
2015,2016,"springWheat_soy","springWheat","soy","#a65628","#4daf4a",8,9,3.7,5.5,8.2,8.8,3.9,5.3,658,24.1290795746241,1927,70.6637330399707,686,25.1558489182252
2016,2017,"corn_corn","corn","corn","#ffd300","#ffd300",9,10,6.4,6.4,9.2,9.8,6.4,6.4,1706,62.5595892922626,1716,62.9262926292629,2077,76.1642830949762
2016,2017,"corn_hay","corn","hay","#ffd300","#f781bf",9,10,6.4,4.6,9.2,9.8,6.2,4.8,1,0.0366703337000367,1716,62.9262926292629,16,0.586725339200587
2016,2017,"corn_other","corn","other","#ffd300","#AAAAAA",9,10,6.4,1,9.2,9.8,5.8,1.6,3,0.11001100110011,1716,62.9262926292629,291,10.6710671067107
2016,2017,"corn_soy","corn","soy","#ffd300","#4daf4a",9,10,6.4,5.5,9.2,9.8,6.3,5.6,4,0.146681334800147,1716,62.9262926292629,335,12.2845617895123
2016,2017,"corn_springWheat","corn","springWheat","#ffd300","#a65628",9,10,6.4,3.7,9.2,9.8,6.1,4,2,0.0733406674000733,1716,62.9262926292629,8,0.293362669600293
2016,2017,"dryBeans_other","dryBeans","other","#e41a1c","#AAAAAA",9,10,1.9,1,9.2,9.8,1.8,1.1,4,0.146681334800147,8,0.293362669600293,291,10.6710671067107
2016,2017,"dryBeans_soy","dryBeans","soy","#e41a1c","#4daf4a",9,10,1.9,5.5,9.2,9.8,2.3,5.1,3,0.11001100110011,8,0.293362669600293,335,12.2845617895123
2016,2017,"dryBeans_springWheat","dryBeans","springWheat","#e41a1c","#a65628",9,10,1.9,3.7,9.2,9.8,2.1,3.5,1,0.0366703337000367,8,0.293362669600293,8,0.293362669600293
2016,2017,"hay_hay","hay","hay","#f781bf","#f781bf",9,10,4.6,4.6,9.2,9.8,4.6,4.6,10,0.366703337000367,12,0.44004400440044,16,0.586725339200587
2016,2017,"hay_other","hay","other","#f781bf","#AAAAAA",9,10,4.6,1,9.2,9.8,4.2,1.4,1,0.0366703337000367,12,0.44004400440044,291,10.6710671067107
2016,2017,"hay_soy","hay","soy","#f781bf","#4daf4a",9,10,4.6,5.5,9.2,9.8,4.7,5.4,1,0.0366703337000367,12,0.44004400440044,335,12.2845617895123
2016,2017,"other_corn","other","corn","#AAAAAA","#ffd300",9,10,1,6.4,9.2,9.8,1.6,5.8,15,0.55005500550055,295,10.8177484415108,2077,76.1642830949762
2016,2017,"other_hay","other","hay","#AAAAAA","#f781bf",9,10,1,4.6,9.2,9.8,1.4,4.2,2,0.0733406674000733,295,10.8177484415108,16,0.586725339200587
2016,2017,"other_other","other","other","#AAAAAA","#AAAAAA",9,10,1,1,9.2,9.8,1,1,274,10.04767143381,295,10.8177484415108,291,10.6710671067107
2016,2017,"other_soy","other","soy","#AAAAAA","#4daf4a",9,10,1,5.5,9.2,9.8,1.5,5,4,0.146681334800147,295,10.8177484415108,335,12.2845617895123
2016,2017,"soy_corn","soy","corn","#4daf4a","#ffd300",9,10,5.5,6.4,9.2,9.8,5.6,6.3,352,12.9079574624129,686,25.1558489182252,2077,76.1642830949762
2016,2017,"soy_hay","soy","hay","#4daf4a","#f781bf",9,10,5.5,4.6,9.2,9.8,5.4,4.7,3,0.11001100110011,686,25.1558489182252,16,0.586725339200587
2016,2017,"soy_other","soy","other","#4daf4a","#AAAAAA",9,10,5.5,1,9.2,9.8,5,1.5,9,0.33003300330033,686,25.1558489182252,291,10.6710671067107
2016,2017,"soy_soy","soy","soy","#4daf4a","#4daf4a",9,10,5.5,5.5,9.2,9.8,5.5,5.5,319,11.6978364503117,686,25.1558489182252,335,12.2845617895123
2016,2017,"soy_springWheat","soy","springWheat","#4daf4a","#a65628",9,10,5.5,3.7,9.2,9.8,5.3,3.9,3,0.11001100110011,686,25.1558489182252,8,0.293362669600293
2016,2017,"springWheat_corn","springWheat","corn","#a65628","#ffd300",9,10,3.7,6.4,9.2,9.8,4,6.1,4,0.146681334800147,10,0.366703337000367,2077,76.1642830949762
2016,2017,"springWheat_soy","springWheat","soy","#a65628","#4daf4a",9,10,3.7,5.5,9.2,9.8,3.9,5.3,4,0.146681334800147,10,0.366703337000367,335,12.2845617895123
2016,2017,"springWheat_springWheat","springWheat","springWheat","#a65628","#a65628",9,10,3.7,3.7,9.2,9.8,3.7,3.7,2,0.0733406674000733,10,0.366703337000367,8,0.293362669600293
2017,2018,"corn_corn","corn","corn","#ffd300","#ffd300",10,11,6.4,6.4,10.2,10.8,6.4,6.4,1641,60.1760176017602,2077,76.1642830949762,1642,60.2126879354602
2017,2018,"corn_dryBeans","corn","dryBeans","#ffd300","#e41a1c",10,11,6.4,1.9,10.2,10.8,5.9,2.4,1,0.0366703337000367,2077,76.1642830949762,1,0.0366703337000367
2017,2018,"corn_other","corn","other","#ffd300","#AAAAAA",10,11,6.4,1,10.2,10.8,5.8,1.6,10,0.366703337000367,2077,76.1642830949762,290,10.6343967730106
2017,2018,"corn_soy","corn","soy","#ffd300","#4daf4a",10,11,6.4,5.5,10.2,10.8,6.3,5.6,406,14.8881554822149,2077,76.1642830949762,456,16.7216721672167
2017,2018,"corn_springWheat","corn","springWheat","#ffd300","#a65628",10,11,6.4,3.7,10.2,10.8,6.1,4,17,0.623395672900623,2077,76.1642830949762,325,11.9178584525119
2017,2018,"corn_sugarbeets","corn","sugarbeets","#ffd300","#377eb8",10,11,6.4,2.8,10.2,10.8,6,3.2,2,0.0733406674000733,2077,76.1642830949762,2,0.0733406674000733
2017,2018,"hay_hay","hay","hay","#f781bf","#f781bf",10,11,4.6,4.6,10.2,10.8,4.6,4.6,11,0.403373670700403,16,0.586725339200587,11,0.403373670700403
2017,2018,"hay_other","hay","other","#f781bf","#AAAAAA",10,11,4.6,1,10.2,10.8,4.2,1.4,2,0.0733406674000733,16,0.586725339200587,290,10.6343967730106
2017,2018,"hay_soy","hay","soy","#f781bf","#4daf4a",10,11,4.6,5.5,10.2,10.8,4.7,5.4,3,0.11001100110011,16,0.586725339200587,456,16.7216721672167
2017,2018,"other_other","other","other","#AAAAAA","#AAAAAA",10,11,1,1,10.2,10.8,1,1,273,10.01100110011,291,10.6710671067107,290,10.6343967730106
2017,2018,"other_soy","other","soy","#AAAAAA","#4daf4a",10,11,1,5.5,10.2,10.8,1.5,5,16,0.586725339200587,291,10.6710671067107,456,16.7216721672167
2017,2018,"other_springWheat","other","springWheat","#AAAAAA","#a65628",10,11,1,3.7,10.2,10.8,1.3,3.4,2,0.0733406674000733,291,10.6710671067107,325,11.9178584525119
2017,2018,"soy_corn","soy","corn","#4daf4a","#ffd300",10,11,5.5,6.4,10.2,10.8,5.6,6.3,1,0.0366703337000367,335,12.2845617895123,1642,60.2126879354602
2017,2018,"soy_other","soy","other","#4daf4a","#AAAAAA",10,11,5.5,1,10.2,10.8,5,1.5,4,0.146681334800147,335,12.2845617895123,290,10.6343967730106
2017,2018,"soy_soy","soy","soy","#4daf4a","#4daf4a",10,11,5.5,5.5,10.2,10.8,5.5,5.5,24,0.88008800880088,335,12.2845617895123,456,16.7216721672167
2017,2018,"soy_springWheat","soy","springWheat","#4daf4a","#a65628",10,11,5.5,3.7,10.2,10.8,5.3,3.9,306,11.2211221122112,335,12.2845617895123,325,11.9178584525119
2017,2018,"springWheat_other","springWheat","other","#a65628","#AAAAAA",10,11,3.7,1,10.2,10.8,3.4,1.3,1,0.0366703337000367,8,0.293362669600293,290,10.6343967730106
2017,2018,"springWheat_soy","springWheat","soy","#a65628","#4daf4a",10,11,3.7,5.5,10.2,10.8,3.9,5.3,7,0.256692335900257,8,0.293362669600293,456,16.7216721672167
2018,2019,"corn_corn","corn","corn","#ffd300","#ffd300",11,12,6.4,6.4,11.2,11.8,6.4,6.4,1605,58.8558855885589,1642,60.2126879354602,1948,71.4338100476714
2018,2019,"corn_other","corn","other","#ffd300","#AAAAAA",11,12,6.4,1,11.2,11.8,5.8,1.6,4,0.146681334800147,1642,60.2126879354602,263,9.64429776310964
2018,2019,"corn_soy","corn","soy","#ffd300","#4daf4a",11,12,6.4,5.5,11.2,11.8,6.3,5.6,33,1.21012101210121,1642,60.2126879354602,490,17.968463513018
2018,2019,"dryBeans_corn","dryBeans","corn","#e41a1c","#ffd300",11,12,1.9,6.4,11.2,11.8,2.4,5.9,1,0.0366703337000367,1,0.0366703337000367,1948,71.4338100476714
2018,2019,"hay_hay","hay","hay","#f781bf","#f781bf",11,12,4.6,4.6,11.2,11.8,4.6,4.6,8,0.293362669600293,11,0.403373670700403,8,0.293362669600293
2018,2019,"hay_other","hay","other","#f781bf","#AAAAAA",11,12,4.6,1,11.2,11.8,4.2,1.4,2,0.0733406674000733,11,0.403373670700403,263,9.64429776310964
2018,2019,"hay_springWheat","hay","springWheat","#f781bf","#a65628",11,12,4.6,3.7,11.2,11.8,4.5,3.8,1,0.0366703337000367,11,0.403373670700403,14,0.513384671800513
2018,2019,"other_corn","other","corn","#AAAAAA","#ffd300",11,12,1,6.4,11.2,11.8,1.6,5.8,20,0.733406674000733,290,10.6343967730106,1948,71.4338100476714
2018,2019,"other_other","other","other","#AAAAAA","#AAAAAA",11,12,1,1,11.2,11.8,1,1,245,8.98423175650898,290,10.6343967730106,263,9.64429776310964
2018,2019,"other_soy","other","soy","#AAAAAA","#4daf4a",11,12,1,5.5,11.2,11.8,1.5,5,15,0.55005500550055,290,10.6343967730106,490,17.968463513018
2018,2019,"other_springWheat","other","springWheat","#AAAAAA","#a65628",11,12,1,3.7,11.2,11.8,1.3,3.4,10,0.366703337000367,290,10.6343967730106,14,0.513384671800513
2018,2019,"soy_corn","soy","corn","#4daf4a","#ffd300",11,12,5.5,6.4,11.2,11.8,5.6,6.3,319,11.6978364503117,456,16.7216721672167,1948,71.4338100476714
2018,2019,"soy_other","soy","other","#4daf4a","#AAAAAA",11,12,5.5,1,11.2,11.8,5,1.5,10,0.366703337000367,456,16.7216721672167,263,9.64429776310964
2018,2019,"soy_soy","soy","soy","#4daf4a","#4daf4a",11,12,5.5,5.5,11.2,11.8,5.5,5.5,121,4.43711037770444,456,16.7216721672167,490,17.968463513018
2018,2019,"soy_springWheat","soy","springWheat","#4daf4a","#a65628",11,12,5.5,3.7,11.2,11.8,5.3,3.9,2,0.0733406674000733,456,16.7216721672167,14,0.513384671800513
2018,2019,"soy_sugarbeets","soy","sugarbeets","#4daf4a","#377eb8",11,12,5.5,2.8,11.2,11.8,5.2,3.1,4,0.146681334800147,456,16.7216721672167,4,0.146681334800147
2018,2019,"springWheat_corn","springWheat","corn","#a65628","#ffd300",11,12,3.7,6.4,11.2,11.8,4,6.1,1,0.0366703337000367,325,11.9178584525119,1948,71.4338100476714
2018,2019,"springWheat_other","springWheat","other","#a65628","#AAAAAA",11,12,3.7,1,11.2,11.8,3.4,1.3,2,0.0733406674000733,325,11.9178584525119,263,9.64429776310964
2018,2019,"springWheat_soy","springWheat","soy","#a65628","#4daf4a",11,12,3.7,5.5,11.2,11.8,3.9,5.3,321,11.7711771177118,325,11.9178584525119,490,17.968463513018
2018,2019,"springWheat_springWheat","springWheat","springWheat","#a65628","#a65628",11,12,3.7,3.7,11.2,11.8,3.7,3.7,1,0.0366703337000367,325,11.9178584525119,14,0.513384671800513
2018,2019,"sugarbeets_corn","sugarbeets","corn","#377eb8","#ffd300",11,12,2.8,6.4,11.2,11.8,3.2,6,2,0.0733406674000733,2,0.0733406674000733,1948,71.4338100476714
2019,2020,"corn_corn","corn","corn","#ffd300","#ffd300",12,13,6.4,6.4,12.2,12.8,6.4,6.4,1,0.0366703337000367,1948,71.4338100476714,2,0.0733406674000733
2019,2020,"corn_dryBeans","corn","dryBeans","#ffd300","#e41a1c",12,13,6.4,1.9,12.2,12.8,5.9,2.4,1,0.0366703337000367,1948,71.4338100476714,2,0.0733406674000733
2019,2020,"corn_other","corn","other","#ffd300","#AAAAAA",12,13,6.4,1,12.2,12.8,5.8,1.6,1447,53.0619728639531,1948,71.4338100476714,1768,64.8331499816648
2019,2020,"corn_soy","corn","soy","#ffd300","#4daf4a",12,13,6.4,5.5,12.2,12.8,6.3,5.6,499,18.2984965163183,1948,71.4338100476714,601,22.038870553722
2019,2020,"hay_hay","hay","hay","#f781bf","#f781bf",12,13,4.6,4.6,12.2,12.8,4.6,4.6,7,0.256692335900257,8,0.293362669600293,7,0.256692335900257
2019,2020,"hay_other","hay","other","#f781bf","#AAAAAA",12,13,4.6,1,12.2,12.8,4.2,1.4,1,0.0366703337000367,8,0.293362669600293,1768,64.8331499816648
2019,2020,"other_dryBeans","other","dryBeans","#AAAAAA","#e41a1c",12,13,1,1.9,12.2,12.8,1.1,1.8,1,0.0366703337000367,263,9.64429776310964,2,0.0733406674000733
2019,2020,"other_other","other","other","#AAAAAA","#AAAAAA",12,13,1,1,12.2,12.8,1,1,251,9.20425375870921,263,9.64429776310964,1768,64.8331499816648
2019,2020,"other_soy","other","soy","#AAAAAA","#4daf4a",12,13,1,5.5,12.2,12.8,1.5,5,10,0.366703337000367,263,9.64429776310964,601,22.038870553722
2019,2020,"other_springWheat","other","springWheat","#AAAAAA","#a65628",12,13,1,3.7,12.2,12.8,1.3,3.4,1,0.0366703337000367,263,9.64429776310964,347,12.7246057939127
2019,2020,"soy_corn","soy","corn","#4daf4a","#ffd300",12,13,5.5,6.4,12.2,12.8,5.6,6.3,1,0.0366703337000367,490,17.968463513018,2,0.0733406674000733
2019,2020,"soy_other","soy","other","#4daf4a","#AAAAAA",12,13,5.5,1,12.2,12.8,5,1.5,56,2.05353868720205,490,17.968463513018,1768,64.8331499816648
2019,2020,"soy_soy","soy","soy","#4daf4a","#4daf4a",12,13,5.5,5.5,12.2,12.8,5.5,5.5,87,3.19031903190319,490,17.968463513018,601,22.038870553722
2019,2020,"soy_springWheat","soy","springWheat","#4daf4a","#a65628",12,13,5.5,3.7,12.2,12.8,5.3,3.9,346,12.6879354602127,490,17.968463513018,347,12.7246057939127
2019,2020,"springWheat_other","springWheat","other","#a65628","#AAAAAA",12,13,3.7,1,12.2,12.8,3.4,1.3,13,0.476714338100477,14,0.513384671800513,1768,64.8331499816648
2019,2020,"springWheat_soy","springWheat","soy","#a65628","#4daf4a",12,13,3.7,5.5,12.2,12.8,3.9,5.3,1,0.0366703337000367,14,0.513384671800513,601,22.038870553722
2019,2020,"sugarbeets_soy","sugarbeets","soy","#377eb8","#4daf4a",12,13,2.8,5.5,12.2,12.8,3.1,5.2,4,0.146681334800147,4,0.146681334800147,601,22.038870553722
2020,2021,"corn_springWheat","corn","springWheat","#ffd300","#a65628",13,14,6.4,3.7,13.2,13.8,6.1,4,2,0.0733406674000733,2,0.0733406674000733,308,11.2944627796113
2020,2021,"dryBeans_corn","dryBeans","corn","#e41a1c","#ffd300",13,14,1.9,6.4,13.2,13.8,2.4,5.9,1,0.0366703337000367,2,0.0733406674000733,1696,62.1928859552622
2020,2021,"dryBeans_soy","dryBeans","soy","#e41a1c","#4daf4a",13,14,1.9,5.5,13.2,13.8,2.3,5.1,1,0.0366703337000367,2,0.0733406674000733,462,16.9416941694169
2020,2021,"hay_hay","hay","hay","#f781bf","#f781bf",13,14,4.6,4.6,13.2,13.8,4.6,4.6,7,0.256692335900257,9,0.33003300330033,11,0.403373670700403
2020,2021,"hay_other","hay","other","#f781bf","#AAAAAA",13,14,4.6,1,13.2,13.8,4.2,1.4,1,0.0366703337000367,9,0.33003300330033,245,8.98423175650898
2020,2021,"hay_soy","hay","soy","#f781bf","#4daf4a",13,14,4.6,5.5,13.2,13.8,4.7,5.4,1,0.0366703337000367,9,0.33003300330033,462,16.9416941694169
2020,2021,"other_corn","other","corn","#AAAAAA","#ffd300",13,14,1,6.4,13.2,13.8,1.6,5.8,1430,52.4385771910524,1766,64.7598093142648,1696,62.1928859552622
2020,2021,"other_dryBeans","other","dryBeans","#AAAAAA","#e41a1c",13,14,1,1.9,13.2,13.8,1.1,1.8,1,0.0366703337000367,1766,64.7598093142648,1,0.0366703337000367
2020,2021,"other_hay","other","hay","#AAAAAA","#f781bf",13,14,1,4.6,13.2,13.8,1.4,4.2,1,0.0366703337000367,1766,64.7598093142648,11,0.403373670700403
2020,2021,"other_other","other","other","#AAAAAA","#AAAAAA",13,14,1,1,13.2,13.8,1,1,238,8.72753942060873,1766,64.7598093142648,245,8.98423175650898
2020,2021,"other_soy","other","soy","#AAAAAA","#4daf4a",13,14,1,5.5,13.2,13.8,1.5,5,92,3.37367070040337,1766,64.7598093142648,462,16.9416941694169
2020,2021,"other_sugarbeets","other","sugarbeets","#AAAAAA","#377eb8",13,14,1,2.8,13.2,13.8,1.2,2.6,4,0.146681334800147,1766,64.7598093142648,4,0.146681334800147
2020,2021,"soy_corn","soy","corn","#4daf4a","#ffd300",13,14,5.5,6.4,13.2,13.8,5.6,6.3,262,9.60762742940961,601,22.038870553722,1696,62.1928859552622
2020,2021,"soy_hay","soy","hay","#4daf4a","#f781bf",13,14,5.5,4.6,13.2,13.8,5.4,4.7,2,0.0733406674000733,601,22.038870553722,11,0.403373670700403
2020,2021,"soy_other","soy","other","#4daf4a","#AAAAAA",13,14,5.5,1,13.2,13.8,5,1.5,4,0.146681334800147,601,22.038870553722,245,8.98423175650898
2020,2021,"soy_soy","soy","soy","#4daf4a","#4daf4a",13,14,5.5,5.5,13.2,13.8,5.5,5.5,27,0.99009900990099,601,22.038870553722,462,16.9416941694169
2020,2021,"soy_springWheat","soy","springWheat","#4daf4a","#a65628",13,14,5.5,3.7,13.2,13.8,5.3,3.9,306,11.2211221122112,601,22.038870553722,308,11.2944627796113
2020,2021,"springWheat_corn","springWheat","corn","#a65628","#ffd300",13,14,3.7,6.4,13.2,13.8,4,6.1,3,0.11001100110011,347,12.7246057939127,1696,62.1928859552622
2020,2021,"springWheat_hay","springWheat","hay","#a65628","#f781bf",13,14,3.7,4.6,13.2,13.8,3.8,4.5,1,0.0366703337000367,347,12.7246057939127,11,0.403373670700403
2020,2021,"springWheat_other","springWheat","other","#a65628","#AAAAAA",13,14,3.7,1,13.2,13.8,3.4,1.3,2,0.0733406674000733,347,12.7246057939127,245,8.98423175650898
2020,2021,"springWheat_soy","springWheat","soy","#a65628","#4daf4a",13,14,3.7,5.5,13.2,13.8,3.9,5.3,341,12.5045837917125,347,12.7246057939127,462,16.9416941694169
