"yearFrom","yearTo","cropRotate","cropFrom","cropTo","plottingColorFrom","plottingColorTo","plotXAxisFrom","plotXAxisTo","plotYAxisFrom","plotYAxisTo","xEndFrom","xEndTo","yEndFrom_streamlined","yEndTo_streamlined","totalNumPixels_cropTransition","totalPercPixelsWiArea_cropTransition","totalNumPixels_cropYearFrom","totalPercPixelsWiArea_cropYearFrom","totalNumPixels_cropYearTo","totalPercPixelsWiArea_cropYearTo"
2008,2009,"corn_corn","corn","corn","#ffd300","#ffd300",1,2,6.4,6.4,1.2,1.8,6.4,6.4,76,2.58327668252889,791,26.8864717878994,1516,51.5295717199184
2008,2009,"corn_other","corn","other","#ffd300","#AAAAAA",1,2,6.4,1,1.2,1.8,5.8,1.6,16,0.543847722637661,791,26.8864717878994,604,20.5302515295717
2008,2009,"corn_soy","corn","soy","#ffd300","#4daf4a",1,2,6.4,5.5,1.2,1.8,6.3,5.6,699,23.7593473827328,791,26.8864717878994,810,27.5322909585316
2008,2009,"hay_corn","hay","corn","#f781bf","#ffd300",1,2,4.6,6.4,1.2,1.8,4.8,6.2,4,0.135961930659415,8,0.271923861318831,1516,51.5295717199184
2008,2009,"hay_hay","hay","hay","#f781bf","#f781bf",1,2,4.6,4.6,1.2,1.8,4.6,4.6,4,0.135961930659415,8,0.271923861318831,12,0.407885791978246
2008,2009,"other_corn","other","corn","#AAAAAA","#ffd300",1,2,1,6.4,1.2,1.8,1.6,5.8,53,1.80149558123725,651,22.1278042148199,1516,51.5295717199184
2008,2009,"other_hay","other","hay","#AAAAAA","#f781bf",1,2,1,4.6,1.2,1.8,1.4,4.2,8,0.271923861318831,651,22.1278042148199,12,0.407885791978246
2008,2009,"other_other","other","other","#AAAAAA","#AAAAAA",1,2,1,1,1.2,1.8,1,1,562,19.1026512576479,651,22.1278042148199,604,20.5302515295717
2008,2009,"other_soy","other","soy","#AAAAAA","#4daf4a",1,2,1,5.5,1.2,1.8,1.5,5,28,0.951733514615908,651,22.1278042148199,810,27.5322909585316
2008,2009,"soy_corn","soy","corn","#4daf4a","#ffd300",1,2,5.5,6.4,1.2,1.8,5.6,6.3,1383,47.0088375254929,1492,50.7138001359619,1516,51.5295717199184
2008,2009,"soy_other","soy","other","#4daf4a","#AAAAAA",1,2,5.5,1,1.2,1.8,5,1.5,26,0.8837525492862,1492,50.7138001359619,604,20.5302515295717
2008,2009,"soy_soy","soy","soy","#4daf4a","#4daf4a",1,2,5.5,5.5,1.2,1.8,5.5,5.5,83,2.82121006118287,1492,50.7138001359619,810,27.5322909585316
2009,2010,"corn_corn","corn","corn","#ffd300","#ffd300",2,3,6.4,6.4,2.2,2.8,6.4,6.4,296,10.0611828687967,1516,51.5295717199184,1039,35.3161114887831
2009,2010,"corn_hay","corn","hay","#ffd300","#f781bf",2,3,6.4,4.6,2.2,2.8,6.2,4.8,2,0.0679809653297077,1516,51.5295717199184,35,1.18966689326988
2009,2010,"corn_other","corn","other","#ffd300","#AAAAAA",2,3,6.4,1,2.2,2.8,5.8,1.6,44,1.49558123725357,1516,51.5295717199184,591,20.0883752549286
2009,2010,"corn_soy","corn","soy","#ffd300","#4daf4a",2,3,6.4,5.5,2.2,2.8,6.3,5.6,1174,39.9048266485384,1516,51.5295717199184,1277,43.4058463630184
2009,2010,"hay_hay","hay","hay","#f781bf","#f781bf",2,3,4.6,4.6,2.2,2.8,4.6,4.6,8,0.271923861318831,8,0.271923861318831,35,1.18966689326988
2009,2010,"other_corn","other","corn","#AAAAAA","#ffd300",2,3,1,6.4,2.2,2.8,1.6,5.8,48,1.63154316791298,608,20.6662134602311,1039,35.3161114887831
2009,2010,"other_hay","other","hay","#AAAAAA","#f781bf",2,3,1,4.6,2.2,2.8,1.4,4.2,25,0.849762066621346,608,20.6662134602311,35,1.18966689326988
2009,2010,"other_other","other","other","#AAAAAA","#AAAAAA",2,3,1,1,2.2,2.8,1,1,525,17.8450033990483,608,20.6662134602311,591,20.0883752549286
2009,2010,"other_soy","other","soy","#AAAAAA","#4daf4a",2,3,1,5.5,2.2,2.8,1.5,5,10,0.339904826648538,608,20.6662134602311,1277,43.4058463630184
2009,2010,"soy_corn","soy","corn","#4daf4a","#ffd300",2,3,5.5,6.4,2.2,2.8,5.6,6.3,695,23.6233854520734,810,27.5322909585316,1039,35.3161114887831
2009,2010,"soy_other","soy","other","#4daf4a","#AAAAAA",2,3,5.5,1,2.2,2.8,5,1.5,22,0.747790618626785,810,27.5322909585316,591,20.0883752549286
2009,2010,"soy_soy","soy","soy","#4daf4a","#4daf4a",2,3,5.5,5.5,2.2,2.8,5.5,5.5,93,3.16111488783141,810,27.5322909585316,1277,43.4058463630184
2010,2011,"corn_corn","corn","corn","#ffd300","#ffd300",3,4,6.4,6.4,3.2,3.8,6.4,6.4,325,11.0469068660775,1039,35.3161114887831,1589,54.0108769544528
2010,2011,"corn_other","corn","other","#ffd300","#AAAAAA",3,4,6.4,1,3.2,3.8,5.8,1.6,24,0.815771583956492,1039,35.3161114887831,569,19.3405846363018
2010,2011,"corn_soy","corn","soy","#ffd300","#4daf4a",3,4,6.4,5.5,3.2,3.8,6.3,5.6,690,23.4534330387492,1039,35.3161114887831,775,26.3426240652617
2010,2011,"hay_corn","hay","corn","#f781bf","#ffd300",3,4,4.6,6.4,3.2,3.8,4.8,6.2,1,0.0339904826648538,36,1.22365737593474,1589,54.0108769544528
2010,2011,"hay_hay","hay","hay","#f781bf","#f781bf",3,4,4.6,4.6,3.2,3.8,4.6,4.6,4,0.135961930659415,36,1.22365737593474,9,0.305914343983685
2010,2011,"hay_other","hay","other","#f781bf","#AAAAAA",3,4,4.6,1,3.2,3.8,4.2,1.4,31,1.05370496261047,36,1.22365737593474,569,19.3405846363018
2010,2011,"other_corn","other","corn","#AAAAAA","#ffd300",3,4,1,6.4,3.2,3.8,1.6,5.8,50,1.69952413324269,590,20.0543847722638,1589,54.0108769544528
2010,2011,"other_hay","other","hay","#AAAAAA","#f781bf",3,4,1,4.6,3.2,3.8,1.4,4.2,5,0.169952413324269,590,20.0543847722638,9,0.305914343983685
2010,2011,"other_other","other","other","#AAAAAA","#AAAAAA",3,4,1,1,3.2,3.8,1,1,511,17.3691366417403,590,20.0543847722638,569,19.3405846363018
2010,2011,"other_soy","other","soy","#AAAAAA","#4daf4a",3,4,1,5.5,3.2,3.8,1.5,5,24,0.815771583956492,590,20.0543847722638,775,26.3426240652617
2010,2011,"soy_corn","soy","corn","#4daf4a","#ffd300",3,4,5.5,6.4,3.2,3.8,5.6,6.3,1213,41.2304554724677,1277,43.4058463630184,1589,54.0108769544528
2010,2011,"soy_other","soy","other","#4daf4a","#AAAAAA",3,4,5.5,1,3.2,3.8,5,1.5,3,0.101971447994562,1277,43.4058463630184,569,19.3405846363018
2010,2011,"soy_soy","soy","soy","#4daf4a","#4daf4a",3,4,5.5,5.5,3.2,3.8,5.5,5.5,61,2.07341944255608,1277,43.4058463630184,775,26.3426240652617
2011,2012,"corn_corn","corn","corn","#ffd300","#ffd300",4,5,6.4,6.4,4.2,4.8,6.4,6.4,743,25.2549286199864,1589,54.0108769544528,1508,51.2576478585996
2011,2012,"corn_other","corn","other","#ffd300","#AAAAAA",4,5,6.4,1,4.2,4.8,5.8,1.6,36,1.22365737593474,1589,54.0108769544528,561,19.068660774983
2011,2012,"corn_soy","corn","soy","#ffd300","#4daf4a",4,5,6.4,5.5,4.2,4.8,6.3,5.6,810,27.5322909585316,1589,54.0108769544528,868,29.5037389530931
2011,2012,"hay_corn","hay","corn","#f781bf","#ffd300",4,5,4.6,6.4,4.2,4.8,4.8,6.2,4,0.135961930659415,9,0.305914343983685,1508,51.2576478585996
2011,2012,"hay_hay","hay","hay","#f781bf","#f781bf",4,5,4.6,4.6,4.2,4.8,4.6,4.6,2,0.0679809653297077,9,0.305914343983685,5,0.169952413324269
2011,2012,"hay_other","hay","other","#f781bf","#AAAAAA",4,5,4.6,1,4.2,4.8,4.2,1.4,3,0.101971447994562,9,0.305914343983685,561,19.068660774983
2011,2012,"other_corn","other","corn","#AAAAAA","#ffd300",4,5,1,6.4,4.2,4.8,1.6,5.8,53,1.80149558123725,569,19.3405846363018,1508,51.2576478585996
2011,2012,"other_hay","other","hay","#AAAAAA","#f781bf",4,5,1,4.6,4.2,4.8,1.4,4.2,3,0.101971447994562,569,19.3405846363018,5,0.169952413324269
2011,2012,"other_other","other","other","#AAAAAA","#AAAAAA",4,5,1,1,4.2,4.8,1,1,511,17.3691366417403,569,19.3405846363018,561,19.068660774983
2011,2012,"other_soy","other","soy","#AAAAAA","#4daf4a",4,5,1,5.5,4.2,4.8,1.5,5,2,0.0679809653297077,569,19.3405846363018,868,29.5037389530931
2011,2012,"soy_corn","soy","corn","#4daf4a","#ffd300",4,5,5.5,6.4,4.2,4.8,5.6,6.3,708,24.0652617267165,775,26.3426240652617,1508,51.2576478585996
2011,2012,"soy_other","soy","other","#4daf4a","#AAAAAA",4,5,5.5,1,4.2,4.8,5,1.5,11,0.373895309313392,775,26.3426240652617,561,19.068660774983
2011,2012,"soy_soy","soy","soy","#4daf4a","#4daf4a",4,5,5.5,5.5,4.2,4.8,5.5,5.5,56,1.90346702923182,775,26.3426240652617,868,29.5037389530931
2012,2013,"corn_corn","corn","corn","#ffd300","#ffd300",5,6,6.4,6.4,5.2,5.8,6.4,6.4,697,23.6913664174031,1508,51.2576478585996,1556,52.8891910265126
2012,2013,"corn_hay","corn","hay","#ffd300","#f781bf",5,6,6.4,4.6,5.2,5.8,6.2,4.8,1,0.0339904826648538,1508,51.2576478585996,2,0.0679809653297077
2012,2013,"corn_other","corn","other","#ffd300","#AAAAAA",5,6,6.4,1,5.2,5.8,5.8,1.6,115,3.90890550645819,1508,51.2576478585996,648,22.0258327668253
2012,2013,"corn_soy","corn","soy","#ffd300","#4daf4a",5,6,6.4,5.5,5.2,5.8,6.3,5.6,693,23.5554044867437,1508,51.2576478585996,734,24.9490142760027
2012,2013,"corn_springWheat","corn","springWheat","#ffd300","#a65628",5,6,6.4,3.7,5.2,5.8,6.1,4,2,0.0679809653297077,1508,51.2576478585996,2,0.0679809653297077
2012,2013,"hay_hay","hay","hay","#f781bf","#f781bf",5,6,4.6,4.6,5.2,5.8,4.6,4.6,1,0.0339904826648538,5,0.169952413324269,2,0.0679809653297077
2012,2013,"hay_other","hay","other","#f781bf","#AAAAAA",5,6,4.6,1,5.2,5.8,4.2,1.4,4,0.135961930659415,5,0.169952413324269,648,22.0258327668253
2012,2013,"other_corn","other","corn","#AAAAAA","#ffd300",5,6,1,6.4,5.2,5.8,1.6,5.8,24,0.815771583956492,561,19.068660774983,1556,52.8891910265126
2012,2013,"other_other","other","other","#AAAAAA","#AAAAAA",5,6,1,1,5.2,5.8,1,1,526,17.8789938817131,561,19.068660774983,648,22.0258327668253
2012,2013,"other_soy","other","soy","#AAAAAA","#4daf4a",5,6,1,5.5,5.2,5.8,1.5,5,11,0.373895309313392,561,19.068660774983,734,24.9490142760027
2012,2013,"soy_corn","soy","corn","#4daf4a","#ffd300",5,6,5.5,6.4,5.2,5.8,5.6,6.3,835,28.382053025153,868,29.5037389530931,1556,52.8891910265126
2012,2013,"soy_other","soy","other","#4daf4a","#AAAAAA",5,6,5.5,1,5.2,5.8,5,1.5,3,0.101971447994562,868,29.5037389530931,648,22.0258327668253
2012,2013,"soy_soy","soy","soy","#4daf4a","#4daf4a",5,6,5.5,5.5,5.2,5.8,5.5,5.5,30,1.01971447994562,868,29.5037389530931,734,24.9490142760027
2013,2014,"corn_corn","corn","corn","#ffd300","#ffd300",6,7,6.4,6.4,6.2,6.8,6.4,6.4,490,16.6553365057784,1556,52.8891910265126,1174,39.9048266485384
2013,2014,"corn_hay","corn","hay","#ffd300","#f781bf",6,7,6.4,4.6,6.2,6.8,6.2,4.8,24,0.815771583956492,1556,52.8891910265126,39,1.3256288239293
2013,2014,"corn_other","corn","other","#ffd300","#AAAAAA",6,7,6.4,1,6.2,6.8,5.8,1.6,5,0.169952413324269,1556,52.8891910265126,535,18.1849082256968
2013,2014,"corn_soy","corn","soy","#ffd300","#4daf4a",6,7,6.4,5.5,6.2,6.8,6.3,5.6,1037,35.2481305234534,1556,52.8891910265126,1194,40.5846363018355
2013,2014,"hay_corn","hay","corn","#f781bf","#ffd300",6,7,4.6,6.4,6.2,6.8,4.8,6.2,1,0.0339904826648538,4,0.135961930659415,1174,39.9048266485384
2013,2014,"hay_hay","hay","hay","#f781bf","#f781bf",6,7,4.6,4.6,6.2,6.8,4.6,4.6,2,0.0679809653297077,4,0.135961930659415,39,1.3256288239293
2013,2014,"hay_soy","hay","soy","#f781bf","#4daf4a",6,7,4.6,5.5,6.2,6.8,4.7,5.4,1,0.0339904826648538,4,0.135961930659415,1194,40.5846363018355
2013,2014,"other_corn","other","corn","#AAAAAA","#ffd300",6,7,1,6.4,6.2,6.8,1.6,5.8,85,2.88919102651258,646,21.9578518014956,1174,39.9048266485384
2013,2014,"other_hay","other","hay","#AAAAAA","#f781bf",6,7,1,4.6,6.2,6.8,1.4,4.2,13,0.4418762746431,646,21.9578518014956,39,1.3256288239293
2013,2014,"other_other","other","other","#AAAAAA","#AAAAAA",6,7,1,1,6.2,6.8,1,1,525,17.8450033990483,646,21.9578518014956,535,18.1849082256968
2013,2014,"other_soy","other","soy","#AAAAAA","#4daf4a",6,7,1,5.5,6.2,6.8,1.5,5,23,0.781781101291638,646,21.9578518014956,1194,40.5846363018355
2013,2014,"soy_corn","soy","corn","#4daf4a","#ffd300",6,7,5.5,6.4,6.2,6.8,5.6,6.3,596,20.2583276682529,734,24.9490142760027,1174,39.9048266485384
2013,2014,"soy_other","soy","other","#4daf4a","#AAAAAA",6,7,5.5,1,6.2,6.8,5,1.5,5,0.169952413324269,734,24.9490142760027,535,18.1849082256968
2013,2014,"soy_soy","soy","soy","#4daf4a","#4daf4a",6,7,5.5,5.5,6.2,6.8,5.5,5.5,133,4.52073419442556,734,24.9490142760027,1194,40.5846363018355
2013,2014,"springWheat_corn","springWheat","corn","#a65628","#ffd300",6,7,3.7,6.4,6.2,6.8,4,6.1,2,0.0679809653297077,2,0.0679809653297077,1174,39.9048266485384
2014,2015,"corn_corn","corn","corn","#ffd300","#ffd300",7,8,6.4,6.4,7.2,7.8,6.4,6.4,189,6.42420122365738,1174,39.9048266485384,1105,37.5594833446635
2014,2015,"corn_hay","corn","hay","#ffd300","#f781bf",7,8,6.4,4.6,7.2,7.8,6.2,4.8,6,0.203942895989123,1174,39.9048266485384,41,1.39360978925901
2014,2015,"corn_other","corn","other","#ffd300","#AAAAAA",7,8,6.4,1,7.2,7.8,5.8,1.6,125,4.24881033310673,1174,39.9048266485384,739,25.118966689327
2014,2015,"corn_soy","corn","soy","#ffd300","#4daf4a",7,8,6.4,5.5,7.2,7.8,6.3,5.6,854,29.0278721957852,1174,39.9048266485384,1057,35.9279401767505
2014,2015,"hay_corn","hay","corn","#f781bf","#ffd300",7,8,4.6,6.4,7.2,7.8,4.8,6.2,14,0.475866757307954,39,1.3256288239293,1105,37.5594833446635
2014,2015,"hay_hay","hay","hay","#f781bf","#f781bf",7,8,4.6,4.6,7.2,7.8,4.6,4.6,18,0.611828687967369,39,1.3256288239293,41,1.39360978925901
2014,2015,"hay_other","hay","other","#f781bf","#AAAAAA",7,8,4.6,1,7.2,7.8,4.2,1.4,7,0.237933378653977,39,1.3256288239293,739,25.118966689327
2014,2015,"other_corn","other","corn","#AAAAAA","#ffd300",7,8,1,6.4,7.2,7.8,1.6,5.8,7,0.237933378653977,535,18.1849082256968,1105,37.5594833446635
2014,2015,"other_other","other","other","#AAAAAA","#AAAAAA",7,8,1,1,7.2,7.8,1,1,520,17.675050985724,535,18.1849082256968,739,25.118966689327
2014,2015,"other_soy","other","soy","#AAAAAA","#4daf4a",7,8,1,5.5,7.2,7.8,1.5,5,8,0.271923861318831,535,18.1849082256968,1057,35.9279401767505
2014,2015,"soy_corn","soy","corn","#4daf4a","#ffd300",7,8,5.5,6.4,7.2,7.8,5.6,6.3,895,30.4214819850442,1194,40.5846363018355,1105,37.5594833446635
2014,2015,"soy_hay","soy","hay","#4daf4a","#f781bf",7,8,5.5,4.6,7.2,7.8,5.4,4.7,17,0.577838205302515,1194,40.5846363018355,41,1.39360978925901
2014,2015,"soy_other","soy","other","#4daf4a","#AAAAAA",7,8,5.5,1,7.2,7.8,5,1.5,87,2.95717199184228,1194,40.5846363018355,739,25.118966689327
2014,2015,"soy_soy","soy","soy","#4daf4a","#4daf4a",7,8,5.5,5.5,7.2,7.8,5.5,5.5,195,6.6281441196465,1194,40.5846363018355,1057,35.9279401767505
2015,2016,"corn_corn","corn","corn","#ffd300","#ffd300",8,9,6.4,6.4,8.2,8.8,6.4,6.4,727,24.7110808973487,1105,37.5594833446635,1593,54.1468388851122
2015,2016,"corn_hay","corn","hay","#ffd300","#f781bf",8,9,6.4,4.6,8.2,8.8,6.2,4.8,11,0.373895309313392,1105,37.5594833446635,64,2.17539089055065
2015,2016,"corn_other","corn","other","#ffd300","#AAAAAA",8,9,6.4,1,8.2,8.8,5.8,1.6,16,0.543847722637661,1105,37.5594833446635,726,24.6770904146839
2015,2016,"corn_soy","corn","soy","#ffd300","#4daf4a",8,9,6.4,5.5,8.2,8.8,6.3,5.6,351,11.9306594153637,1105,37.5594833446635,559,19.0006798096533
2015,2016,"hay_corn","hay","corn","#f781bf","#ffd300",8,9,4.6,6.4,8.2,8.8,4.8,6.2,7,0.237933378653977,128,4.35078178110129,1593,54.1468388851122
2015,2016,"hay_hay","hay","hay","#f781bf","#f781bf",8,9,4.6,4.6,8.2,8.8,4.6,4.6,34,1.15567641060503,128,4.35078178110129,64,2.17539089055065
2015,2016,"hay_other","hay","other","#f781bf","#AAAAAA",8,9,4.6,1,8.2,8.8,4.2,1.4,2,0.0679809653297077,128,4.35078178110129,726,24.6770904146839
2015,2016,"hay_soy","hay","soy","#f781bf","#4daf4a",8,9,4.6,5.5,8.2,8.8,4.7,5.4,85,2.88919102651258,128,4.35078178110129,559,19.0006798096533
2015,2016,"other_corn","other","corn","#AAAAAA","#ffd300",8,9,1,6.4,8.2,8.8,1.6,5.8,13,0.4418762746431,652,22.1617946974847,1593,54.1468388851122
2015,2016,"other_hay","other","hay","#AAAAAA","#f781bf",8,9,1,4.6,8.2,8.8,1.4,4.2,18,0.611828687967369,652,22.1617946974847,64,2.17539089055065
2015,2016,"other_other","other","other","#AAAAAA","#AAAAAA",8,9,1,1,8.2,8.8,1,1,588,19.9864038069341,652,22.1617946974847,726,24.6770904146839
2015,2016,"other_soy","other","soy","#AAAAAA","#4daf4a",8,9,1,5.5,8.2,8.8,1.5,5,33,1.12168592794018,652,22.1617946974847,559,19.0006798096533
2015,2016,"soy_corn","soy","corn","#4daf4a","#ffd300",8,9,5.5,6.4,8.2,8.8,5.6,6.3,846,28.7559483344663,1057,35.9279401767505,1593,54.1468388851122
2015,2016,"soy_hay","soy","hay","#4daf4a","#f781bf",8,9,5.5,4.6,8.2,8.8,5.4,4.7,1,0.0339904826648538,1057,35.9279401767505,64,2.17539089055065
2015,2016,"soy_other","soy","other","#4daf4a","#AAAAAA",8,9,5.5,1,8.2,8.8,5,1.5,120,4.07885791978246,1057,35.9279401767505,726,24.6770904146839
2015,2016,"soy_soy","soy","soy","#4daf4a","#4daf4a",8,9,5.5,5.5,8.2,8.8,5.5,5.5,90,3.05914343983685,1057,35.9279401767505,559,19.0006798096533
2016,2017,"corn_corn","corn","corn","#ffd300","#ffd300",9,10,6.4,6.4,9.2,9.8,6.4,6.4,149,5.06458191706322,1593,54.1468388851122,804,27.3283480625425
2016,2017,"corn_hay","corn","hay","#ffd300","#f781bf",9,10,6.4,4.6,9.2,9.8,6.2,4.8,7,0.237933378653977,1593,54.1468388851122,63,2.14140040788579
2016,2017,"corn_other","corn","other","#ffd300","#AAAAAA",9,10,6.4,1,9.2,9.8,5.8,1.6,4,0.135961930659415,1593,54.1468388851122,512,17.4031271244052
2016,2017,"corn_soy","corn","soy","#ffd300","#4daf4a",9,10,6.4,5.5,9.2,9.8,6.3,5.6,1433,48.7083616587356,1593,54.1468388851122,1563,53.1271244051665
2016,2017,"hay_corn","hay","corn","#f781bf","#ffd300",9,10,4.6,6.4,9.2,9.8,4.8,6.2,8,0.271923861318831,66,2.24337185588035,804,27.3283480625425
2016,2017,"hay_hay","hay","hay","#f781bf","#f781bf",9,10,4.6,4.6,9.2,9.8,4.6,4.6,54,1.83548606390211,66,2.24337185588035,63,2.14140040788579
2016,2017,"hay_other","hay","other","#f781bf","#AAAAAA",9,10,4.6,1,9.2,9.8,4.2,1.4,3,0.101971447994562,66,2.24337185588035,512,17.4031271244052
2016,2017,"hay_soy","hay","soy","#f781bf","#4daf4a",9,10,4.6,5.5,9.2,9.8,4.7,5.4,1,0.0339904826648538,66,2.24337185588035,1563,53.1271244051665
2016,2017,"other_corn","other","corn","#AAAAAA","#ffd300",9,10,1,6.4,9.2,9.8,1.6,5.8,157,5.33650577838205,724,24.6091094493542,804,27.3283480625425
2016,2017,"other_hay","other","hay","#AAAAAA","#f781bf",9,10,1,4.6,9.2,9.8,1.4,4.2,2,0.0679809653297077,724,24.6091094493542,63,2.14140040788579
2016,2017,"other_other","other","other","#AAAAAA","#AAAAAA",9,10,1,1,9.2,9.8,1,1,504,17.1312032630863,724,24.6091094493542,512,17.4031271244052
2016,2017,"other_soy","other","soy","#AAAAAA","#4daf4a",9,10,1,5.5,9.2,9.8,1.5,5,61,2.07341944255608,724,24.6091094493542,1563,53.1271244051665
2016,2017,"soy_corn","soy","corn","#4daf4a","#ffd300",9,10,5.5,6.4,9.2,9.8,5.6,6.3,490,16.6553365057784,559,19.0006798096533,804,27.3283480625425
2016,2017,"soy_other","soy","other","#4daf4a","#AAAAAA",9,10,5.5,1,9.2,9.8,5,1.5,1,0.0339904826648538,559,19.0006798096533,512,17.4031271244052
2016,2017,"soy_soy","soy","soy","#4daf4a","#4daf4a",9,10,5.5,5.5,9.2,9.8,5.5,5.5,68,2.31135282121006,559,19.0006798096533,1563,53.1271244051665
2017,2018,"corn_corn","corn","corn","#ffd300","#ffd300",10,11,6.4,6.4,10.2,10.8,6.4,6.4,232,7.88579197824609,804,27.3283480625425,1769,60.1291638341264
2017,2018,"corn_hay","corn","hay","#ffd300","#f781bf",10,11,6.4,4.6,10.2,10.8,6.2,4.8,21,0.713800135961931,804,27.3283480625425,78,2.6512576478586
2017,2018,"corn_other","corn","other","#ffd300","#AAAAAA",10,11,6.4,1,10.2,10.8,5.8,1.6,4,0.135961930659415,804,27.3283480625425,513,17.43711760707
2017,2018,"corn_soy","corn","soy","#ffd300","#4daf4a",10,11,6.4,5.5,10.2,10.8,6.3,5.6,547,18.5927940176751,804,27.3283480625425,582,19.7824609109449
2017,2018,"hay_corn","hay","corn","#f781bf","#ffd300",10,11,4.6,6.4,10.2,10.8,4.8,6.2,9,0.305914343983685,71,2.41332426920462,1769,60.1291638341264
2017,2018,"hay_hay","hay","hay","#f781bf","#f781bf",10,11,4.6,4.6,10.2,10.8,4.6,4.6,54,1.83548606390211,71,2.41332426920462,78,2.6512576478586
2017,2018,"hay_other","hay","other","#f781bf","#AAAAAA",10,11,4.6,1,10.2,10.8,4.2,1.4,6,0.203942895989123,71,2.41332426920462,513,17.43711760707
2017,2018,"hay_soy","hay","soy","#f781bf","#4daf4a",10,11,4.6,5.5,10.2,10.8,4.7,5.4,2,0.0679809653297077,71,2.41332426920462,582,19.7824609109449
2017,2018,"other_corn","other","corn","#AAAAAA","#ffd300",10,11,1,6.4,10.2,10.8,1.6,5.8,5,0.169952413324269,504,17.1312032630863,1769,60.1291638341264
2017,2018,"other_hay","other","hay","#AAAAAA","#f781bf",10,11,1,4.6,10.2,10.8,1.4,4.2,1,0.0339904826648538,504,17.1312032630863,78,2.6512576478586
2017,2018,"other_other","other","other","#AAAAAA","#AAAAAA",10,11,1,1,10.2,10.8,1,1,497,16.8932698844324,504,17.1312032630863,513,17.43711760707
2017,2018,"other_soy","other","soy","#AAAAAA","#4daf4a",10,11,1,5.5,10.2,10.8,1.5,5,1,0.0339904826648538,504,17.1312032630863,582,19.7824609109449
2017,2018,"soy_corn","soy","corn","#4daf4a","#ffd300",10,11,5.5,6.4,10.2,10.8,5.6,6.3,1523,51.7675050985724,1563,53.1271244051665,1769,60.1291638341264
2017,2018,"soy_hay","soy","hay","#4daf4a","#f781bf",10,11,5.5,4.6,10.2,10.8,5.4,4.7,2,0.0679809653297077,1563,53.1271244051665,78,2.6512576478586
2017,2018,"soy_other","soy","other","#4daf4a","#AAAAAA",10,11,5.5,1,10.2,10.8,5,1.5,6,0.203942895989123,1563,53.1271244051665,513,17.43711760707
2017,2018,"soy_soy","soy","soy","#4daf4a","#4daf4a",10,11,5.5,5.5,10.2,10.8,5.5,5.5,32,1.08769544527532,1563,53.1271244051665,582,19.7824609109449
2018,2019,"corn_corn","corn","corn","#ffd300","#ffd300",11,12,6.4,6.4,11.2,11.8,6.4,6.4,106,3.60299116247451,1769,60.1291638341264,667,22.6716519374575
2018,2019,"corn_hay","corn","hay","#ffd300","#f781bf",11,12,6.4,4.6,11.2,11.8,6.2,4.8,6,0.203942895989123,1769,60.1291638341264,83,2.82121006118287
2018,2019,"corn_other","corn","other","#ffd300","#AAAAAA",11,12,6.4,1,11.2,11.8,5.8,1.6,121,4.11284840244731,1769,60.1291638341264,637,21.6519374575119
2018,2019,"corn_soy","corn","soy","#ffd300","#4daf4a",11,12,6.4,5.5,11.2,11.8,6.3,5.6,1536,52.2093813732155,1769,60.1291638341264,1555,52.8552005438477
2018,2019,"hay_corn","hay","corn","#f781bf","#ffd300",11,12,4.6,6.4,11.2,11.8,4.8,6.2,6,0.203942895989123,84,2.85520054384772,667,22.6716519374575
2018,2019,"hay_hay","hay","hay","#f781bf","#f781bf",11,12,4.6,4.6,11.2,11.8,4.6,4.6,75,2.54928619986404,84,2.85520054384772,83,2.82121006118287
2018,2019,"hay_other","hay","other","#f781bf","#AAAAAA",11,12,4.6,1,11.2,11.8,4.2,1.4,2,0.0679809653297077,84,2.85520054384772,637,21.6519374575119
2018,2019,"hay_soy","hay","soy","#f781bf","#4daf4a",11,12,4.6,5.5,11.2,11.8,4.7,5.4,1,0.0339904826648538,84,2.85520054384772,1555,52.8552005438477
2018,2019,"other_corn","other","corn","#AAAAAA","#ffd300",11,12,1,6.4,11.2,11.8,1.6,5.8,18,0.611828687967369,507,17.2331747110809,667,22.6716519374575
2018,2019,"other_hay","other","hay","#AAAAAA","#f781bf",11,12,1,4.6,11.2,11.8,1.4,4.2,2,0.0679809653297077,507,17.2331747110809,83,2.82121006118287
2018,2019,"other_other","other","other","#AAAAAA","#AAAAAA",11,12,1,1,11.2,11.8,1,1,477,16.2134602311353,507,17.2331747110809,637,21.6519374575119
2018,2019,"other_soy","other","soy","#AAAAAA","#4daf4a",11,12,1,5.5,11.2,11.8,1.5,5,10,0.339904826648538,507,17.2331747110809,1555,52.8552005438477
2018,2019,"soy_corn","soy","corn","#4daf4a","#ffd300",11,12,5.5,6.4,11.2,11.8,5.6,6.3,537,18.2528891910265,582,19.7824609109449,667,22.6716519374575
2018,2019,"soy_other","soy","other","#4daf4a","#AAAAAA",11,12,5.5,1,11.2,11.8,5,1.5,37,1.25764785859959,582,19.7824609109449,637,21.6519374575119
2018,2019,"soy_soy","soy","soy","#4daf4a","#4daf4a",11,12,5.5,5.5,11.2,11.8,5.5,5.5,8,0.271923861318831,582,19.7824609109449,1555,52.8552005438477
2019,2020,"corn_corn","corn","corn","#ffd300","#ffd300",12,13,6.4,6.4,12.2,12.8,6.4,6.4,54,1.83548606390211,667,22.6716519374575,1603,54.4867437117607
2019,2020,"corn_hay","corn","hay","#ffd300","#f781bf",12,13,6.4,4.6,12.2,12.8,6.2,4.8,3,0.101971447994562,667,22.6716519374575,84,2.85520054384772
2019,2020,"corn_other","corn","other","#ffd300","#AAAAAA",12,13,6.4,1,12.2,12.8,5.8,1.6,16,0.543847722637661,667,22.6716519374575,624,21.2100611828688
2019,2020,"corn_soy","corn","soy","#ffd300","#4daf4a",12,13,6.4,5.5,12.2,12.8,6.3,5.6,594,20.1903467029232,667,22.6716519374575,631,21.4479945615228
2019,2020,"hay_corn","hay","corn","#f781bf","#ffd300",12,13,4.6,6.4,12.2,12.8,4.8,6.2,4,0.135961930659415,84,2.85520054384772,1603,54.4867437117607
2019,2020,"hay_hay","hay","hay","#f781bf","#f781bf",12,13,4.6,4.6,12.2,12.8,4.6,4.6,73,2.48130523453433,84,2.85520054384772,84,2.85520054384772
2019,2020,"hay_other","hay","other","#f781bf","#AAAAAA",12,13,4.6,1,12.2,12.8,4.2,1.4,7,0.237933378653977,84,2.85520054384772,624,21.2100611828688
2019,2020,"other_corn","other","corn","#AAAAAA","#ffd300",12,13,1,6.4,12.2,12.8,1.6,5.8,17,0.577838205302515,636,21.617946974847,1603,54.4867437117607
2019,2020,"other_hay","other","hay","#AAAAAA","#f781bf",12,13,1,4.6,12.2,12.8,1.4,4.2,6,0.203942895989123,636,21.617946974847,84,2.85520054384772
2019,2020,"other_other","other","other","#AAAAAA","#AAAAAA",12,13,1,1,12.2,12.8,1,1,594,20.1903467029232,636,21.617946974847,624,21.2100611828688
2019,2020,"other_soy","other","soy","#AAAAAA","#4daf4a",12,13,1,5.5,12.2,12.8,1.5,5,19,0.645819170632223,636,21.617946974847,631,21.4479945615228
2019,2020,"soy_corn","soy","corn","#4daf4a","#ffd300",12,13,5.5,6.4,12.2,12.8,5.6,6.3,1528,51.9374575118967,1555,52.8552005438477,1603,54.4867437117607
2019,2020,"soy_hay","soy","hay","#4daf4a","#f781bf",12,13,5.5,4.6,12.2,12.8,5.4,4.7,2,0.0679809653297077,1555,52.8552005438477,84,2.85520054384772
2019,2020,"soy_other","soy","other","#4daf4a","#AAAAAA",12,13,5.5,1,12.2,12.8,5,1.5,7,0.237933378653977,1555,52.8552005438477,624,21.2100611828688
2019,2020,"soy_soy","soy","soy","#4daf4a","#4daf4a",12,13,5.5,5.5,12.2,12.8,5.5,5.5,18,0.611828687967369,1555,52.8552005438477,631,21.4479945615228
2020,2021,"corn_corn","corn","corn","#ffd300","#ffd300",13,14,6.4,6.4,13.2,13.8,6.4,6.4,53,1.80149558123725,1603,54.4867437117607,568,19.306594153637
2020,2021,"corn_hay","corn","hay","#ffd300","#f781bf",13,14,6.4,4.6,13.2,13.8,6.2,4.8,5,0.169952413324269,1603,54.4867437117607,76,2.58327668252889
2020,2021,"corn_other","corn","other","#ffd300","#AAAAAA",13,14,6.4,1,13.2,13.8,5.8,1.6,11,0.373895309313392,1603,54.4867437117607,738,25.0849762066621
2020,2021,"corn_soy","corn","soy","#ffd300","#4daf4a",13,14,6.4,5.5,13.2,13.8,6.3,5.6,1534,52.1414004078858,1603,54.4867437117607,1560,53.025152957172
2020,2021,"hay_hay","hay","hay","#f781bf","#f781bf",13,14,4.6,4.6,13.2,13.8,4.6,4.6,63,2.14140040788579,84,2.85520054384772,76,2.58327668252889
2020,2021,"hay_other","hay","other","#f781bf","#AAAAAA",13,14,4.6,1,13.2,13.8,4.2,1.4,20,0.679809653297077,84,2.85520054384772,738,25.0849762066621
2020,2021,"hay_soy","hay","soy","#f781bf","#4daf4a",13,14,4.6,5.5,13.2,13.8,4.7,5.4,1,0.0339904826648538,84,2.85520054384772,1560,53.025152957172
2020,2021,"other_corn","other","corn","#AAAAAA","#ffd300",13,14,1,6.4,13.2,13.8,1.6,5.8,3,0.101971447994562,624,21.2100611828688,568,19.306594153637
2020,2021,"other_hay","other","hay","#AAAAAA","#f781bf",13,14,1,4.6,13.2,13.8,1.4,4.2,3,0.101971447994562,624,21.2100611828688,76,2.58327668252889
2020,2021,"other_other","other","other","#AAAAAA","#AAAAAA",13,14,1,1,13.2,13.8,1,1,612,20.8021753908906,624,21.2100611828688,738,25.0849762066621
2020,2021,"other_soy","other","soy","#AAAAAA","#4daf4a",13,14,1,5.5,13.2,13.8,1.5,5,6,0.203942895989123,624,21.2100611828688,1560,53.025152957172
2020,2021,"soy_corn","soy","corn","#4daf4a","#ffd300",13,14,5.5,6.4,13.2,13.8,5.6,6.3,512,17.4031271244052,631,21.4479945615228,568,19.306594153637
2020,2021,"soy_hay","soy","hay","#4daf4a","#f781bf",13,14,5.5,4.6,13.2,13.8,5.4,4.7,5,0.169952413324269,631,21.4479945615228,76,2.58327668252889
2020,2021,"soy_other","soy","other","#4daf4a","#AAAAAA",13,14,5.5,1,13.2,13.8,5,1.5,95,3.22909585316111,631,21.4479945615228,738,25.0849762066621
2020,2021,"soy_soy","soy","soy","#4daf4a","#4daf4a",13,14,5.5,5.5,13.2,13.8,5.5,5.5,19,0.645819170632223,631,21.4479945615228,1560,53.025152957172
