"xCoords","yCoords","width","colorToUse"
1,6.4,14.6967071057192,"#ffd300"
1.2,6.4,14.6967071057192,"#ffd300"
1.4,6.4,14.6967071057192,"#ffd300"
2,6.4,14.6967071057192,"#ffd300"
1.8,6.4,14.6967071057192,"#ffd300"
1.6,6.4,14.6967071057192,"#ffd300"
1,6.4,1.59445407279029,"#f781bf"
1.2,6.2,1.59445407279029,"#f781bf"
1.4,6.2,1.59445407279029,"#f781bf"
2,4.6,1.59445407279029,"#ffd300"
1.8,4.8,1.59445407279029,"#ffd300"
1.6,4.8,1.59445407279029,"#ffd300"
1,6.4,27.5909878682842,"#AAAAAA"
1.2,5.8,27.5909878682842,"#AAAAAA"
1.4,5.8,27.5909878682842,"#AAAAAA"
2,1,27.5909878682842,"#ffd300"
1.8,1.6,27.5909878682842,"#ffd300"
1.6,1.6,27.5909878682842,"#ffd300"
1,6.4,9.35875216637782,"#4daf4a"
1.2,6.3,9.35875216637782,"#4daf4a"
1.4,6.3,9.35875216637782,"#4daf4a"
2,5.5,9.35875216637782,"#ffd300"
1.8,5.6,9.35875216637782,"#ffd300"
1.6,5.6,9.35875216637782,"#ffd300"
1,4.6,5.33795493934142,"#ffd300"
1.2,4.8,5.33795493934142,"#ffd300"
1.4,4.8,5.33795493934142,"#ffd300"
2,6.4,5.33795493934142,"#f781bf"
1.8,6.2,5.33795493934142,"#f781bf"
1.6,6.2,5.33795493934142,"#f781bf"
1,4.6,6.75909878682842,"#f781bf"
1.2,4.6,6.75909878682842,"#f781bf"
1.4,4.6,6.75909878682842,"#f781bf"
2,4.6,6.75909878682842,"#f781bf"
1.8,4.6,6.75909878682842,"#f781bf"
1.6,4.6,6.75909878682842,"#f781bf"
1,4.6,3.46620450606586,"#AAAAAA"
1.2,4.2,3.46620450606586,"#AAAAAA"
1.4,4.2,3.46620450606586,"#AAAAAA"
2,1,3.46620450606586,"#f781bf"
1.8,1.4,3.46620450606586,"#f781bf"
1.6,1.4,3.46620450606586,"#f781bf"
1,1,4.12478336221837,"#ffd300"
1.2,1.6,4.12478336221837,"#ffd300"
1.4,1.6,4.12478336221837,"#ffd300"
2,6.4,4.12478336221837,"#AAAAAA"
1.8,5.8,4.12478336221837,"#AAAAAA"
1.6,5.8,4.12478336221837,"#AAAAAA"
1,1,3.15424610051993,"#f781bf"
1.2,1.4,3.15424610051993,"#f781bf"
1.4,1.4,3.15424610051993,"#f781bf"
2,4.6,3.15424610051993,"#AAAAAA"
1.8,4.2,3.15424610051993,"#AAAAAA"
1.6,4.2,3.15424610051993,"#AAAAAA"
1,1,18.4402079722704,"#AAAAAA"
1.2,1,18.4402079722704,"#AAAAAA"
1.4,1,18.4402079722704,"#AAAAAA"
2,1,18.4402079722704,"#AAAAAA"
1.8,1,18.4402079722704,"#AAAAAA"
1.6,1,18.4402079722704,"#AAAAAA"
1,1,0.693240901213172,"#4daf4a"
1.2,1.5,0.693240901213172,"#4daf4a"
1.4,1.5,0.693240901213172,"#4daf4a"
2,5.5,0.693240901213172,"#AAAAAA"
1.8,5,0.693240901213172,"#AAAAAA"
1.6,5,0.693240901213172,"#AAAAAA"
1,5.5,3.32755632582322,"#ffd300"
1.2,5.6,3.32755632582322,"#ffd300"
1.4,5.6,3.32755632582322,"#ffd300"
2,6.4,3.32755632582322,"#4daf4a"
1.8,6.3,3.32755632582322,"#4daf4a"
1.6,6.3,3.32755632582322,"#4daf4a"
1,5.5,0.0693240901213172,"#f781bf"
1.2,5.4,0.0693240901213172,"#f781bf"
1.4,5.4,0.0693240901213172,"#f781bf"
2,4.6,0.0693240901213172,"#4daf4a"
1.8,4.7,0.0693240901213172,"#4daf4a"
1.6,4.7,0.0693240901213172,"#4daf4a"
1,5.5,1.21317157712305,"#AAAAAA"
1.2,5,1.21317157712305,"#AAAAAA"
1.4,5,1.21317157712305,"#AAAAAA"
2,1,1.21317157712305,"#4daf4a"
1.8,1.5,1.21317157712305,"#4daf4a"
1.6,1.5,1.21317157712305,"#4daf4a"
1,5.5,0.173310225303293,"#4daf4a"
1.2,5.5,0.173310225303293,"#4daf4a"
1.4,5.5,0.173310225303293,"#4daf4a"
2,5.5,0.173310225303293,"#4daf4a"
1.8,5.5,0.173310225303293,"#4daf4a"
1.6,5.5,0.173310225303293,"#4daf4a"
2,6.4,15.0779896013865,"#ffd300"
2.2,6.4,15.0779896013865,"#ffd300"
2.4,6.4,15.0779896013865,"#ffd300"
3,6.4,15.0779896013865,"#ffd300"
2.8,6.4,15.0779896013865,"#ffd300"
2.6,6.4,15.0779896013865,"#ffd300"
2,6.4,0.24263431542461,"#f781bf"
2.2,6.2,0.24263431542461,"#f781bf"
2.4,6.2,0.24263431542461,"#f781bf"
3,4.6,0.24263431542461,"#ffd300"
2.8,4.8,0.24263431542461,"#ffd300"
2.6,4.8,0.24263431542461,"#ffd300"
2,6.4,6.4471403812825,"#AAAAAA"
2.2,5.8,6.4471403812825,"#AAAAAA"
2.4,5.8,6.4471403812825,"#AAAAAA"
3,1,6.4471403812825,"#ffd300"
2.8,1.6,6.4471403812825,"#ffd300"
2.6,1.6,6.4471403812825,"#ffd300"
2,6.4,5.71923743500867,"#4daf4a"
2.2,6.3,5.71923743500867,"#4daf4a"
2.4,6.3,5.71923743500867,"#4daf4a"
3,5.5,5.71923743500867,"#ffd300"
2.8,5.6,5.71923743500867,"#ffd300"
2.6,5.6,5.71923743500867,"#ffd300"
2,4.6,4.67937608318891,"#ffd300"
2.2,4.8,4.67937608318891,"#ffd300"
2.4,4.8,4.67937608318891,"#ffd300"
3,6.4,4.67937608318891,"#f781bf"
2.8,6.2,4.67937608318891,"#f781bf"
2.6,6.2,4.67937608318891,"#f781bf"
2,4.6,4.22876949740035,"#f781bf"
2.2,4.6,4.22876949740035,"#f781bf"
2.4,4.6,4.22876949740035,"#f781bf"
3,4.6,4.22876949740035,"#f781bf"
2.8,4.6,4.22876949740035,"#f781bf"
2.6,4.6,4.22876949740035,"#f781bf"
2,4.6,2.07972270363951,"#AAAAAA"
2.2,4.2,2.07972270363951,"#AAAAAA"
2.4,4.2,2.07972270363951,"#AAAAAA"
3,1,2.07972270363951,"#f781bf"
2.8,1.4,2.07972270363951,"#f781bf"
2.6,1.4,2.07972270363951,"#f781bf"
2,4.6,0.623916811091854,"#4daf4a"
2.2,4.7,0.623916811091854,"#4daf4a"
2.4,4.7,0.623916811091854,"#4daf4a"
3,5.5,0.623916811091854,"#f781bf"
2.8,5.4,0.623916811091854,"#f781bf"
2.6,5.4,0.623916811091854,"#f781bf"
2,1,23.9861351819757,"#ffd300"
2.2,1.6,23.9861351819757,"#ffd300"
2.4,1.6,23.9861351819757,"#ffd300"
3,6.4,23.9861351819757,"#AAAAAA"
2.8,5.8,23.9861351819757,"#AAAAAA"
2.6,5.8,23.9861351819757,"#AAAAAA"
2,1,5.78856152512998,"#f781bf"
2.2,1.4,5.78856152512998,"#f781bf"
2.4,1.4,5.78856152512998,"#f781bf"
3,4.6,5.78856152512998,"#AAAAAA"
2.8,4.2,5.78856152512998,"#AAAAAA"
2.6,4.2,5.78856152512998,"#AAAAAA"
2,1,18.2668977469671,"#AAAAAA"
2.2,1,18.2668977469671,"#AAAAAA"
2.4,1,18.2668977469671,"#AAAAAA"
3,1,18.2668977469671,"#AAAAAA"
2.8,1,18.2668977469671,"#AAAAAA"
2.6,1,18.2668977469671,"#AAAAAA"
2,1,2.63431542461005,"#4daf4a"
2.2,1.5,2.63431542461005,"#4daf4a"
2.4,1.5,2.63431542461005,"#4daf4a"
3,5.5,2.63431542461005,"#AAAAAA"
2.8,5,2.63431542461005,"#AAAAAA"
2.6,5,2.63431542461005,"#AAAAAA"
2,5.5,9.60138648180243,"#ffd300"
2.2,5.6,9.60138648180243,"#ffd300"
2.4,5.6,9.60138648180243,"#ffd300"
3,6.4,9.60138648180243,"#4daf4a"
2.8,6.3,9.60138648180243,"#4daf4a"
2.6,6.3,9.60138648180243,"#4daf4a"
2,5.5,0.554592720970537,"#AAAAAA"
2.2,5,0.554592720970537,"#AAAAAA"
2.4,5,0.554592720970537,"#AAAAAA"
3,1,0.554592720970537,"#4daf4a"
2.8,1.5,0.554592720970537,"#4daf4a"
2.6,1.5,0.554592720970537,"#4daf4a"
2,5.5,0.0693240901213172,"#4daf4a"
2.2,5.5,0.0693240901213172,"#4daf4a"
2.4,5.5,0.0693240901213172,"#4daf4a"
3,5.5,0.0693240901213172,"#4daf4a"
2.8,5.5,0.0693240901213172,"#4daf4a"
2.6,5.5,0.0693240901213172,"#4daf4a"
3,6.4,37.4696707105719,"#ffd300"
3.2,6.4,37.4696707105719,"#ffd300"
3.4,6.4,37.4696707105719,"#ffd300"
4,6.4,37.4696707105719,"#ffd300"
3.8,6.4,37.4696707105719,"#ffd300"
3.6,6.4,37.4696707105719,"#ffd300"
3,6.4,0.277296360485269,"#f781bf"
3.2,6.2,0.277296360485269,"#f781bf"
3.4,6.2,0.277296360485269,"#f781bf"
4,4.6,0.277296360485269,"#ffd300"
3.8,4.8,0.277296360485269,"#ffd300"
3.6,4.8,0.277296360485269,"#ffd300"
3,6.4,8.31889081455806,"#AAAAAA"
3.2,5.8,8.31889081455806,"#AAAAAA"
3.4,5.8,8.31889081455806,"#AAAAAA"
4,1,8.31889081455806,"#ffd300"
3.8,1.6,8.31889081455806,"#ffd300"
3.6,1.6,8.31889081455806,"#ffd300"
3,6.4,7.2790294627383,"#4daf4a"
3.2,6.3,7.2790294627383,"#4daf4a"
3.4,6.3,7.2790294627383,"#4daf4a"
4,5.5,7.2790294627383,"#ffd300"
3.8,5.6,7.2790294627383,"#ffd300"
3.6,5.6,7.2790294627383,"#ffd300"
3,4.6,3.29289428076256,"#ffd300"
3.2,4.8,3.29289428076256,"#ffd300"
3.4,4.8,3.29289428076256,"#ffd300"
4,6.4,3.29289428076256,"#f781bf"
3.8,6.2,3.29289428076256,"#f781bf"
3.6,6.2,3.29289428076256,"#f781bf"
3,4.6,6.55112651646447,"#f781bf"
3.2,4.6,6.55112651646447,"#f781bf"
3.4,4.6,6.55112651646447,"#f781bf"
4,4.6,6.55112651646447,"#f781bf"
3.8,4.6,6.55112651646447,"#f781bf"
3.6,4.6,6.55112651646447,"#f781bf"
3,4.6,0.381282495667244,"#AAAAAA"
3.2,4.2,0.381282495667244,"#AAAAAA"
3.4,4.2,0.381282495667244,"#AAAAAA"
4,1,0.381282495667244,"#f781bf"
3.8,1.4,0.381282495667244,"#f781bf"
3.6,1.4,0.381282495667244,"#f781bf"
3,1,3.57019064124783,"#ffd300"
3.2,1.6,3.57019064124783,"#ffd300"
3.4,1.6,3.57019064124783,"#ffd300"
4,6.4,3.57019064124783,"#AAAAAA"
3.8,5.8,3.57019064124783,"#AAAAAA"
3.6,5.8,3.57019064124783,"#AAAAAA"
3,1,11.0225303292894,"#f781bf"
3.2,1.4,11.0225303292894,"#f781bf"
3.4,1.4,11.0225303292894,"#f781bf"
4,4.6,11.0225303292894,"#AAAAAA"
3.8,4.2,11.0225303292894,"#AAAAAA"
3.6,4.2,11.0225303292894,"#AAAAAA"
3,1,12.686308492201,"#AAAAAA"
3.2,1,12.686308492201,"#AAAAAA"
3.4,1,12.686308492201,"#AAAAAA"
4,1,12.686308492201,"#AAAAAA"
3.8,1,12.686308492201,"#AAAAAA"
3.6,1,12.686308492201,"#AAAAAA"
3,1,0.103986135181976,"#4daf4a"
3.2,1.5,0.103986135181976,"#4daf4a"
3.4,1.5,0.103986135181976,"#4daf4a"
4,5.5,0.103986135181976,"#AAAAAA"
3.8,5,0.103986135181976,"#AAAAAA"
3.6,5,0.103986135181976,"#AAAAAA"
3,5.5,7.6949740034662,"#ffd300"
3.2,5.6,7.6949740034662,"#ffd300"
3.4,5.6,7.6949740034662,"#ffd300"
4,6.4,7.6949740034662,"#4daf4a"
3.8,6.3,7.6949740034662,"#4daf4a"
3.6,6.3,7.6949740034662,"#4daf4a"
3,5.5,0.0346620450606586,"#f781bf"
3.2,5.4,0.0346620450606586,"#f781bf"
3.4,5.4,0.0346620450606586,"#f781bf"
4,4.6,0.0346620450606586,"#4daf4a"
3.8,4.7,0.0346620450606586,"#4daf4a"
3.6,4.7,0.0346620450606586,"#4daf4a"
3,5.5,1.07452339688042,"#AAAAAA"
3.2,5,1.07452339688042,"#AAAAAA"
3.4,5,1.07452339688042,"#AAAAAA"
4,1,1.07452339688042,"#4daf4a"
3.8,1.5,1.07452339688042,"#4daf4a"
3.6,1.5,1.07452339688042,"#4daf4a"
3,5.5,0.24263431542461,"#4daf4a"
3.2,5.5,0.24263431542461,"#4daf4a"
3.4,5.5,0.24263431542461,"#4daf4a"
4,5.5,0.24263431542461,"#4daf4a"
3.8,5.5,0.24263431542461,"#4daf4a"
3.6,5.5,0.24263431542461,"#4daf4a"
4,6.4,15.8752166377816,"#ffd300"
4.2,6.4,15.8752166377816,"#ffd300"
4.4,6.4,15.8752166377816,"#ffd300"
5,6.4,15.8752166377816,"#ffd300"
4.8,6.4,15.8752166377816,"#ffd300"
4.6,6.4,15.8752166377816,"#ffd300"
4,6.4,4.61005199306759,"#f781bf"
4.2,6.2,4.61005199306759,"#f781bf"
4.4,6.2,4.61005199306759,"#f781bf"
5,4.6,4.61005199306759,"#ffd300"
4.8,4.8,4.61005199306759,"#ffd300"
4.6,4.8,4.61005199306759,"#ffd300"
4,6.4,2.91161178509532,"#AAAAAA"
4.2,5.8,2.91161178509532,"#AAAAAA"
4.4,5.8,2.91161178509532,"#AAAAAA"
5,1,2.91161178509532,"#ffd300"
4.8,1.6,2.91161178509532,"#ffd300"
4.6,1.6,2.91161178509532,"#ffd300"
4,6.4,28.630849220104,"#4daf4a"
4.2,6.3,28.630849220104,"#4daf4a"
4.4,6.3,28.630849220104,"#4daf4a"
5,5.5,28.630849220104,"#ffd300"
4.8,5.6,28.630849220104,"#ffd300"
4.6,5.6,28.630849220104,"#ffd300"
4,4.6,5.23396880415945,"#ffd300"
4.2,4.8,5.23396880415945,"#ffd300"
4.4,4.8,5.23396880415945,"#ffd300"
5,6.4,5.23396880415945,"#f781bf"
4.8,6.2,5.23396880415945,"#f781bf"
4.6,6.2,5.23396880415945,"#f781bf"
4,4.6,8.76949740034662,"#f781bf"
4.2,4.6,8.76949740034662,"#f781bf"
4.4,4.6,8.76949740034662,"#f781bf"
5,4.6,8.76949740034662,"#f781bf"
4.8,4.6,8.76949740034662,"#f781bf"
4.6,4.6,8.76949740034662,"#f781bf"
4,4.6,3.95147313691508,"#AAAAAA"
4.2,4.2,3.95147313691508,"#AAAAAA"
4.4,4.2,3.95147313691508,"#AAAAAA"
5,1,3.95147313691508,"#f781bf"
4.8,1.4,3.95147313691508,"#f781bf"
4.6,1.4,3.95147313691508,"#f781bf"
4,1,1.24783362218371,"#ffd300"
4.2,1.6,1.24783362218371,"#ffd300"
4.4,1.6,1.24783362218371,"#ffd300"
5,6.4,1.24783362218371,"#AAAAAA"
4.8,5.8,1.24783362218371,"#AAAAAA"
4.6,5.8,1.24783362218371,"#AAAAAA"
4,1,5.89254766031196,"#f781bf"
4.2,1.4,5.89254766031196,"#f781bf"
4.4,1.4,5.89254766031196,"#f781bf"
5,4.6,5.89254766031196,"#AAAAAA"
4.8,4.2,5.89254766031196,"#AAAAAA"
4.6,4.2,5.89254766031196,"#AAAAAA"
4,1,14.9046793760832,"#AAAAAA"
4.2,1,14.9046793760832,"#AAAAAA"
4.4,1,14.9046793760832,"#AAAAAA"
5,1,14.9046793760832,"#AAAAAA"
4.8,1,14.9046793760832,"#AAAAAA"
4.6,1,14.9046793760832,"#AAAAAA"
4,1,0.346620450606586,"#4daf4a"
4.2,1.5,0.346620450606586,"#4daf4a"
4.4,1.5,0.346620450606586,"#4daf4a"
5,5.5,0.346620450606586,"#AAAAAA"
4.8,5,0.346620450606586,"#AAAAAA"
4.6,5,0.346620450606586,"#AAAAAA"
4,5.5,7.38301559792028,"#ffd300"
4.2,5.6,7.38301559792028,"#ffd300"
4.4,5.6,7.38301559792028,"#ffd300"
5,6.4,7.38301559792028,"#4daf4a"
4.8,6.3,7.38301559792028,"#4daf4a"
4.6,6.3,7.38301559792028,"#4daf4a"
4,5.5,0.0346620450606586,"#f781bf"
4.2,5.4,0.0346620450606586,"#f781bf"
4.4,5.4,0.0346620450606586,"#f781bf"
5,4.6,0.0346620450606586,"#4daf4a"
4.8,4.7,0.0346620450606586,"#4daf4a"
4.6,4.7,0.0346620450606586,"#4daf4a"
4,5.5,0.0693240901213172,"#AAAAAA"
4.2,5,0.0693240901213172,"#AAAAAA"
4.4,5,0.0693240901213172,"#AAAAAA"
5,1,0.0693240901213172,"#4daf4a"
4.8,1.5,0.0693240901213172,"#4daf4a"
4.6,1.5,0.0693240901213172,"#4daf4a"
4,5.5,0.138648180242634,"#4daf4a"
4.2,5.5,0.138648180242634,"#4daf4a"
4.4,5.5,0.138648180242634,"#4daf4a"
5,5.5,0.138648180242634,"#4daf4a"
4.8,5.5,0.138648180242634,"#4daf4a"
4.6,5.5,0.138648180242634,"#4daf4a"
5,6.4,19.4107452339688,"#ffd300"
5.2,6.4,19.4107452339688,"#ffd300"
5.4,6.4,19.4107452339688,"#ffd300"
6,6.4,19.4107452339688,"#ffd300"
5.8,6.4,19.4107452339688,"#ffd300"
5.6,6.4,19.4107452339688,"#ffd300"
5,6.4,3.60485268630849,"#f781bf"
5.2,6.2,3.60485268630849,"#f781bf"
5.4,6.2,3.60485268630849,"#f781bf"
6,4.6,3.60485268630849,"#ffd300"
5.8,4.8,3.60485268630849,"#ffd300"
5.6,4.8,3.60485268630849,"#ffd300"
5,6.4,2.0103986135182,"#AAAAAA"
5.2,5.8,2.0103986135182,"#AAAAAA"
5.4,5.8,2.0103986135182,"#AAAAAA"
6,1,2.0103986135182,"#ffd300"
5.8,1.6,2.0103986135182,"#ffd300"
5.6,1.6,2.0103986135182,"#ffd300"
5,6.4,4.71403812824957,"#4daf4a"
5.2,6.3,4.71403812824957,"#4daf4a"
5.4,6.3,4.71403812824957,"#4daf4a"
6,5.5,4.71403812824957,"#ffd300"
5.8,5.6,4.71403812824957,"#ffd300"
5.6,5.6,4.71403812824957,"#ffd300"
5,4.6,6.58578856152513,"#ffd300"
5.2,4.8,6.58578856152513,"#ffd300"
5.4,4.8,6.58578856152513,"#ffd300"
6,6.4,6.58578856152513,"#f781bf"
5.8,6.2,6.58578856152513,"#f781bf"
5.6,6.2,6.58578856152513,"#f781bf"
5,4.6,12.2703639514731,"#f781bf"
5.2,4.6,12.2703639514731,"#f781bf"
5.4,4.6,12.2703639514731,"#f781bf"
6,4.6,12.2703639514731,"#f781bf"
5.8,4.6,12.2703639514731,"#f781bf"
5.6,4.6,12.2703639514731,"#f781bf"
5,4.6,0.693240901213172,"#AAAAAA"
5.2,4.2,0.693240901213172,"#AAAAAA"
5.4,4.2,0.693240901213172,"#AAAAAA"
6,1,0.693240901213172,"#f781bf"
5.8,1.4,0.693240901213172,"#f781bf"
5.6,1.4,0.693240901213172,"#f781bf"
5,4.6,0.346620450606586,"#4daf4a"
5.2,4.7,0.346620450606586,"#4daf4a"
5.4,4.7,0.346620450606586,"#4daf4a"
6,5.5,0.346620450606586,"#f781bf"
5.8,5.4,0.346620450606586,"#f781bf"
5.6,5.4,0.346620450606586,"#f781bf"
5,1,3.98613518197574,"#ffd300"
5.2,1.6,3.98613518197574,"#ffd300"
5.4,1.6,3.98613518197574,"#ffd300"
6,6.4,3.98613518197574,"#AAAAAA"
5.8,5.8,3.98613518197574,"#AAAAAA"
5.6,5.8,3.98613518197574,"#AAAAAA"
5,1,3.63951473136915,"#f781bf"
5.2,1.4,3.63951473136915,"#f781bf"
5.4,1.4,3.63951473136915,"#f781bf"
6,4.6,3.63951473136915,"#AAAAAA"
5.8,4.2,3.63951473136915,"#AAAAAA"
5.6,4.2,3.63951473136915,"#AAAAAA"
5,1,13.4488734835355,"#AAAAAA"
5.2,1,13.4488734835355,"#AAAAAA"
5.4,1,13.4488734835355,"#AAAAAA"
6,1,13.4488734835355,"#AAAAAA"
5.8,1,13.4488734835355,"#AAAAAA"
5.6,1,13.4488734835355,"#AAAAAA"
5,1,0.173310225303293,"#4daf4a"
5.2,1.5,0.173310225303293,"#4daf4a"
5.4,1.5,0.173310225303293,"#4daf4a"
6,5.5,0.173310225303293,"#AAAAAA"
5.8,5,0.173310225303293,"#AAAAAA"
5.6,5,0.173310225303293,"#AAAAAA"
5,5.5,28.9428076256499,"#ffd300"
5.2,5.6,28.9428076256499,"#ffd300"
5.4,5.6,28.9428076256499,"#ffd300"
6,6.4,28.9428076256499,"#4daf4a"
5.8,6.3,28.9428076256499,"#4daf4a"
5.6,6.3,28.9428076256499,"#4daf4a"
5,5.5,0.0693240901213172,"#f781bf"
5.2,5.4,0.0693240901213172,"#f781bf"
5.4,5.4,0.0693240901213172,"#f781bf"
6,4.6,0.0693240901213172,"#4daf4a"
5.8,4.7,0.0693240901213172,"#4daf4a"
5.6,4.7,0.0693240901213172,"#4daf4a"
5,5.5,0.103986135181976,"#AAAAAA"
5.2,5,0.103986135181976,"#AAAAAA"
5.4,5,0.103986135181976,"#AAAAAA"
6,1,0.103986135181976,"#4daf4a"
5.8,1.5,0.103986135181976,"#4daf4a"
5.6,1.5,0.103986135181976,"#4daf4a"
6,6.4,17.1230502599653,"#ffd300"
6.2,6.4,17.1230502599653,"#ffd300"
6.4,6.4,17.1230502599653,"#ffd300"
7,6.4,17.1230502599653,"#ffd300"
6.8,6.4,17.1230502599653,"#ffd300"
6.6,6.4,17.1230502599653,"#ffd300"
6,6.4,4.71403812824957,"#f781bf"
6.2,6.2,4.71403812824957,"#f781bf"
6.4,6.2,4.71403812824957,"#f781bf"
7,4.6,4.71403812824957,"#ffd300"
6.8,4.8,4.71403812824957,"#ffd300"
6.6,4.8,4.71403812824957,"#ffd300"
6,6.4,28.9774696707106,"#AAAAAA"
6.2,5.8,28.9774696707106,"#AAAAAA"
6.4,5.8,28.9774696707106,"#AAAAAA"
7,1,28.9774696707106,"#ffd300"
6.8,1.6,28.9774696707106,"#ffd300"
6.6,1.6,28.9774696707106,"#ffd300"
6,6.4,8.11091854419411,"#4daf4a"
6.2,6.3,8.11091854419411,"#4daf4a"
6.4,6.3,8.11091854419411,"#4daf4a"
7,5.5,8.11091854419411,"#ffd300"
6.8,5.6,8.11091854419411,"#ffd300"
6.6,5.6,8.11091854419411,"#ffd300"
6,4.6,5.19930675909879,"#ffd300"
6.2,4.8,5.19930675909879,"#ffd300"
6.4,4.8,5.19930675909879,"#ffd300"
7,6.4,5.19930675909879,"#f781bf"
6.8,6.2,5.19930675909879,"#f781bf"
6.6,6.2,5.19930675909879,"#f781bf"
6,4.6,12.4436741767764,"#f781bf"
6.2,4.6,12.4436741767764,"#f781bf"
6.4,4.6,12.4436741767764,"#f781bf"
7,4.6,12.4436741767764,"#f781bf"
6.8,4.6,12.4436741767764,"#f781bf"
6.6,4.6,12.4436741767764,"#f781bf"
6,4.6,1.59445407279029,"#AAAAAA"
6.2,4.2,1.59445407279029,"#AAAAAA"
6.4,4.2,1.59445407279029,"#AAAAAA"
7,1,1.59445407279029,"#f781bf"
6.8,1.4,1.59445407279029,"#f781bf"
6.6,1.4,1.59445407279029,"#f781bf"
6,1,1.62911611785095,"#ffd300"
6.2,1.6,1.62911611785095,"#ffd300"
6.4,1.6,1.62911611785095,"#ffd300"
7,6.4,1.62911611785095,"#AAAAAA"
6.8,5.8,1.62911611785095,"#AAAAAA"
6.6,5.8,1.62911611785095,"#AAAAAA"
6,1,1.55979202772964,"#f781bf"
6.2,1.4,1.55979202772964,"#f781bf"
6.4,1.4,1.55979202772964,"#f781bf"
7,4.6,1.55979202772964,"#AAAAAA"
6.8,4.2,1.55979202772964,"#AAAAAA"
6.6,4.2,1.55979202772964,"#AAAAAA"
6,1,13.3795493934142,"#AAAAAA"
6.2,1,13.3795493934142,"#AAAAAA"
6.4,1,13.3795493934142,"#AAAAAA"
7,1,13.3795493934142,"#AAAAAA"
6.8,1,13.3795493934142,"#AAAAAA"
6.6,1,13.3795493934142,"#AAAAAA"
6,1,0.0346620450606586,"#4daf4a"
6.2,1.5,0.0346620450606586,"#4daf4a"
6.4,1.5,0.0346620450606586,"#4daf4a"
7,5.5,0.0346620450606586,"#AAAAAA"
6.8,5,0.0346620450606586,"#AAAAAA"
6.6,5,0.0346620450606586,"#AAAAAA"
6,5.5,4.78336221837088,"#ffd300"
6.2,5.6,4.78336221837088,"#ffd300"
6.4,5.6,4.78336221837088,"#ffd300"
7,6.4,4.78336221837088,"#4daf4a"
6.8,6.3,4.78336221837088,"#4daf4a"
6.6,6.3,4.78336221837088,"#4daf4a"
6,5.5,0.0346620450606586,"#f781bf"
6.2,5.4,0.0346620450606586,"#f781bf"
6.4,5.4,0.0346620450606586,"#f781bf"
7,4.6,0.0346620450606586,"#4daf4a"
6.8,4.7,0.0346620450606586,"#4daf4a"
6.6,4.7,0.0346620450606586,"#4daf4a"
6,5.5,0.277296360485269,"#AAAAAA"
6.2,5,0.277296360485269,"#AAAAAA"
6.4,5,0.277296360485269,"#AAAAAA"
7,1,0.277296360485269,"#4daf4a"
6.8,1.5,0.277296360485269,"#4daf4a"
6.6,1.5,0.277296360485269,"#4daf4a"
6,5.5,0.138648180242634,"#4daf4a"
6.2,5.5,0.138648180242634,"#4daf4a"
6.4,5.5,0.138648180242634,"#4daf4a"
7,5.5,0.138648180242634,"#4daf4a"
6.8,5.5,0.138648180242634,"#4daf4a"
6.6,5.5,0.138648180242634,"#4daf4a"
7,6.4,12.9289428076257,"#ffd300"
7.2,6.4,12.9289428076257,"#ffd300"
7.4,6.4,12.9289428076257,"#ffd300"
8,6.4,12.9289428076257,"#ffd300"
7.8,6.4,12.9289428076257,"#ffd300"
7.6,6.4,12.9289428076257,"#ffd300"
7,6.4,10.5025996533795,"#f781bf"
7.2,6.2,10.5025996533795,"#f781bf"
7.4,6.2,10.5025996533795,"#f781bf"
8,4.6,10.5025996533795,"#ffd300"
7.8,4.8,10.5025996533795,"#ffd300"
7.6,4.8,10.5025996533795,"#ffd300"
7,6.4,4.74870017331023,"#AAAAAA"
7.2,5.8,4.74870017331023,"#AAAAAA"
7.4,5.8,4.74870017331023,"#AAAAAA"
8,1,4.74870017331023,"#ffd300"
7.8,1.6,4.74870017331023,"#ffd300"
7.6,1.6,4.74870017331023,"#ffd300"
7,6.4,0.554592720970537,"#4daf4a"
7.2,6.3,0.554592720970537,"#4daf4a"
7.4,6.3,0.554592720970537,"#4daf4a"
8,5.5,0.554592720970537,"#ffd300"
7.8,5.6,0.554592720970537,"#ffd300"
7.6,5.6,0.554592720970537,"#ffd300"
7,4.6,13.9688041594454,"#ffd300"
7.2,4.8,13.9688041594454,"#ffd300"
7.4,4.8,13.9688041594454,"#ffd300"
8,6.4,13.9688041594454,"#f781bf"
7.8,6.2,13.9688041594454,"#f781bf"
7.6,6.2,13.9688041594454,"#f781bf"
7,4.6,5.33795493934142,"#f781bf"
7.2,4.6,5.33795493934142,"#f781bf"
7.4,4.6,5.33795493934142,"#f781bf"
8,4.6,5.33795493934142,"#f781bf"
7.8,4.6,5.33795493934142,"#f781bf"
7.6,4.6,5.33795493934142,"#f781bf"
7,4.6,0.72790294627383,"#AAAAAA"
7.2,4.2,0.72790294627383,"#AAAAAA"
7.4,4.2,0.72790294627383,"#AAAAAA"
8,1,0.72790294627383,"#f781bf"
7.8,1.4,0.72790294627383,"#f781bf"
7.6,1.4,0.72790294627383,"#f781bf"
7,4.6,0.346620450606586,"#4daf4a"
7.2,4.7,0.346620450606586,"#4daf4a"
7.4,4.7,0.346620450606586,"#4daf4a"
8,5.5,0.346620450606586,"#f781bf"
7.8,5.4,0.346620450606586,"#f781bf"
7.6,5.4,0.346620450606586,"#f781bf"
7,1,22.0797227036395,"#ffd300"
7.2,1.6,22.0797227036395,"#ffd300"
7.4,1.6,22.0797227036395,"#ffd300"
8,6.4,22.0797227036395,"#AAAAAA"
7.8,5.8,22.0797227036395,"#AAAAAA"
7.6,5.8,22.0797227036395,"#AAAAAA"
7,1,6.20450606585789,"#f781bf"
7.2,1.4,6.20450606585789,"#f781bf"
7.4,1.4,6.20450606585789,"#f781bf"
8,4.6,6.20450606585789,"#AAAAAA"
7.8,4.2,6.20450606585789,"#AAAAAA"
7.6,4.2,6.20450606585789,"#AAAAAA"
7,1,13.5181975736568,"#AAAAAA"
7.2,1,13.5181975736568,"#AAAAAA"
7.4,1,13.5181975736568,"#AAAAAA"
8,1,13.5181975736568,"#AAAAAA"
7.8,1,13.5181975736568,"#AAAAAA"
7.6,1,13.5181975736568,"#AAAAAA"
7,1,0.797227036395147,"#4daf4a"
7.2,1.5,0.797227036395147,"#4daf4a"
7.4,1.5,0.797227036395147,"#4daf4a"
8,5.5,0.797227036395147,"#AAAAAA"
7.8,5,0.797227036395147,"#AAAAAA"
7.6,5,0.797227036395147,"#AAAAAA"
7,5.5,4.33275563258232,"#ffd300"
7.2,5.6,4.33275563258232,"#ffd300"
7.4,5.6,4.33275563258232,"#ffd300"
8,6.4,4.33275563258232,"#4daf4a"
7.8,6.3,4.33275563258232,"#4daf4a"
7.6,6.3,4.33275563258232,"#4daf4a"
7,5.5,3.74350086655113,"#f781bf"
7.2,5.4,3.74350086655113,"#f781bf"
7.4,5.4,3.74350086655113,"#f781bf"
8,4.6,3.74350086655113,"#4daf4a"
7.8,4.7,3.74350086655113,"#4daf4a"
7.6,4.7,3.74350086655113,"#4daf4a"
7,5.5,0.103986135181976,"#AAAAAA"
7.2,5,0.103986135181976,"#AAAAAA"
7.4,5,0.103986135181976,"#AAAAAA"
8,1,0.103986135181976,"#4daf4a"
7.8,1.5,0.103986135181976,"#4daf4a"
7.6,1.5,0.103986135181976,"#4daf4a"
7,5.5,0.103986135181976,"#4daf4a"
7.2,5.5,0.103986135181976,"#4daf4a"
7.4,5.5,0.103986135181976,"#4daf4a"
8,5.5,0.103986135181976,"#4daf4a"
7.8,5.5,0.103986135181976,"#4daf4a"
7.6,5.5,0.103986135181976,"#4daf4a"
8,6.4,46.1351819757366,"#ffd300"
8.2,6.4,46.1351819757366,"#ffd300"
8.4,6.4,46.1351819757366,"#ffd300"
9,6.4,46.1351819757366,"#ffd300"
8.8,6.4,46.1351819757366,"#ffd300"
8.6,6.4,46.1351819757366,"#ffd300"
8,6.4,5.40727902946274,"#f781bf"
8.2,6.2,5.40727902946274,"#f781bf"
8.4,6.2,5.40727902946274,"#f781bf"
9,4.6,5.40727902946274,"#ffd300"
8.8,4.8,5.40727902946274,"#ffd300"
8.6,4.8,5.40727902946274,"#ffd300"
8,6.4,0.173310225303293,"#AAAAAA"
8.2,5.8,0.173310225303293,"#AAAAAA"
8.4,5.8,0.173310225303293,"#AAAAAA"
9,1,0.173310225303293,"#ffd300"
8.8,1.6,0.173310225303293,"#ffd300"
8.6,1.6,0.173310225303293,"#ffd300"
8,6.4,1.59445407279029,"#4daf4a"
8.2,6.3,1.59445407279029,"#4daf4a"
8.4,6.3,1.59445407279029,"#4daf4a"
9,5.5,1.59445407279029,"#ffd300"
8.8,5.6,1.59445407279029,"#ffd300"
8.6,5.6,1.59445407279029,"#ffd300"
8,4.6,11.5424610051993,"#ffd300"
8.2,4.8,11.5424610051993,"#ffd300"
8.4,4.8,11.5424610051993,"#ffd300"
9,6.4,11.5424610051993,"#f781bf"
8.8,6.2,11.5424610051993,"#f781bf"
8.6,6.2,11.5424610051993,"#f781bf"
8,4.6,12.0623916811092,"#f781bf"
8.2,4.6,12.0623916811092,"#f781bf"
8.4,4.6,12.0623916811092,"#f781bf"
9,4.6,12.0623916811092,"#f781bf"
8.8,4.6,12.0623916811092,"#f781bf"
8.6,4.6,12.0623916811092,"#f781bf"
8,4.6,0.103986135181976,"#AAAAAA"
8.2,4.2,0.103986135181976,"#AAAAAA"
8.4,4.2,0.103986135181976,"#AAAAAA"
9,1,0.103986135181976,"#f781bf"
8.8,1.4,0.103986135181976,"#f781bf"
8.6,1.4,0.103986135181976,"#f781bf"
8,4.6,1.0051993067591,"#4daf4a"
8.2,4.7,1.0051993067591,"#4daf4a"
8.4,4.7,1.0051993067591,"#4daf4a"
9,5.5,1.0051993067591,"#f781bf"
8.8,5.4,1.0051993067591,"#f781bf"
8.6,5.4,1.0051993067591,"#f781bf"
8,1,0.24263431542461,"#ffd300"
8.2,1.6,0.24263431542461,"#ffd300"
8.4,1.6,0.24263431542461,"#ffd300"
9,6.4,0.24263431542461,"#AAAAAA"
8.8,5.8,0.24263431542461,"#AAAAAA"
8.6,5.8,0.24263431542461,"#AAAAAA"
8,1,4.09012131715771,"#f781bf"
8.2,1.4,4.09012131715771,"#f781bf"
8.4,1.4,4.09012131715771,"#f781bf"
9,4.6,4.09012131715771,"#AAAAAA"
8.8,4.2,4.09012131715771,"#AAAAAA"
8.6,4.2,4.09012131715771,"#AAAAAA"
8,1,15.7712305025997,"#AAAAAA"
8.2,1,15.7712305025997,"#AAAAAA"
8.4,1,15.7712305025997,"#AAAAAA"
9,1,15.7712305025997,"#AAAAAA"
8.8,1,15.7712305025997,"#AAAAAA"
8.6,1,15.7712305025997,"#AAAAAA"
8,1,0.0693240901213172,"#4daf4a"
8.2,1.5,0.0693240901213172,"#4daf4a"
8.4,1.5,0.0693240901213172,"#4daf4a"
9,5.5,0.0693240901213172,"#AAAAAA"
8.8,5,0.0693240901213172,"#AAAAAA"
8.6,5,0.0693240901213172,"#AAAAAA"
8,5.5,1.45580589254766,"#ffd300"
8.2,5.6,1.45580589254766,"#ffd300"
8.4,5.6,1.45580589254766,"#ffd300"
9,6.4,1.45580589254766,"#4daf4a"
8.8,6.3,1.45580589254766,"#4daf4a"
8.6,6.3,1.45580589254766,"#4daf4a"
8,5.5,0.173310225303293,"#f781bf"
8.2,5.4,0.173310225303293,"#f781bf"
8.4,5.4,0.173310225303293,"#f781bf"
9,4.6,0.173310225303293,"#4daf4a"
8.8,4.7,0.173310225303293,"#4daf4a"
8.6,4.7,0.173310225303293,"#4daf4a"
8,5.5,0.0346620450606586,"#AAAAAA"
8.2,5,0.0346620450606586,"#AAAAAA"
8.4,5,0.0346620450606586,"#AAAAAA"
9,1,0.0346620450606586,"#4daf4a"
8.8,1.5,0.0346620450606586,"#4daf4a"
8.6,1.5,0.0346620450606586,"#4daf4a"
8,5.5,0.138648180242634,"#4daf4a"
8.2,5.5,0.138648180242634,"#4daf4a"
8.4,5.5,0.138648180242634,"#4daf4a"
9,5.5,0.138648180242634,"#4daf4a"
8.8,5.5,0.138648180242634,"#4daf4a"
8.6,5.5,0.138648180242634,"#4daf4a"
9,6.4,25.580589254766,"#ffd300"
9.2,6.4,25.580589254766,"#ffd300"
9.4,6.4,25.580589254766,"#ffd300"
10,6.4,25.580589254766,"#ffd300"
9.8,6.4,25.580589254766,"#ffd300"
9.6,6.4,25.580589254766,"#ffd300"
9,6.4,8.04159445407279,"#f781bf"
9.2,6.2,8.04159445407279,"#f781bf"
9.4,6.2,8.04159445407279,"#f781bf"
10,4.6,8.04159445407279,"#ffd300"
9.8,4.8,8.04159445407279,"#ffd300"
9.6,4.8,8.04159445407279,"#ffd300"
9,6.4,1.10918544194107,"#AAAAAA"
9.2,5.8,1.10918544194107,"#AAAAAA"
9.4,5.8,1.10918544194107,"#AAAAAA"
10,1,1.10918544194107,"#ffd300"
9.8,1.6,1.10918544194107,"#ffd300"
9.6,1.6,1.10918544194107,"#ffd300"
9,6.4,24.6447140381282,"#4daf4a"
9.2,6.3,24.6447140381282,"#4daf4a"
9.4,6.3,24.6447140381282,"#4daf4a"
10,5.5,24.6447140381282,"#ffd300"
9.8,5.6,24.6447140381282,"#ffd300"
9.6,5.6,24.6447140381282,"#ffd300"
9,4.6,11.6464471403813,"#ffd300"
9.2,4.8,11.6464471403813,"#ffd300"
9.4,4.8,11.6464471403813,"#ffd300"
10,6.4,11.6464471403813,"#f781bf"
9.8,6.2,11.6464471403813,"#f781bf"
9.6,6.2,11.6464471403813,"#f781bf"
9,4.6,9.74003466204506,"#f781bf"
9.2,4.6,9.74003466204506,"#f781bf"
9.4,4.6,9.74003466204506,"#f781bf"
10,4.6,9.74003466204506,"#f781bf"
9.8,4.6,9.74003466204506,"#f781bf"
9.6,4.6,9.74003466204506,"#f781bf"
9,4.6,0.103986135181976,"#AAAAAA"
9.2,4.2,0.103986135181976,"#AAAAAA"
9.4,4.2,0.103986135181976,"#AAAAAA"
10,1,0.103986135181976,"#f781bf"
9.8,1.4,0.103986135181976,"#f781bf"
9.6,1.4,0.103986135181976,"#f781bf"
9,4.6,0.207972270363951,"#4daf4a"
9.2,4.7,0.207972270363951,"#4daf4a"
9.4,4.7,0.207972270363951,"#4daf4a"
10,5.5,0.207972270363951,"#f781bf"
9.8,5.4,0.207972270363951,"#f781bf"
9.6,5.4,0.207972270363951,"#f781bf"
9,1,0.346620450606586,"#ffd300"
9.2,1.6,0.346620450606586,"#ffd300"
9.4,1.6,0.346620450606586,"#ffd300"
10,6.4,0.346620450606586,"#AAAAAA"
9.8,5.8,0.346620450606586,"#AAAAAA"
9.6,5.8,0.346620450606586,"#AAAAAA"
9,1,0.693240901213172,"#f781bf"
9.2,1.4,0.693240901213172,"#f781bf"
9.4,1.4,0.693240901213172,"#f781bf"
10,4.6,0.693240901213172,"#AAAAAA"
9.8,4.2,0.693240901213172,"#AAAAAA"
9.6,4.2,0.693240901213172,"#AAAAAA"
9,1,14.9046793760832,"#AAAAAA"
9.2,1,14.9046793760832,"#AAAAAA"
9.4,1,14.9046793760832,"#AAAAAA"
10,1,14.9046793760832,"#AAAAAA"
9.8,1,14.9046793760832,"#AAAAAA"
9.6,1,14.9046793760832,"#AAAAAA"
9,1,0.173310225303293,"#4daf4a"
9.2,1.5,0.173310225303293,"#4daf4a"
9.4,1.5,0.173310225303293,"#4daf4a"
10,5.5,0.173310225303293,"#AAAAAA"
9.8,5,0.173310225303293,"#AAAAAA"
9.6,5,0.173310225303293,"#AAAAAA"
9,5.5,1.421143847487,"#ffd300"
9.2,5.6,1.421143847487,"#ffd300"
9.4,5.6,1.421143847487,"#ffd300"
10,6.4,1.421143847487,"#4daf4a"
9.8,6.3,1.421143847487,"#4daf4a"
9.6,6.3,1.421143847487,"#4daf4a"
9,5.5,1.21317157712305,"#f781bf"
9.2,5.4,1.21317157712305,"#f781bf"
9.4,5.4,1.21317157712305,"#f781bf"
10,4.6,1.21317157712305,"#4daf4a"
9.8,4.7,1.21317157712305,"#4daf4a"
9.6,4.7,1.21317157712305,"#4daf4a"
9,5.5,0.173310225303293,"#4daf4a"
9.2,5.5,0.173310225303293,"#4daf4a"
9.4,5.5,0.173310225303293,"#4daf4a"
10,5.5,0.173310225303293,"#4daf4a"
9.8,5.5,0.173310225303293,"#4daf4a"
9.6,5.5,0.173310225303293,"#4daf4a"
10,6.4,22.738301559792,"#ffd300"
10.2,6.4,22.738301559792,"#ffd300"
10.4,6.4,22.738301559792,"#ffd300"
11,6.4,22.738301559792,"#ffd300"
10.8,6.4,22.738301559792,"#ffd300"
10.6,6.4,22.738301559792,"#ffd300"
10,6.4,8.97746967071057,"#f781bf"
10.2,6.2,8.97746967071057,"#f781bf"
10.4,6.2,8.97746967071057,"#f781bf"
11,4.6,8.97746967071057,"#ffd300"
10.8,4.8,8.97746967071057,"#ffd300"
10.6,4.8,8.97746967071057,"#ffd300"
10,6.4,0.311958405545927,"#AAAAAA"
10.2,5.8,0.311958405545927,"#AAAAAA"
10.4,5.8,0.311958405545927,"#AAAAAA"
11,1,0.311958405545927,"#ffd300"
10.8,1.6,0.311958405545927,"#ffd300"
10.6,1.6,0.311958405545927,"#ffd300"
10,6.4,6.96707105719237,"#4daf4a"
10.2,6.3,6.96707105719237,"#4daf4a"
10.4,6.3,6.96707105719237,"#4daf4a"
11,5.5,6.96707105719237,"#ffd300"
10.8,5.6,6.96707105719237,"#ffd300"
10.6,5.6,6.96707105719237,"#ffd300"
10,4.6,2.25303292894281,"#ffd300"
10.2,4.8,2.25303292894281,"#ffd300"
10.4,4.8,2.25303292894281,"#ffd300"
11,6.4,2.25303292894281,"#f781bf"
10.8,6.2,2.25303292894281,"#f781bf"
10.6,6.2,2.25303292894281,"#f781bf"
10,4.6,17.3656845753899,"#f781bf"
10.2,4.6,17.3656845753899,"#f781bf"
10.4,4.6,17.3656845753899,"#f781bf"
11,4.6,17.3656845753899,"#f781bf"
10.8,4.6,17.3656845753899,"#f781bf"
10.6,4.6,17.3656845753899,"#f781bf"
10,4.6,0.0693240901213172,"#AAAAAA"
10.2,4.2,0.0693240901213172,"#AAAAAA"
10.4,4.2,0.0693240901213172,"#AAAAAA"
11,1,0.0693240901213172,"#f781bf"
10.8,1.4,0.0693240901213172,"#f781bf"
10.6,1.4,0.0693240901213172,"#f781bf"
10,4.6,0.103986135181976,"#4daf4a"
10.2,4.7,0.103986135181976,"#4daf4a"
10.4,4.7,0.103986135181976,"#4daf4a"
11,5.5,0.103986135181976,"#f781bf"
10.8,5.4,0.103986135181976,"#f781bf"
10.6,5.4,0.103986135181976,"#f781bf"
10,1,0.0693240901213172,"#ffd300"
10.2,1.6,0.0693240901213172,"#ffd300"
10.4,1.6,0.0693240901213172,"#ffd300"
11,6.4,0.0693240901213172,"#AAAAAA"
10.8,5.8,0.0693240901213172,"#AAAAAA"
10.6,5.8,0.0693240901213172,"#AAAAAA"
10,1,1.28249566724437,"#f781bf"
10.2,1.4,1.28249566724437,"#f781bf"
10.4,1.4,1.28249566724437,"#f781bf"
11,4.6,1.28249566724437,"#AAAAAA"
10.8,4.2,1.28249566724437,"#AAAAAA"
10.6,4.2,1.28249566724437,"#AAAAAA"
10,1,14.6620450606586,"#AAAAAA"
10.2,1,14.6620450606586,"#AAAAAA"
10.4,1,14.6620450606586,"#AAAAAA"
11,1,14.6620450606586,"#AAAAAA"
10.8,1,14.6620450606586,"#AAAAAA"
10.6,1,14.6620450606586,"#AAAAAA"
10,5.5,24.5753899480069,"#ffd300"
10.2,5.6,24.5753899480069,"#ffd300"
10.4,5.6,24.5753899480069,"#ffd300"
11,6.4,24.5753899480069,"#4daf4a"
10.8,6.3,24.5753899480069,"#4daf4a"
10.6,6.3,24.5753899480069,"#4daf4a"
10,5.5,0.346620450606586,"#f781bf"
10.2,5.4,0.346620450606586,"#f781bf"
10.4,5.4,0.346620450606586,"#f781bf"
11,4.6,0.346620450606586,"#4daf4a"
10.8,4.7,0.346620450606586,"#4daf4a"
10.6,4.7,0.346620450606586,"#4daf4a"
10,5.5,0.0693240901213172,"#AAAAAA"
10.2,5,0.0693240901213172,"#AAAAAA"
10.4,5,0.0693240901213172,"#AAAAAA"
11,1,0.0693240901213172,"#4daf4a"
10.8,1.5,0.0693240901213172,"#4daf4a"
10.6,1.5,0.0693240901213172,"#4daf4a"
10,5.5,0.207972270363951,"#4daf4a"
10.2,5.5,0.207972270363951,"#4daf4a"
10.4,5.5,0.207972270363951,"#4daf4a"
11,5.5,0.207972270363951,"#4daf4a"
10.8,5.5,0.207972270363951,"#4daf4a"
10.6,5.5,0.207972270363951,"#4daf4a"
11,6.4,36.9150779896014,"#ffd300"
11.2,6.4,36.9150779896014,"#ffd300"
11.4,6.4,36.9150779896014,"#ffd300"
12,6.4,36.9150779896014,"#ffd300"
11.8,6.4,36.9150779896014,"#ffd300"
11.6,6.4,36.9150779896014,"#ffd300"
11,6.4,5.09532062391681,"#f781bf"
11.2,6.2,5.09532062391681,"#f781bf"
11.4,6.2,5.09532062391681,"#f781bf"
12,4.6,5.09532062391681,"#ffd300"
11.8,4.8,5.09532062391681,"#ffd300"
11.6,4.8,5.09532062391681,"#ffd300"
11,6.4,2.21837088388215,"#AAAAAA"
11.2,5.8,2.21837088388215,"#AAAAAA"
11.4,5.8,2.21837088388215,"#AAAAAA"
12,1,2.21837088388215,"#ffd300"
11.8,1.6,2.21837088388215,"#ffd300"
11.6,1.6,2.21837088388215,"#ffd300"
11,6.4,5.40727902946274,"#4daf4a"
11.2,6.3,5.40727902946274,"#4daf4a"
11.4,6.3,5.40727902946274,"#4daf4a"
12,5.5,5.40727902946274,"#ffd300"
11.8,5.6,5.40727902946274,"#ffd300"
11.6,5.6,5.40727902946274,"#ffd300"
11,4.6,3.15424610051993,"#ffd300"
11.2,4.8,3.15424610051993,"#ffd300"
11.4,4.8,3.15424610051993,"#ffd300"
12,6.4,3.15424610051993,"#f781bf"
11.8,6.2,3.15424610051993,"#f781bf"
11.6,6.2,3.15424610051993,"#f781bf"
11,4.6,24.6447140381282,"#f781bf"
11.2,4.6,24.6447140381282,"#f781bf"
11.4,4.6,24.6447140381282,"#f781bf"
12,4.6,24.6447140381282,"#f781bf"
11.8,4.6,24.6447140381282,"#f781bf"
11.6,4.6,24.6447140381282,"#f781bf"
11,4.6,0.207972270363951,"#AAAAAA"
11.2,4.2,0.207972270363951,"#AAAAAA"
11.4,4.2,0.207972270363951,"#AAAAAA"
12,1,0.207972270363951,"#f781bf"
11.8,1.4,0.207972270363951,"#f781bf"
11.6,1.4,0.207972270363951,"#f781bf"
11,1,1.38648180242634,"#ffd300"
11.2,1.6,1.38648180242634,"#ffd300"
11.4,1.6,1.38648180242634,"#ffd300"
12,6.4,1.38648180242634,"#AAAAAA"
11.8,5.8,1.38648180242634,"#AAAAAA"
11.6,5.8,1.38648180242634,"#AAAAAA"
11,1,2.91161178509532,"#f781bf"
11.2,1.4,2.91161178509532,"#f781bf"
11.4,1.4,2.91161178509532,"#f781bf"
12,4.6,2.91161178509532,"#AAAAAA"
11.8,4.2,2.91161178509532,"#AAAAAA"
11.6,4.2,2.91161178509532,"#AAAAAA"
11,1,10.0866551126516,"#AAAAAA"
11.2,1,10.0866551126516,"#AAAAAA"
11.4,1,10.0866551126516,"#AAAAAA"
12,1,10.0866551126516,"#AAAAAA"
11.8,1,10.0866551126516,"#AAAAAA"
11.6,1,10.0866551126516,"#AAAAAA"
11,1,0.693240901213172,"#4daf4a"
11.2,1.5,0.693240901213172,"#4daf4a"
11.4,1.5,0.693240901213172,"#4daf4a"
12,5.5,0.693240901213172,"#AAAAAA"
11.8,5,0.693240901213172,"#AAAAAA"
11.6,5,0.693240901213172,"#AAAAAA"
11,5.5,6.62045060658579,"#ffd300"
11.2,5.6,6.62045060658579,"#ffd300"
11.4,5.6,6.62045060658579,"#ffd300"
12,6.4,6.62045060658579,"#4daf4a"
11.8,6.3,6.62045060658579,"#4daf4a"
11.6,6.3,6.62045060658579,"#4daf4a"
11,5.5,0.623916811091854,"#f781bf"
11.2,5.4,0.623916811091854,"#f781bf"
11.4,5.4,0.623916811091854,"#f781bf"
12,4.6,0.623916811091854,"#4daf4a"
11.8,4.7,0.623916811091854,"#4daf4a"
11.6,4.7,0.623916811091854,"#4daf4a"
11,5.5,0.0346620450606586,"#4daf4a"
11.2,5.5,0.0346620450606586,"#4daf4a"
11.4,5.5,0.0346620450606586,"#4daf4a"
12,5.5,0.0346620450606586,"#4daf4a"
11.8,5.5,0.0346620450606586,"#4daf4a"
11.6,5.5,0.0346620450606586,"#4daf4a"
12,6.4,16.3951473136915,"#ffd300"
12.2,6.4,16.3951473136915,"#ffd300"
12.4,6.4,16.3951473136915,"#ffd300"
13,6.4,16.3951473136915,"#ffd300"
12.8,6.4,16.3951473136915,"#ffd300"
12.6,6.4,16.3951473136915,"#ffd300"
12,6.4,3.57019064124783,"#f781bf"
12.2,6.2,3.57019064124783,"#f781bf"
12.4,6.2,3.57019064124783,"#f781bf"
13,4.6,3.57019064124783,"#ffd300"
12.8,4.8,3.57019064124783,"#ffd300"
12.6,4.8,3.57019064124783,"#ffd300"
12,6.4,0.24263431542461,"#AAAAAA"
12.2,5.8,0.24263431542461,"#AAAAAA"
12.4,5.8,0.24263431542461,"#AAAAAA"
13,1,0.24263431542461,"#ffd300"
12.8,1.6,0.24263431542461,"#ffd300"
12.6,1.6,0.24263431542461,"#ffd300"
12,6.4,27.8682842287695,"#4daf4a"
12.2,6.3,27.8682842287695,"#4daf4a"
12.4,6.3,27.8682842287695,"#4daf4a"
13,5.5,27.8682842287695,"#ffd300"
12.8,5.6,27.8682842287695,"#ffd300"
12.6,5.6,27.8682842287695,"#ffd300"
12,4.6,10.8145580589255,"#ffd300"
12.2,4.8,10.8145580589255,"#ffd300"
12.4,4.8,10.8145580589255,"#ffd300"
13,6.4,10.8145580589255,"#f781bf"
12.8,6.2,10.8145580589255,"#f781bf"
12.6,6.2,10.8145580589255,"#f781bf"
12,4.6,20.7972270363951,"#f781bf"
12.2,4.6,20.7972270363951,"#f781bf"
12.4,4.6,20.7972270363951,"#f781bf"
13,4.6,20.7972270363951,"#f781bf"
12.8,4.6,20.7972270363951,"#f781bf"
12.6,4.6,20.7972270363951,"#f781bf"
12,4.6,0.623916811091854,"#AAAAAA"
12.2,4.2,0.623916811091854,"#AAAAAA"
12.4,4.2,0.623916811091854,"#AAAAAA"
13,1,0.623916811091854,"#f781bf"
12.8,1.4,0.623916811091854,"#f781bf"
12.6,1.4,0.623916811091854,"#f781bf"
12,4.6,1.07452339688042,"#4daf4a"
12.2,4.7,1.07452339688042,"#4daf4a"
12.4,4.7,1.07452339688042,"#4daf4a"
13,5.5,1.07452339688042,"#f781bf"
12.8,5.4,1.07452339688042,"#f781bf"
12.6,5.4,1.07452339688042,"#f781bf"
12,1,0.519930675909879,"#ffd300"
12.2,1.6,0.519930675909879,"#ffd300"
12.4,1.6,0.519930675909879,"#ffd300"
13,6.4,0.519930675909879,"#AAAAAA"
12.8,5.8,0.519930675909879,"#AAAAAA"
12.6,5.8,0.519930675909879,"#AAAAAA"
12,1,1.10918544194107,"#f781bf"
12.2,1.4,1.10918544194107,"#f781bf"
12.4,1.4,1.10918544194107,"#f781bf"
13,4.6,1.10918544194107,"#AAAAAA"
12.8,4.2,1.10918544194107,"#AAAAAA"
12.6,4.2,1.10918544194107,"#AAAAAA"
12,1,10.4332755632582,"#AAAAAA"
12.2,1,10.4332755632582,"#AAAAAA"
12.4,1,10.4332755632582,"#AAAAAA"
13,1,10.4332755632582,"#AAAAAA"
12.8,1,10.4332755632582,"#AAAAAA"
12.6,1,10.4332755632582,"#AAAAAA"
12,1,0.415944540727903,"#4daf4a"
12.2,1.5,0.415944540727903,"#4daf4a"
12.4,1.5,0.415944540727903,"#4daf4a"
13,5.5,0.415944540727903,"#AAAAAA"
12.8,5,0.415944540727903,"#AAAAAA"
12.6,5,0.415944540727903,"#AAAAAA"
12,5.5,4.88734835355286,"#ffd300"
12.2,5.6,4.88734835355286,"#ffd300"
12.4,5.6,4.88734835355286,"#ffd300"
13,6.4,4.88734835355286,"#4daf4a"
12.8,6.3,4.88734835355286,"#4daf4a"
12.6,6.3,4.88734835355286,"#4daf4a"
12,5.5,0.173310225303293,"#f781bf"
12.2,5.4,0.173310225303293,"#f781bf"
12.4,5.4,0.173310225303293,"#f781bf"
13,4.6,0.173310225303293,"#4daf4a"
12.8,4.7,0.173310225303293,"#4daf4a"
12.6,4.7,0.173310225303293,"#4daf4a"
12,5.5,0.311958405545927,"#AAAAAA"
12.2,5,0.311958405545927,"#AAAAAA"
12.4,5,0.311958405545927,"#AAAAAA"
13,1,0.311958405545927,"#4daf4a"
12.8,1.5,0.311958405545927,"#4daf4a"
12.6,1.5,0.311958405545927,"#4daf4a"
12,5.5,0.762564991334489,"#4daf4a"
12.2,5.5,0.762564991334489,"#4daf4a"
12.4,5.5,0.762564991334489,"#4daf4a"
13,5.5,0.762564991334489,"#4daf4a"
12.8,5.5,0.762564991334489,"#4daf4a"
12.6,5.5,0.762564991334489,"#4daf4a"
13,6.4,16.7071057192374,"#ffd300"
13.2,6.4,16.7071057192374,"#ffd300"
13.4,6.4,16.7071057192374,"#ffd300"
14,6.4,16.7071057192374,"#ffd300"
13.8,6.4,16.7071057192374,"#ffd300"
13.6,6.4,16.7071057192374,"#ffd300"
13,6.4,11.5077989601386,"#f781bf"
13.2,6.2,11.5077989601386,"#f781bf"
13.4,6.2,11.5077989601386,"#f781bf"
14,4.6,11.5077989601386,"#ffd300"
13.8,4.8,11.5077989601386,"#ffd300"
13.6,4.8,11.5077989601386,"#ffd300"
13,6.4,0.589254766031196,"#AAAAAA"
13.2,5.8,0.589254766031196,"#AAAAAA"
13.4,5.8,0.589254766031196,"#AAAAAA"
14,1,0.589254766031196,"#ffd300"
13.8,1.6,0.589254766031196,"#ffd300"
13.6,1.6,0.589254766031196,"#ffd300"
13,6.4,3.81282495667244,"#4daf4a"
13.2,6.3,3.81282495667244,"#4daf4a"
13.4,6.3,3.81282495667244,"#4daf4a"
14,5.5,3.81282495667244,"#ffd300"
13.8,5.6,3.81282495667244,"#ffd300"
13.6,5.6,3.81282495667244,"#ffd300"
13,4.6,13.4835355285962,"#ffd300"
13.2,4.8,13.4835355285962,"#ffd300"
13.4,4.8,13.4835355285962,"#ffd300"
14,6.4,13.4835355285962,"#f781bf"
13.8,6.2,13.4835355285962,"#f781bf"
13.6,6.2,13.4835355285962,"#f781bf"
13,4.6,11.6811091854419,"#f781bf"
13.2,4.6,11.6811091854419,"#f781bf"
13.4,4.6,11.6811091854419,"#f781bf"
14,4.6,11.6811091854419,"#f781bf"
13.8,4.6,11.6811091854419,"#f781bf"
13.6,4.6,11.6811091854419,"#f781bf"
13,4.6,0.589254766031196,"#AAAAAA"
13.2,4.2,0.589254766031196,"#AAAAAA"
13.4,4.2,0.589254766031196,"#AAAAAA"
14,1,0.589254766031196,"#f781bf"
13.8,1.4,0.589254766031196,"#f781bf"
13.6,1.4,0.589254766031196,"#f781bf"
13,1,0.311958405545927,"#ffd300"
13.2,1.6,0.311958405545927,"#ffd300"
13.4,1.6,0.311958405545927,"#ffd300"
14,6.4,0.311958405545927,"#AAAAAA"
13.8,5.8,0.311958405545927,"#AAAAAA"
13.6,5.8,0.311958405545927,"#AAAAAA"
13,1,0.693240901213172,"#f781bf"
13.2,1.4,0.693240901213172,"#f781bf"
13.4,1.4,0.693240901213172,"#f781bf"
14,4.6,0.693240901213172,"#AAAAAA"
13.8,4.2,0.693240901213172,"#AAAAAA"
13.6,4.2,0.693240901213172,"#AAAAAA"
13,1,10.4679376083189,"#AAAAAA"
13.2,1,10.4679376083189,"#AAAAAA"
13.4,1,10.4679376083189,"#AAAAAA"
14,1,10.4679376083189,"#AAAAAA"
13.8,1,10.4679376083189,"#AAAAAA"
13.6,1,10.4679376083189,"#AAAAAA"
13,1,0.0346620450606586,"#4daf4a"
13.2,1.5,0.0346620450606586,"#4daf4a"
13.4,1.5,0.0346620450606586,"#4daf4a"
14,5.5,0.0346620450606586,"#AAAAAA"
13.8,5,0.0346620450606586,"#AAAAAA"
13.6,5,0.0346620450606586,"#AAAAAA"
13,5.5,27.1750433275563,"#ffd300"
13.2,5.6,27.1750433275563,"#ffd300"
13.4,5.6,27.1750433275563,"#ffd300"
14,6.4,27.1750433275563,"#4daf4a"
13.8,6.3,27.1750433275563,"#4daf4a"
13.6,6.3,27.1750433275563,"#4daf4a"
13,5.5,1.90641247833622,"#f781bf"
13.2,5.4,1.90641247833622,"#f781bf"
13.4,5.4,1.90641247833622,"#f781bf"
14,4.6,1.90641247833622,"#4daf4a"
13.8,4.7,1.90641247833622,"#4daf4a"
13.6,4.7,1.90641247833622,"#4daf4a"
13,5.5,0.623916811091854,"#AAAAAA"
13.2,5,0.623916811091854,"#AAAAAA"
13.4,5,0.623916811091854,"#AAAAAA"
14,1,0.623916811091854,"#4daf4a"
13.8,1.5,0.623916811091854,"#4daf4a"
13.6,1.5,0.623916811091854,"#4daf4a"
13,5.5,0.415944540727903,"#4daf4a"
13.2,5.5,0.415944540727903,"#4daf4a"
13.4,5.5,0.415944540727903,"#4daf4a"
14,5.5,0.415944540727903,"#4daf4a"
13.8,5.5,0.415944540727903,"#4daf4a"
13.6,5.5,0.415944540727903,"#4daf4a"
