"xCoords","yCoords","width","colorToUse"
1,6.4,5.21891418563923,"#ffd300"
1.2,6.4,5.21891418563923,"#ffd300"
1.4,6.4,5.21891418563923,"#ffd300"
2,6.4,5.21891418563923,"#ffd300"
1.8,6.4,5.21891418563923,"#ffd300"
1.6,6.4,5.21891418563923,"#ffd300"
1,6.4,0.0350262697022767,"#f781bf"
1.2,6.2,0.0350262697022767,"#f781bf"
1.4,6.2,0.0350262697022767,"#f781bf"
2,4.6,0.0350262697022767,"#ffd300"
1.8,4.8,0.0350262697022767,"#ffd300"
1.6,4.8,0.0350262697022767,"#ffd300"
1,6.4,5.35901926444834,"#AAAAAA"
1.2,5.8,5.35901926444834,"#AAAAAA"
1.4,5.8,5.35901926444834,"#AAAAAA"
2,1,5.35901926444834,"#ffd300"
1.8,1.6,5.35901926444834,"#ffd300"
1.6,1.6,5.35901926444834,"#ffd300"
1,6.4,12.1190893169877,"#4daf4a"
1.2,6.3,12.1190893169877,"#4daf4a"
1.4,6.3,12.1190893169877,"#4daf4a"
2,5.5,12.1190893169877,"#ffd300"
1.8,5.6,12.1190893169877,"#ffd300"
1.6,5.6,12.1190893169877,"#ffd300"
1,4.6,0.140105078809107,"#f781bf"
1.2,4.6,0.140105078809107,"#f781bf"
1.4,4.6,0.140105078809107,"#f781bf"
2,4.6,0.140105078809107,"#f781bf"
1.8,4.6,0.140105078809107,"#f781bf"
1.6,4.6,0.140105078809107,"#f781bf"
1,4.6,0.350262697022767,"#AAAAAA"
1.2,4.2,0.350262697022767,"#AAAAAA"
1.4,4.2,0.350262697022767,"#AAAAAA"
2,1,0.350262697022767,"#f781bf"
1.8,1.4,0.350262697022767,"#f781bf"
1.6,1.4,0.350262697022767,"#f781bf"
1,1,6.37478108581436,"#ffd300"
1.2,1.6,6.37478108581436,"#ffd300"
1.4,1.6,6.37478108581436,"#ffd300"
2,6.4,6.37478108581436,"#AAAAAA"
1.8,5.8,6.37478108581436,"#AAAAAA"
1.6,5.8,6.37478108581436,"#AAAAAA"
1,1,0.980735551663748,"#f781bf"
1.2,1.4,0.980735551663748,"#f781bf"
1.4,1.4,0.980735551663748,"#f781bf"
2,4.6,0.980735551663748,"#AAAAAA"
1.8,4.2,0.980735551663748,"#AAAAAA"
1.6,4.2,0.980735551663748,"#AAAAAA"
1,1,63.9579684763573,"#AAAAAA"
1.2,1,63.9579684763573,"#AAAAAA"
1.4,1,63.9579684763573,"#AAAAAA"
2,1,63.9579684763573,"#AAAAAA"
1.8,1,63.9579684763573,"#AAAAAA"
1.6,1,63.9579684763573,"#AAAAAA"
1,1,2.97723292469352,"#4daf4a"
1.2,1.5,2.97723292469352,"#4daf4a"
1.4,1.5,2.97723292469352,"#4daf4a"
2,5.5,2.97723292469352,"#AAAAAA"
1.8,5,2.97723292469352,"#AAAAAA"
1.6,5,2.97723292469352,"#AAAAAA"
1,5.5,1.82136602451839,"#ffd300"
1.2,5.6,1.82136602451839,"#ffd300"
1.4,5.6,1.82136602451839,"#ffd300"
2,6.4,1.82136602451839,"#4daf4a"
1.8,6.3,1.82136602451839,"#4daf4a"
1.6,6.3,1.82136602451839,"#4daf4a"
1,5.5,0.490367775831874,"#AAAAAA"
1.2,5,0.490367775831874,"#AAAAAA"
1.4,5,0.490367775831874,"#AAAAAA"
2,1,0.490367775831874,"#4daf4a"
1.8,1.5,0.490367775831874,"#4daf4a"
1.6,1.5,0.490367775831874,"#4daf4a"
1,5.5,0.175131348511384,"#4daf4a"
1.2,5.5,0.175131348511384,"#4daf4a"
1.4,5.5,0.175131348511384,"#4daf4a"
2,5.5,0.175131348511384,"#4daf4a"
1.8,5.5,0.175131348511384,"#4daf4a"
1.6,5.5,0.175131348511384,"#4daf4a"
2,6.4,5.60420315236427,"#ffd300"
2.2,6.4,5.60420315236427,"#ffd300"
2.4,6.4,5.60420315236427,"#ffd300"
3,6.4,5.60420315236427,"#ffd300"
2.8,6.4,5.60420315236427,"#ffd300"
2.6,6.4,5.60420315236427,"#ffd300"
2,6.4,0.31523642732049,"#f781bf"
2.2,6.2,0.31523642732049,"#f781bf"
2.4,6.2,0.31523642732049,"#f781bf"
3,4.6,0.31523642732049,"#ffd300"
2.8,4.8,0.31523642732049,"#ffd300"
2.6,4.8,0.31523642732049,"#ffd300"
2,6.4,6.09457092819615,"#AAAAAA"
2.2,5.8,6.09457092819615,"#AAAAAA"
2.4,5.8,6.09457092819615,"#AAAAAA"
3,1,6.09457092819615,"#ffd300"
2.8,1.6,6.09457092819615,"#ffd300"
2.6,1.6,6.09457092819615,"#ffd300"
2,6.4,1.40105078809107,"#4daf4a"
2.2,6.3,1.40105078809107,"#4daf4a"
2.4,6.3,1.40105078809107,"#4daf4a"
3,5.5,1.40105078809107,"#ffd300"
2.8,5.6,1.40105078809107,"#ffd300"
2.6,5.6,1.40105078809107,"#ffd300"
2,4.6,0.0700525394045534,"#ffd300"
2.2,4.8,0.0700525394045534,"#ffd300"
2.4,4.8,0.0700525394045534,"#ffd300"
3,6.4,0.0700525394045534,"#f781bf"
2.8,6.2,0.0700525394045534,"#f781bf"
2.6,6.2,0.0700525394045534,"#f781bf"
2,4.6,0.175131348511384,"#f781bf"
2.2,4.6,0.175131348511384,"#f781bf"
2.4,4.6,0.175131348511384,"#f781bf"
3,4.6,0.175131348511384,"#f781bf"
2.8,4.6,0.175131348511384,"#f781bf"
2.6,4.6,0.175131348511384,"#f781bf"
2,4.6,0.910683012259194,"#AAAAAA"
2.2,4.2,0.910683012259194,"#AAAAAA"
2.4,4.2,0.910683012259194,"#AAAAAA"
3,1,0.910683012259194,"#f781bf"
2.8,1.4,0.910683012259194,"#f781bf"
2.6,1.4,0.910683012259194,"#f781bf"
2,1,5.04378283712785,"#ffd300"
2.2,1.6,5.04378283712785,"#ffd300"
2.4,1.6,5.04378283712785,"#ffd300"
3,6.4,5.04378283712785,"#AAAAAA"
2.8,5.8,5.04378283712785,"#AAAAAA"
2.6,5.8,5.04378283712785,"#AAAAAA"
2,1,0.490367775831874,"#f781bf"
2.2,1.4,0.490367775831874,"#f781bf"
2.4,1.4,0.490367775831874,"#f781bf"
3,4.6,0.490367775831874,"#AAAAAA"
2.8,4.2,0.490367775831874,"#AAAAAA"
2.6,4.2,0.490367775831874,"#AAAAAA"
2,1,63.9929947460595,"#AAAAAA"
2.2,1,63.9929947460595,"#AAAAAA"
2.4,1,63.9929947460595,"#AAAAAA"
3,1,63.9929947460595,"#AAAAAA"
2.8,1,63.9929947460595,"#AAAAAA"
2.6,1,63.9929947460595,"#AAAAAA"
2,1,0.630472854640981,"#4daf4a"
2.2,1.5,0.630472854640981,"#4daf4a"
2.4,1.5,0.630472854640981,"#4daf4a"
3,5.5,0.630472854640981,"#AAAAAA"
2.8,5,0.630472854640981,"#AAAAAA"
2.6,5,0.630472854640981,"#AAAAAA"
2,5.5,12.15411558669,"#ffd300"
2.2,5.6,12.15411558669,"#ffd300"
2.4,5.6,12.15411558669,"#ffd300"
3,6.4,12.15411558669,"#4daf4a"
2.8,6.3,12.15411558669,"#4daf4a"
2.6,6.3,12.15411558669,"#4daf4a"
2,5.5,0.0350262697022767,"#f781bf"
2.2,5.4,0.0350262697022767,"#f781bf"
2.4,5.4,0.0350262697022767,"#f781bf"
3,4.6,0.0350262697022767,"#4daf4a"
2.8,4.7,0.0350262697022767,"#4daf4a"
2.6,4.7,0.0350262697022767,"#4daf4a"
2,5.5,2.45183887915937,"#AAAAAA"
2.2,5,2.45183887915937,"#AAAAAA"
2.4,5,2.45183887915937,"#AAAAAA"
3,1,2.45183887915937,"#4daf4a"
2.8,1.5,2.45183887915937,"#4daf4a"
2.6,1.5,2.45183887915937,"#4daf4a"
2,5.5,0.630472854640981,"#4daf4a"
2.2,5.5,0.630472854640981,"#4daf4a"
2.4,5.5,0.630472854640981,"#4daf4a"
3,5.5,0.630472854640981,"#4daf4a"
2.8,5.5,0.630472854640981,"#4daf4a"
2.6,5.5,0.630472854640981,"#4daf4a"
3,6.4,8.40630472854641,"#ffd300"
3.2,6.4,8.40630472854641,"#ffd300"
3.4,6.4,8.40630472854641,"#ffd300"
4,6.4,8.40630472854641,"#ffd300"
3.8,6.4,8.40630472854641,"#ffd300"
3.6,6.4,8.40630472854641,"#ffd300"
3,6.4,3.36252189141856,"#AAAAAA"
3.2,5.8,3.36252189141856,"#AAAAAA"
3.4,5.8,3.36252189141856,"#AAAAAA"
4,1,3.36252189141856,"#ffd300"
3.8,1.6,3.36252189141856,"#ffd300"
3.6,1.6,3.36252189141856,"#ffd300"
3,6.4,11.1033274956217,"#4daf4a"
3.2,6.3,11.1033274956217,"#4daf4a"
3.4,6.3,11.1033274956217,"#4daf4a"
4,5.5,11.1033274956217,"#ffd300"
3.8,5.6,11.1033274956217,"#ffd300"
3.6,5.6,11.1033274956217,"#ffd300"
3,4.6,0.245183887915937,"#ffd300"
3.2,4.8,0.245183887915937,"#ffd300"
3.4,4.8,0.245183887915937,"#ffd300"
4,6.4,0.245183887915937,"#f781bf"
3.8,6.2,0.245183887915937,"#f781bf"
3.6,6.2,0.245183887915937,"#f781bf"
3,4.6,0.10507880910683,"#f781bf"
3.2,4.6,0.10507880910683,"#f781bf"
3.4,4.6,0.10507880910683,"#f781bf"
4,4.6,0.10507880910683,"#f781bf"
3.8,4.6,0.10507880910683,"#f781bf"
3.6,4.6,0.10507880910683,"#f781bf"
3,4.6,0.630472854640981,"#AAAAAA"
3.2,4.2,0.630472854640981,"#AAAAAA"
3.4,4.2,0.630472854640981,"#AAAAAA"
4,1,0.630472854640981,"#f781bf"
3.8,1.4,0.630472854640981,"#f781bf"
3.6,1.4,0.630472854640981,"#f781bf"
3,4.6,0.0350262697022767,"#4daf4a"
3.2,4.7,0.0350262697022767,"#4daf4a"
3.4,4.7,0.0350262697022767,"#4daf4a"
4,5.5,0.0350262697022767,"#f781bf"
3.8,5.4,0.0350262697022767,"#f781bf"
3.6,5.4,0.0350262697022767,"#f781bf"
3,1,16.2872154115587,"#ffd300"
3.2,1.6,16.2872154115587,"#ffd300"
3.4,1.6,16.2872154115587,"#ffd300"
4,6.4,16.2872154115587,"#AAAAAA"
3.8,5.8,16.2872154115587,"#AAAAAA"
3.6,5.8,16.2872154115587,"#AAAAAA"
3,1,0.350262697022767,"#f781bf"
3.2,1.4,0.350262697022767,"#f781bf"
3.4,1.4,0.350262697022767,"#f781bf"
4,4.6,0.350262697022767,"#AAAAAA"
3.8,4.2,0.350262697022767,"#AAAAAA"
3.6,4.2,0.350262697022767,"#AAAAAA"
3,1,51.9789842381786,"#AAAAAA"
3.2,1,51.9789842381786,"#AAAAAA"
3.4,1,51.9789842381786,"#AAAAAA"
4,1,51.9789842381786,"#AAAAAA"
3.8,1,51.9789842381786,"#AAAAAA"
3.6,1,51.9789842381786,"#AAAAAA"
3,1,4.83362521891419,"#4daf4a"
3.2,1.5,4.83362521891419,"#4daf4a"
3.4,1.5,4.83362521891419,"#4daf4a"
4,5.5,4.83362521891419,"#AAAAAA"
3.8,5,4.83362521891419,"#AAAAAA"
3.6,5,4.83362521891419,"#AAAAAA"
3,5.5,1.33099824868651,"#ffd300"
3.2,5.6,1.33099824868651,"#ffd300"
3.4,5.6,1.33099824868651,"#ffd300"
4,6.4,1.33099824868651,"#4daf4a"
3.8,6.3,1.33099824868651,"#4daf4a"
3.6,6.3,1.33099824868651,"#4daf4a"
3,5.5,0.665499124343257,"#AAAAAA"
3.2,5,0.665499124343257,"#AAAAAA"
3.4,5,0.665499124343257,"#AAAAAA"
4,1,0.665499124343257,"#4daf4a"
3.8,1.5,0.665499124343257,"#4daf4a"
3.6,1.5,0.665499124343257,"#4daf4a"
3,5.5,0.665499124343257,"#4daf4a"
3.2,5.5,0.665499124343257,"#4daf4a"
3.4,5.5,0.665499124343257,"#4daf4a"
4,5.5,0.665499124343257,"#4daf4a"
3.8,5.5,0.665499124343257,"#4daf4a"
3.6,5.5,0.665499124343257,"#4daf4a"
4,6.4,12.6444833625219,"#ffd300"
4.2,6.4,12.6444833625219,"#ffd300"
4.4,6.4,12.6444833625219,"#ffd300"
5,6.4,12.6444833625219,"#ffd300"
4.8,6.4,12.6444833625219,"#ffd300"
4.6,6.4,12.6444833625219,"#ffd300"
4,6.4,0.0350262697022767,"#f781bf"
4.2,6.2,0.0350262697022767,"#f781bf"
4.4,6.2,0.0350262697022767,"#f781bf"
5,4.6,0.0350262697022767,"#ffd300"
4.8,4.8,0.0350262697022767,"#ffd300"
4.6,4.8,0.0350262697022767,"#ffd300"
4,6.4,8.82661996497373,"#AAAAAA"
4.2,5.8,8.82661996497373,"#AAAAAA"
4.4,5.8,8.82661996497373,"#AAAAAA"
5,1,8.82661996497373,"#ffd300"
4.8,1.6,8.82661996497373,"#ffd300"
4.6,1.6,8.82661996497373,"#ffd300"
4,6.4,4.76357267950963,"#4daf4a"
4.2,6.3,4.76357267950963,"#4daf4a"
4.4,6.3,4.76357267950963,"#4daf4a"
5,5.5,4.76357267950963,"#ffd300"
4.8,5.6,4.76357267950963,"#ffd300"
4.6,5.6,4.76357267950963,"#ffd300"
4,4.6,0.21015761821366,"#f781bf"
4.2,4.6,0.21015761821366,"#f781bf"
4.4,4.6,0.21015761821366,"#f781bf"
5,4.6,0.21015761821366,"#f781bf"
4.8,4.6,0.21015761821366,"#f781bf"
4.6,4.6,0.21015761821366,"#f781bf"
4,4.6,0.245183887915937,"#AAAAAA"
4.2,4.2,0.245183887915937,"#AAAAAA"
4.4,4.2,0.245183887915937,"#AAAAAA"
5,1,0.245183887915937,"#f781bf"
4.8,1.4,0.245183887915937,"#f781bf"
4.6,1.4,0.245183887915937,"#f781bf"
4,1,2.94220665499124,"#ffd300"
4.2,1.6,2.94220665499124,"#ffd300"
4.4,1.6,2.94220665499124,"#ffd300"
5,6.4,2.94220665499124,"#AAAAAA"
4.8,5.8,2.94220665499124,"#AAAAAA"
4.6,5.8,2.94220665499124,"#AAAAAA"
4,1,0.385288966725044,"#f781bf"
4.2,1.4,0.385288966725044,"#f781bf"
4.4,1.4,0.385288966725044,"#f781bf"
5,4.6,0.385288966725044,"#AAAAAA"
4.8,4.2,0.385288966725044,"#AAAAAA"
4.6,4.2,0.385288966725044,"#AAAAAA"
4,1,52.4343257443082,"#AAAAAA"
4.2,1,52.4343257443082,"#AAAAAA"
4.4,1,52.4343257443082,"#AAAAAA"
5,1,52.4343257443082,"#AAAAAA"
4.8,1,52.4343257443082,"#AAAAAA"
4.6,1,52.4343257443082,"#AAAAAA"
4,1,0.875656742556918,"#4daf4a"
4.2,1.5,0.875656742556918,"#4daf4a"
4.4,1.5,0.875656742556918,"#4daf4a"
5,5.5,0.875656742556918,"#AAAAAA"
4.8,5,0.875656742556918,"#AAAAAA"
4.6,5,0.875656742556918,"#AAAAAA"
4,5.5,13.0998248686515,"#ffd300"
4.2,5.6,13.0998248686515,"#ffd300"
4.4,5.6,13.0998248686515,"#ffd300"
5,6.4,13.0998248686515,"#4daf4a"
4.8,6.3,13.0998248686515,"#4daf4a"
4.6,6.3,13.0998248686515,"#4daf4a"
4,5.5,3.0122591943958,"#AAAAAA"
4.2,5,3.0122591943958,"#AAAAAA"
4.4,5,3.0122591943958,"#AAAAAA"
5,1,3.0122591943958,"#4daf4a"
4.8,1.5,3.0122591943958,"#4daf4a"
4.6,1.5,3.0122591943958,"#4daf4a"
4,5.5,0.525394045534151,"#4daf4a"
4.2,5.5,0.525394045534151,"#4daf4a"
4.4,5.5,0.525394045534151,"#4daf4a"
5,5.5,0.525394045534151,"#4daf4a"
4.8,5.5,0.525394045534151,"#4daf4a"
4.6,5.5,0.525394045534151,"#4daf4a"
5,6.4,13.3800350262697,"#ffd300"
5.2,6.4,13.3800350262697,"#ffd300"
5.4,6.4,13.3800350262697,"#ffd300"
6,6.4,13.3800350262697,"#ffd300"
5.8,6.4,13.3800350262697,"#ffd300"
5.6,6.4,13.3800350262697,"#ffd300"
5,6.4,0.10507880910683,"#f781bf"
5.2,6.2,0.10507880910683,"#f781bf"
5.4,6.2,0.10507880910683,"#f781bf"
6,4.6,0.10507880910683,"#ffd300"
5.8,4.8,0.10507880910683,"#ffd300"
5.6,4.8,0.10507880910683,"#ffd300"
5,6.4,5.77933450087566,"#AAAAAA"
5.2,5.8,5.77933450087566,"#AAAAAA"
5.4,5.8,5.77933450087566,"#AAAAAA"
6,1,5.77933450087566,"#ffd300"
5.8,1.6,5.77933450087566,"#ffd300"
5.6,1.6,5.77933450087566,"#ffd300"
5,6.4,9.42206654991243,"#4daf4a"
5.2,6.3,9.42206654991243,"#4daf4a"
5.4,6.3,9.42206654991243,"#4daf4a"
6,5.5,9.42206654991243,"#ffd300"
5.8,5.6,9.42206654991243,"#ffd300"
5.6,5.6,9.42206654991243,"#ffd300"
5,4.6,0.245183887915937,"#ffd300"
5.2,4.8,0.245183887915937,"#ffd300"
5.4,4.8,0.245183887915937,"#ffd300"
6,6.4,0.245183887915937,"#f781bf"
5.8,6.2,0.245183887915937,"#f781bf"
5.6,6.2,0.245183887915937,"#f781bf"
5,4.6,0.10507880910683,"#f781bf"
5.2,4.6,0.10507880910683,"#f781bf"
5.4,4.6,0.10507880910683,"#f781bf"
6,4.6,0.10507880910683,"#f781bf"
5.8,4.6,0.10507880910683,"#f781bf"
5.6,4.6,0.10507880910683,"#f781bf"
5,4.6,0.385288966725044,"#AAAAAA"
5.2,4.2,0.385288966725044,"#AAAAAA"
5.4,4.2,0.385288966725044,"#AAAAAA"
6,1,0.385288966725044,"#f781bf"
5.8,1.4,0.385288966725044,"#f781bf"
5.6,1.4,0.385288966725044,"#f781bf"
5,1,4.62346760070053,"#ffd300"
5.2,1.6,4.62346760070053,"#ffd300"
5.4,1.6,4.62346760070053,"#ffd300"
6,6.4,4.62346760070053,"#AAAAAA"
5.8,5.8,4.62346760070053,"#AAAAAA"
5.6,5.8,4.62346760070053,"#AAAAAA"
5,1,0.980735551663748,"#f781bf"
5.2,1.4,0.980735551663748,"#f781bf"
5.4,1.4,0.980735551663748,"#f781bf"
6,4.6,0.980735551663748,"#AAAAAA"
5.8,4.2,0.980735551663748,"#AAAAAA"
5.6,4.2,0.980735551663748,"#AAAAAA"
5,1,58.0735551663748,"#AAAAAA"
5.2,1,58.0735551663748,"#AAAAAA"
5.4,1,58.0735551663748,"#AAAAAA"
6,1,58.0735551663748,"#AAAAAA"
5.8,1,58.0735551663748,"#AAAAAA"
5.6,1,58.0735551663748,"#AAAAAA"
5,1,0.735551663747811,"#4daf4a"
5.2,1.5,0.735551663747811,"#4daf4a"
5.4,1.5,0.735551663747811,"#4daf4a"
6,5.5,0.735551663747811,"#AAAAAA"
5.8,5,0.735551663747811,"#AAAAAA"
5.6,5,0.735551663747811,"#AAAAAA"
5,5.5,4.69352014010508,"#ffd300"
5.2,5.6,4.69352014010508,"#ffd300"
5.4,5.6,4.69352014010508,"#ffd300"
6,6.4,4.69352014010508,"#4daf4a"
5.8,6.3,4.69352014010508,"#4daf4a"
5.6,6.3,4.69352014010508,"#4daf4a"
5,5.5,0.10507880910683,"#f781bf"
5.2,5.4,0.10507880910683,"#f781bf"
5.4,5.4,0.10507880910683,"#f781bf"
6,4.6,0.10507880910683,"#4daf4a"
5.8,4.7,0.10507880910683,"#4daf4a"
5.6,4.7,0.10507880910683,"#4daf4a"
5,5.5,1.01576182136602,"#AAAAAA"
5.2,5,1.01576182136602,"#AAAAAA"
5.4,5,1.01576182136602,"#AAAAAA"
6,1,1.01576182136602,"#4daf4a"
5.8,1.5,1.01576182136602,"#4daf4a"
5.6,1.5,1.01576182136602,"#4daf4a"
5,5.5,0.350262697022767,"#4daf4a"
5.2,5.5,0.350262697022767,"#4daf4a"
5.4,5.5,0.350262697022767,"#4daf4a"
6,5.5,0.350262697022767,"#4daf4a"
5.8,5.5,0.350262697022767,"#4daf4a"
5.6,5.5,0.350262697022767,"#4daf4a"
6,6.4,11.9089316987741,"#ffd300"
6.2,6.4,11.9089316987741,"#ffd300"
6.4,6.4,11.9089316987741,"#ffd300"
7,6.4,11.9089316987741,"#ffd300"
6.8,6.4,11.9089316987741,"#ffd300"
6.6,6.4,11.9089316987741,"#ffd300"
6,6.4,0.175131348511384,"#f781bf"
6.2,6.2,0.175131348511384,"#f781bf"
6.4,6.2,0.175131348511384,"#f781bf"
7,4.6,0.175131348511384,"#ffd300"
6.8,4.8,0.175131348511384,"#ffd300"
6.6,4.8,0.175131348511384,"#ffd300"
6,6.4,3.46760070052539,"#AAAAAA"
6.2,5.8,3.46760070052539,"#AAAAAA"
6.4,5.8,3.46760070052539,"#AAAAAA"
7,1,3.46760070052539,"#ffd300"
6.8,1.6,3.46760070052539,"#ffd300"
6.6,1.6,3.46760070052539,"#ffd300"
6,6.4,7.39054290718038,"#4daf4a"
6.2,6.3,7.39054290718038,"#4daf4a"
6.4,6.3,7.39054290718038,"#4daf4a"
7,5.5,7.39054290718038,"#ffd300"
6.8,5.6,7.39054290718038,"#ffd300"
6.6,5.6,7.39054290718038,"#ffd300"
6,4.6,0.490367775831874,"#ffd300"
6.2,4.8,0.490367775831874,"#ffd300"
6.4,4.8,0.490367775831874,"#ffd300"
7,6.4,0.490367775831874,"#f781bf"
6.8,6.2,0.490367775831874,"#f781bf"
6.6,6.2,0.490367775831874,"#f781bf"
6,4.6,0.31523642732049,"#f781bf"
6.2,4.6,0.31523642732049,"#f781bf"
6.4,4.6,0.31523642732049,"#f781bf"
7,4.6,0.31523642732049,"#f781bf"
6.8,4.6,0.31523642732049,"#f781bf"
6.6,4.6,0.31523642732049,"#f781bf"
6,4.6,0.420315236427321,"#AAAAAA"
6.2,4.2,0.420315236427321,"#AAAAAA"
6.4,4.2,0.420315236427321,"#AAAAAA"
7,1,0.420315236427321,"#f781bf"
6.8,1.4,0.420315236427321,"#f781bf"
6.6,1.4,0.420315236427321,"#f781bf"
6,1,4.55341506129597,"#ffd300"
6.2,1.6,4.55341506129597,"#ffd300"
6.4,1.6,4.55341506129597,"#ffd300"
7,6.4,4.55341506129597,"#AAAAAA"
6.8,5.8,4.55341506129597,"#AAAAAA"
6.6,5.8,4.55341506129597,"#AAAAAA"
6,1,0.280210157618214,"#f781bf"
6.2,1.4,0.280210157618214,"#f781bf"
6.4,1.4,0.280210157618214,"#f781bf"
7,4.6,0.280210157618214,"#AAAAAA"
6.8,4.2,0.280210157618214,"#AAAAAA"
6.6,4.2,0.280210157618214,"#AAAAAA"
6,1,60.2101576182137,"#AAAAAA"
6.2,1,60.2101576182137,"#AAAAAA"
6.4,1,60.2101576182137,"#AAAAAA"
7,1,60.2101576182137,"#AAAAAA"
6.8,1,60.2101576182137,"#AAAAAA"
6.6,1,60.2101576182137,"#AAAAAA"
6,1,0.280210157618214,"#4daf4a"
6.2,1.5,0.280210157618214,"#4daf4a"
6.4,1.5,0.280210157618214,"#4daf4a"
7,5.5,0.280210157618214,"#AAAAAA"
6.8,5,0.280210157618214,"#AAAAAA"
6.6,5,0.280210157618214,"#AAAAAA"
6,5.5,8.33625218914186,"#ffd300"
6.2,5.6,8.33625218914186,"#ffd300"
6.4,5.6,8.33625218914186,"#ffd300"
7,6.4,8.33625218914186,"#4daf4a"
6.8,6.3,8.33625218914186,"#4daf4a"
6.6,6.3,8.33625218914186,"#4daf4a"
6,5.5,0.21015761821366,"#f781bf"
6.2,5.4,0.21015761821366,"#f781bf"
6.4,5.4,0.21015761821366,"#f781bf"
7,4.6,0.21015761821366,"#4daf4a"
6.8,4.7,0.21015761821366,"#4daf4a"
6.6,4.7,0.21015761821366,"#4daf4a"
6,5.5,1.64623467600701,"#AAAAAA"
6.2,5,1.64623467600701,"#AAAAAA"
6.4,5,1.64623467600701,"#AAAAAA"
7,1,1.64623467600701,"#4daf4a"
6.8,1.5,1.64623467600701,"#4daf4a"
6.6,1.5,1.64623467600701,"#4daf4a"
6,5.5,0.31523642732049,"#4daf4a"
6.2,5.5,0.31523642732049,"#4daf4a"
6.4,5.5,0.31523642732049,"#4daf4a"
7,5.5,0.31523642732049,"#4daf4a"
6.8,5.5,0.31523642732049,"#4daf4a"
6.6,5.5,0.31523642732049,"#4daf4a"
7,6.4,8.09106830122592,"#ffd300"
7.2,6.4,8.09106830122592,"#ffd300"
7.4,6.4,8.09106830122592,"#ffd300"
8,6.4,8.09106830122592,"#ffd300"
7.8,6.4,8.09106830122592,"#ffd300"
7.6,6.4,8.09106830122592,"#ffd300"
7,6.4,0.525394045534151,"#f781bf"
7.2,6.2,0.525394045534151,"#f781bf"
7.4,6.2,0.525394045534151,"#f781bf"
8,4.6,0.525394045534151,"#ffd300"
7.8,4.8,0.525394045534151,"#ffd300"
7.6,4.8,0.525394045534151,"#ffd300"
7,6.4,2.24168126094571,"#AAAAAA"
7.2,5.8,2.24168126094571,"#AAAAAA"
7.4,5.8,2.24168126094571,"#AAAAAA"
8,1,2.24168126094571,"#ffd300"
7.8,1.6,2.24168126094571,"#ffd300"
7.6,1.6,2.24168126094571,"#ffd300"
7,6.4,14.430823117338,"#4daf4a"
7.2,6.3,14.430823117338,"#4daf4a"
7.4,6.3,14.430823117338,"#4daf4a"
8,5.5,14.430823117338,"#ffd300"
7.8,5.6,14.430823117338,"#ffd300"
7.6,5.6,14.430823117338,"#ffd300"
7,4.6,0.0700525394045534,"#ffd300"
7.2,4.8,0.0700525394045534,"#ffd300"
7.4,4.8,0.0700525394045534,"#ffd300"
8,6.4,0.0700525394045534,"#f781bf"
7.8,6.2,0.0700525394045534,"#f781bf"
7.6,6.2,0.0700525394045534,"#f781bf"
7,4.6,0.385288966725044,"#f781bf"
7.2,4.6,0.385288966725044,"#f781bf"
7.4,4.6,0.385288966725044,"#f781bf"
8,4.6,0.385288966725044,"#f781bf"
7.8,4.6,0.385288966725044,"#f781bf"
7.6,4.6,0.385288966725044,"#f781bf"
7,4.6,0.420315236427321,"#AAAAAA"
7.2,4.2,0.420315236427321,"#AAAAAA"
7.4,4.2,0.420315236427321,"#AAAAAA"
8,1,0.420315236427321,"#f781bf"
7.8,1.4,0.420315236427321,"#f781bf"
7.6,1.4,0.420315236427321,"#f781bf"
7,4.6,0.0700525394045534,"#4daf4a"
7.2,4.7,0.0700525394045534,"#4daf4a"
7.4,4.7,0.0700525394045534,"#4daf4a"
8,5.5,0.0700525394045534,"#f781bf"
7.8,5.4,0.0700525394045534,"#f781bf"
7.6,5.4,0.0700525394045534,"#f781bf"
7,1,1.64623467600701,"#ffd300"
7.2,1.6,1.64623467600701,"#ffd300"
7.4,1.6,1.64623467600701,"#ffd300"
8,6.4,1.64623467600701,"#AAAAAA"
7.8,5.8,1.64623467600701,"#AAAAAA"
7.6,5.8,1.64623467600701,"#AAAAAA"
7,1,0.595446584938704,"#f781bf"
7.2,1.4,0.595446584938704,"#f781bf"
7.4,1.4,0.595446584938704,"#f781bf"
8,4.6,0.595446584938704,"#AAAAAA"
7.8,4.2,0.595446584938704,"#AAAAAA"
7.6,4.2,0.595446584938704,"#AAAAAA"
7,1,60.4203152364273,"#AAAAAA"
7.2,1,60.4203152364273,"#AAAAAA"
7.4,1,60.4203152364273,"#AAAAAA"
8,1,60.4203152364273,"#AAAAAA"
7.8,1,60.4203152364273,"#AAAAAA"
7.6,1,60.4203152364273,"#AAAAAA"
7,1,3.11733800350263,"#4daf4a"
7.2,1.5,3.11733800350263,"#4daf4a"
7.4,1.5,3.11733800350263,"#4daf4a"
8,5.5,3.11733800350263,"#AAAAAA"
7.8,5,3.11733800350263,"#AAAAAA"
7.6,5,3.11733800350263,"#AAAAAA"
7,5.5,4.09807355516637,"#ffd300"
7.2,5.6,4.09807355516637,"#ffd300"
7.4,5.6,4.09807355516637,"#ffd300"
8,6.4,4.09807355516637,"#4daf4a"
7.8,6.3,4.09807355516637,"#4daf4a"
7.6,6.3,4.09807355516637,"#4daf4a"
7,5.5,0.21015761821366,"#f781bf"
7.2,5.4,0.21015761821366,"#f781bf"
7.4,5.4,0.21015761821366,"#f781bf"
8,4.6,0.21015761821366,"#4daf4a"
7.8,4.7,0.21015761821366,"#4daf4a"
7.6,4.7,0.21015761821366,"#4daf4a"
7,5.5,0.10507880910683,"#AAAAAA"
7.2,5,0.10507880910683,"#AAAAAA"
7.4,5,0.10507880910683,"#AAAAAA"
8,1,0.10507880910683,"#4daf4a"
7.8,1.5,0.10507880910683,"#4daf4a"
7.6,1.5,0.10507880910683,"#4daf4a"
7,5.5,3.57267950963222,"#4daf4a"
7.2,5.5,3.57267950963222,"#4daf4a"
7.4,5.5,3.57267950963222,"#4daf4a"
8,5.5,3.57267950963222,"#4daf4a"
7.8,5.5,3.57267950963222,"#4daf4a"
7.6,5.5,3.57267950963222,"#4daf4a"
8,6.4,11.0683012259194,"#ffd300"
8.2,6.4,11.0683012259194,"#ffd300"
8.4,6.4,11.0683012259194,"#ffd300"
9,6.4,11.0683012259194,"#ffd300"
8.8,6.4,11.0683012259194,"#ffd300"
8.6,6.4,11.0683012259194,"#ffd300"
8,6.4,0.595446584938704,"#f781bf"
8.2,6.2,0.595446584938704,"#f781bf"
8.4,6.2,0.595446584938704,"#f781bf"
9,4.6,0.595446584938704,"#ffd300"
8.8,4.8,0.595446584938704,"#ffd300"
8.6,4.8,0.595446584938704,"#ffd300"
8,6.4,0.455341506129597,"#AAAAAA"
8.2,5.8,0.455341506129597,"#AAAAAA"
8.4,5.8,0.455341506129597,"#AAAAAA"
9,1,0.455341506129597,"#ffd300"
8.8,1.6,0.455341506129597,"#ffd300"
8.6,1.6,0.455341506129597,"#ffd300"
8,6.4,1.78633975481611,"#4daf4a"
8.2,6.3,1.78633975481611,"#4daf4a"
8.4,6.3,1.78633975481611,"#4daf4a"
9,5.5,1.78633975481611,"#ffd300"
8.8,5.6,1.78633975481611,"#ffd300"
8.6,5.6,1.78633975481611,"#ffd300"
8,4.6,0.350262697022767,"#ffd300"
8.2,4.8,0.350262697022767,"#ffd300"
8.4,4.8,0.350262697022767,"#ffd300"
9,6.4,0.350262697022767,"#f781bf"
8.8,6.2,0.350262697022767,"#f781bf"
8.6,6.2,0.350262697022767,"#f781bf"
8,4.6,1.36602451838879,"#f781bf"
8.2,4.6,1.36602451838879,"#f781bf"
8.4,4.6,1.36602451838879,"#f781bf"
9,4.6,1.36602451838879,"#f781bf"
8.8,4.6,1.36602451838879,"#f781bf"
8.6,4.6,1.36602451838879,"#f781bf"
8,1,0.490367775831874,"#ffd300"
8.2,1.6,0.490367775831874,"#ffd300"
8.4,1.6,0.490367775831874,"#ffd300"
9,6.4,0.490367775831874,"#AAAAAA"
8.8,5.8,0.490367775831874,"#AAAAAA"
8.6,5.8,0.490367775831874,"#AAAAAA"
8,1,0.350262697022767,"#f781bf"
8.2,1.4,0.350262697022767,"#f781bf"
8.4,1.4,0.350262697022767,"#f781bf"
9,4.6,0.350262697022767,"#AAAAAA"
8.8,4.2,0.350262697022767,"#AAAAAA"
8.6,4.2,0.350262697022767,"#AAAAAA"
8,1,62.3117338003503,"#AAAAAA"
8.2,1,62.3117338003503,"#AAAAAA"
8.4,1,62.3117338003503,"#AAAAAA"
9,1,62.3117338003503,"#AAAAAA"
8.8,1,62.3117338003503,"#AAAAAA"
8.6,1,62.3117338003503,"#AAAAAA"
8,1,0.0350262697022767,"#4daf4a"
8.2,1.5,0.0350262697022767,"#4daf4a"
8.4,1.5,0.0350262697022767,"#4daf4a"
9,5.5,0.0350262697022767,"#AAAAAA"
8.8,5,0.0350262697022767,"#AAAAAA"
8.6,5,0.0350262697022767,"#AAAAAA"
8,5.5,13.9404553415061,"#ffd300"
8.2,5.6,13.9404553415061,"#ffd300"
8.4,5.6,13.9404553415061,"#ffd300"
9,6.4,13.9404553415061,"#4daf4a"
8.8,6.3,13.9404553415061,"#4daf4a"
8.6,6.3,13.9404553415061,"#4daf4a"
8,5.5,0.0350262697022767,"#e41a1c"
8.2,5.1,0.0350262697022767,"#e41a1c"
8.4,5.1,0.0350262697022767,"#e41a1c"
9,1.9,0.0350262697022767,"#4daf4a"
8.8,2.3,0.0350262697022767,"#4daf4a"
8.6,2.3,0.0350262697022767,"#4daf4a"
8,5.5,5.46409807355517,"#f781bf"
8.2,5.4,5.46409807355517,"#f781bf"
8.4,5.4,5.46409807355517,"#f781bf"
9,4.6,5.46409807355517,"#4daf4a"
8.8,4.7,5.46409807355517,"#4daf4a"
8.6,4.7,5.46409807355517,"#4daf4a"
8,5.5,0.840630472854641,"#AAAAAA"
8.2,5,0.840630472854641,"#AAAAAA"
8.4,5,0.840630472854641,"#AAAAAA"
9,1,0.840630472854641,"#4daf4a"
8.8,1.5,0.840630472854641,"#4daf4a"
8.6,1.5,0.840630472854641,"#4daf4a"
8,5.5,0.910683012259194,"#4daf4a"
8.2,5.5,0.910683012259194,"#4daf4a"
8.4,5.5,0.910683012259194,"#4daf4a"
9,5.5,0.910683012259194,"#4daf4a"
8.8,5.5,0.910683012259194,"#4daf4a"
8.6,5.5,0.910683012259194,"#4daf4a"
9,6.4,12.7495621716287,"#ffd300"
9.2,6.4,12.7495621716287,"#ffd300"
9.4,6.4,12.7495621716287,"#ffd300"
10,6.4,12.7495621716287,"#ffd300"
9.8,6.4,12.7495621716287,"#ffd300"
9.6,6.4,12.7495621716287,"#ffd300"
9,6.4,9.03677758318739,"#f781bf"
9.2,6.2,9.03677758318739,"#f781bf"
9.4,6.2,9.03677758318739,"#f781bf"
10,4.6,9.03677758318739,"#ffd300"
9.8,4.8,9.03677758318739,"#ffd300"
9.6,4.8,9.03677758318739,"#ffd300"
9,6.4,0.420315236427321,"#AAAAAA"
9.2,5.8,0.420315236427321,"#AAAAAA"
9.4,5.8,0.420315236427321,"#AAAAAA"
10,1,0.420315236427321,"#ffd300"
9.8,1.6,0.420315236427321,"#ffd300"
9.6,1.6,0.420315236427321,"#ffd300"
9,6.4,3.64273204903678,"#4daf4a"
9.2,6.3,3.64273204903678,"#4daf4a"
9.4,6.3,3.64273204903678,"#4daf4a"
10,5.5,3.64273204903678,"#ffd300"
9.8,5.6,3.64273204903678,"#ffd300"
9.6,5.6,3.64273204903678,"#ffd300"
9,1.9,0.0350262697022767,"#ffd300"
9.2,2.4,0.0350262697022767,"#ffd300"
9.4,2.4,0.0350262697022767,"#ffd300"
10,6.4,0.0350262697022767,"#e41a1c"
9.8,5.9,0.0350262697022767,"#e41a1c"
9.6,5.9,0.0350262697022767,"#e41a1c"
9,4.6,2.48686514886165,"#ffd300"
9.2,4.8,2.48686514886165,"#ffd300"
9.4,4.8,2.48686514886165,"#ffd300"
10,6.4,2.48686514886165,"#f781bf"
9.8,6.2,2.48686514886165,"#f781bf"
9.6,6.2,2.48686514886165,"#f781bf"
9,4.6,5.14886164623468,"#f781bf"
9.2,4.6,5.14886164623468,"#f781bf"
9.4,4.6,5.14886164623468,"#f781bf"
10,4.6,5.14886164623468,"#f781bf"
9.8,4.6,5.14886164623468,"#f781bf"
9.6,4.6,5.14886164623468,"#f781bf"
9,4.6,0.0350262697022767,"#AAAAAA"
9.2,4.2,0.0350262697022767,"#AAAAAA"
9.4,4.2,0.0350262697022767,"#AAAAAA"
10,1,0.0350262697022767,"#f781bf"
9.8,1.4,0.0350262697022767,"#f781bf"
9.6,1.4,0.0350262697022767,"#f781bf"
9,4.6,0.10507880910683,"#4daf4a"
9.2,4.7,0.10507880910683,"#4daf4a"
9.4,4.7,0.10507880910683,"#4daf4a"
10,5.5,0.10507880910683,"#f781bf"
9.8,5.4,0.10507880910683,"#f781bf"
9.6,5.4,0.10507880910683,"#f781bf"
9,1,0.665499124343257,"#ffd300"
9.2,1.6,0.665499124343257,"#ffd300"
9.4,1.6,0.665499124343257,"#ffd300"
10,6.4,0.665499124343257,"#AAAAAA"
9.8,5.8,0.665499124343257,"#AAAAAA"
9.6,5.8,0.665499124343257,"#AAAAAA"
9,1,0.420315236427321,"#f781bf"
9.2,1.4,0.420315236427321,"#f781bf"
9.4,1.4,0.420315236427321,"#f781bf"
10,4.6,0.420315236427321,"#AAAAAA"
9.8,4.2,0.420315236427321,"#AAAAAA"
9.6,4.2,0.420315236427321,"#AAAAAA"
9,1,62.4518388791594,"#AAAAAA"
9.2,1,62.4518388791594,"#AAAAAA"
9.4,1,62.4518388791594,"#AAAAAA"
10,1,62.4518388791594,"#AAAAAA"
9.8,1,62.4518388791594,"#AAAAAA"
9.6,1,62.4518388791594,"#AAAAAA"
9,1,0.0700525394045534,"#4daf4a"
9.2,1.5,0.0700525394045534,"#4daf4a"
9.4,1.5,0.0700525394045534,"#4daf4a"
10,5.5,0.0700525394045534,"#AAAAAA"
9.8,5,0.0700525394045534,"#AAAAAA"
9.6,5,0.0700525394045534,"#AAAAAA"
9,5.5,0.980735551663748,"#ffd300"
9.2,5.6,0.980735551663748,"#ffd300"
9.4,5.6,0.980735551663748,"#ffd300"
10,6.4,0.980735551663748,"#4daf4a"
9.8,6.3,0.980735551663748,"#4daf4a"
9.6,6.3,0.980735551663748,"#4daf4a"
9,5.5,1.33099824868651,"#f781bf"
9.2,5.4,1.33099824868651,"#f781bf"
9.4,5.4,1.33099824868651,"#f781bf"
10,4.6,1.33099824868651,"#4daf4a"
9.8,4.7,1.33099824868651,"#4daf4a"
9.6,4.7,1.33099824868651,"#4daf4a"
9,5.5,0.420315236427321,"#4daf4a"
9.2,5.5,0.420315236427321,"#4daf4a"
9.4,5.5,0.420315236427321,"#4daf4a"
10,5.5,0.420315236427321,"#4daf4a"
9.8,5.5,0.420315236427321,"#4daf4a"
9.6,5.5,0.420315236427321,"#4daf4a"
10,6.4,13.0998248686515,"#ffd300"
10.2,6.4,13.0998248686515,"#ffd300"
10.4,6.4,13.0998248686515,"#ffd300"
11,6.4,13.0998248686515,"#ffd300"
10.8,6.4,13.0998248686515,"#ffd300"
10.6,6.4,13.0998248686515,"#ffd300"
10,6.4,2.69702276707531,"#f781bf"
10.2,6.2,2.69702276707531,"#f781bf"
10.4,6.2,2.69702276707531,"#f781bf"
11,4.6,2.69702276707531,"#ffd300"
10.8,4.8,2.69702276707531,"#ffd300"
10.6,4.8,2.69702276707531,"#ffd300"
10,6.4,0.420315236427321,"#AAAAAA"
10.2,5.8,0.420315236427321,"#AAAAAA"
10.4,5.8,0.420315236427321,"#AAAAAA"
11,1,0.420315236427321,"#ffd300"
10.8,1.6,0.420315236427321,"#ffd300"
10.6,1.6,0.420315236427321,"#ffd300"
10,6.4,0.700525394045534,"#4daf4a"
10.2,6.3,0.700525394045534,"#4daf4a"
10.4,6.3,0.700525394045534,"#4daf4a"
11,5.5,0.700525394045534,"#ffd300"
10.8,5.6,0.700525394045534,"#ffd300"
10.6,5.6,0.700525394045534,"#ffd300"
10,4.6,2.87215411558669,"#ffd300"
10.2,4.8,2.87215411558669,"#ffd300"
10.4,4.8,2.87215411558669,"#ffd300"
11,6.4,2.87215411558669,"#f781bf"
10.8,6.2,2.87215411558669,"#f781bf"
10.6,6.2,2.87215411558669,"#f781bf"
10,4.6,11.7338003502627,"#f781bf"
10.2,4.6,11.7338003502627,"#f781bf"
10.4,4.6,11.7338003502627,"#f781bf"
11,4.6,11.7338003502627,"#f781bf"
10.8,4.6,11.7338003502627,"#f781bf"
10.6,4.6,11.7338003502627,"#f781bf"
10,4.6,0.10507880910683,"#AAAAAA"
10.2,4.2,0.10507880910683,"#AAAAAA"
10.4,4.2,0.10507880910683,"#AAAAAA"
11,1,0.10507880910683,"#f781bf"
10.8,1.4,0.10507880910683,"#f781bf"
10.6,1.4,0.10507880910683,"#f781bf"
10,4.6,1.22591943957968,"#4daf4a"
10.2,4.7,1.22591943957968,"#4daf4a"
10.4,4.7,1.22591943957968,"#4daf4a"
11,5.5,1.22591943957968,"#f781bf"
10.8,5.4,1.22591943957968,"#f781bf"
10.6,5.4,1.22591943957968,"#f781bf"
10,1,0.140105078809107,"#ffd300"
10.2,1.6,0.140105078809107,"#ffd300"
10.4,1.6,0.140105078809107,"#ffd300"
11,6.4,0.140105078809107,"#AAAAAA"
10.8,5.8,0.140105078809107,"#AAAAAA"
10.6,5.8,0.140105078809107,"#AAAAAA"
10,1,0.140105078809107,"#f781bf"
10.2,1.4,0.140105078809107,"#f781bf"
10.4,1.4,0.140105078809107,"#f781bf"
11,4.6,0.140105078809107,"#AAAAAA"
10.8,4.2,0.140105078809107,"#AAAAAA"
10.6,4.2,0.140105078809107,"#AAAAAA"
10,1,62.5919439579685,"#AAAAAA"
10.2,1,62.5919439579685,"#AAAAAA"
10.4,1,62.5919439579685,"#AAAAAA"
11,1,62.5919439579685,"#AAAAAA"
10.8,1,62.5919439579685,"#AAAAAA"
10.6,1,62.5919439579685,"#AAAAAA"
10,1,0.0350262697022767,"#4daf4a"
10.2,1.5,0.0350262697022767,"#4daf4a"
10.4,1.5,0.0350262697022767,"#4daf4a"
11,5.5,0.0350262697022767,"#AAAAAA"
10.8,5,0.0350262697022767,"#AAAAAA"
10.6,5,0.0350262697022767,"#AAAAAA"
10,5.5,3.85288966725044,"#ffd300"
10.2,5.6,3.85288966725044,"#ffd300"
10.4,5.6,3.85288966725044,"#ffd300"
11,6.4,3.85288966725044,"#4daf4a"
10.8,6.3,3.85288966725044,"#4daf4a"
10.6,6.3,3.85288966725044,"#4daf4a"
10,5.5,0.140105078809107,"#f781bf"
10.2,5.4,0.140105078809107,"#f781bf"
10.4,5.4,0.140105078809107,"#f781bf"
11,4.6,0.140105078809107,"#4daf4a"
10.8,4.7,0.140105078809107,"#4daf4a"
10.6,4.7,0.140105078809107,"#4daf4a"
10,5.5,0.0350262697022767,"#AAAAAA"
10.2,5,0.0350262697022767,"#AAAAAA"
10.4,5,0.0350262697022767,"#AAAAAA"
11,1,0.0350262697022767,"#4daf4a"
10.8,1.5,0.0350262697022767,"#4daf4a"
10.6,1.5,0.0350262697022767,"#4daf4a"
10,5.5,0.21015761821366,"#4daf4a"
10.2,5.5,0.21015761821366,"#4daf4a"
10.4,5.5,0.21015761821366,"#4daf4a"
11,5.5,0.21015761821366,"#4daf4a"
10.8,5.5,0.21015761821366,"#4daf4a"
10.6,5.5,0.21015761821366,"#4daf4a"
11,6.4,12.3292469352014,"#ffd300"
11.2,6.4,12.3292469352014,"#ffd300"
11.4,6.4,12.3292469352014,"#ffd300"
12,6.4,12.3292469352014,"#ffd300"
11.8,6.4,12.3292469352014,"#ffd300"
11.6,6.4,12.3292469352014,"#ffd300"
11,6.4,3.78283712784588,"#f781bf"
11.2,6.2,3.78283712784588,"#f781bf"
11.4,6.2,3.78283712784588,"#f781bf"
12,4.6,3.78283712784588,"#ffd300"
11.8,4.8,3.78283712784588,"#ffd300"
11.6,4.8,3.78283712784588,"#ffd300"
11,6.4,0.630472854640981,"#AAAAAA"
11.2,5.8,0.630472854640981,"#AAAAAA"
11.4,5.8,0.630472854640981,"#AAAAAA"
12,1,0.630472854640981,"#ffd300"
11.8,1.6,0.630472854640981,"#ffd300"
11.6,1.6,0.630472854640981,"#ffd300"
11,6.4,3.22241681260946,"#4daf4a"
11.2,6.3,3.22241681260946,"#4daf4a"
11.4,6.3,3.22241681260946,"#4daf4a"
12,5.5,3.22241681260946,"#ffd300"
11.8,5.6,3.22241681260946,"#ffd300"
11.6,5.6,3.22241681260946,"#ffd300"
11,4.6,3.50262697022767,"#ffd300"
11.2,4.8,3.50262697022767,"#ffd300"
11.4,4.8,3.50262697022767,"#ffd300"
12,6.4,3.50262697022767,"#f781bf"
11.8,6.2,3.50262697022767,"#f781bf"
11.6,6.2,3.50262697022767,"#f781bf"
11,4.6,10.4028021015762,"#f781bf"
11.2,4.6,10.4028021015762,"#f781bf"
11.4,4.6,10.4028021015762,"#f781bf"
12,4.6,10.4028021015762,"#f781bf"
11.8,4.6,10.4028021015762,"#f781bf"
11.6,4.6,10.4028021015762,"#f781bf"
11,4.6,0.770577933450088,"#AAAAAA"
11.2,4.2,0.770577933450088,"#AAAAAA"
11.4,4.2,0.770577933450088,"#AAAAAA"
12,1,0.770577933450088,"#f781bf"
11.8,1.4,0.770577933450088,"#f781bf"
11.6,1.4,0.770577933450088,"#f781bf"
11,4.6,0.0350262697022767,"#4daf4a"
11.2,4.7,0.0350262697022767,"#4daf4a"
11.4,4.7,0.0350262697022767,"#4daf4a"
12,5.5,0.0350262697022767,"#f781bf"
11.8,5.4,0.0350262697022767,"#f781bf"
11.6,5.4,0.0350262697022767,"#f781bf"
11,1,3.39754816112084,"#ffd300"
11.2,1.6,3.39754816112084,"#ffd300"
11.4,1.6,3.39754816112084,"#ffd300"
12,6.4,3.39754816112084,"#AAAAAA"
11.8,5.8,3.39754816112084,"#AAAAAA"
11.6,5.8,3.39754816112084,"#AAAAAA"
11,1,0.665499124343257,"#f781bf"
11.2,1.4,0.665499124343257,"#f781bf"
11.4,1.4,0.665499124343257,"#f781bf"
12,4.6,0.665499124343257,"#AAAAAA"
11.8,4.2,0.665499124343257,"#AAAAAA"
11.6,4.2,0.665499124343257,"#AAAAAA"
11,1,58.0035026269702,"#AAAAAA"
11.2,1,58.0035026269702,"#AAAAAA"
11.4,1,58.0035026269702,"#AAAAAA"
12,1,58.0035026269702,"#AAAAAA"
11.8,1,58.0035026269702,"#AAAAAA"
11.6,1,58.0035026269702,"#AAAAAA"
11,1,1.08581436077058,"#4daf4a"
11.2,1.5,1.08581436077058,"#4daf4a"
11.4,1.5,1.08581436077058,"#4daf4a"
12,5.5,1.08581436077058,"#AAAAAA"
11.8,5,1.08581436077058,"#AAAAAA"
11.6,5,1.08581436077058,"#AAAAAA"
11,5.5,0.735551663747811,"#ffd300"
11.2,5.6,0.735551663747811,"#ffd300"
11.4,5.6,0.735551663747811,"#ffd300"
12,6.4,0.735551663747811,"#4daf4a"
11.8,6.3,0.735551663747811,"#4daf4a"
11.6,6.3,0.735551663747811,"#4daf4a"
11,5.5,0.455341506129597,"#f781bf"
11.2,5.4,0.455341506129597,"#f781bf"
11.4,5.4,0.455341506129597,"#f781bf"
12,4.6,0.455341506129597,"#4daf4a"
11.8,4.7,0.455341506129597,"#4daf4a"
11.6,4.7,0.455341506129597,"#4daf4a"
11,5.5,0.840630472854641,"#AAAAAA"
11.2,5,0.840630472854641,"#AAAAAA"
11.4,5,0.840630472854641,"#AAAAAA"
12,1,0.840630472854641,"#4daf4a"
11.8,1.5,0.840630472854641,"#4daf4a"
11.6,1.5,0.840630472854641,"#4daf4a"
11,5.5,0.140105078809107,"#4daf4a"
11.2,5.5,0.140105078809107,"#4daf4a"
11.4,5.5,0.140105078809107,"#4daf4a"
12,5.5,0.140105078809107,"#4daf4a"
11.8,5.5,0.140105078809107,"#4daf4a"
11.6,5.5,0.140105078809107,"#4daf4a"
12,6.4,11.8739054290718,"#ffd300"
12.2,6.4,11.8739054290718,"#ffd300"
12.4,6.4,11.8739054290718,"#ffd300"
13,6.4,11.8739054290718,"#ffd300"
12.8,6.4,11.8739054290718,"#ffd300"
12.6,6.4,11.8739054290718,"#ffd300"
12,6.4,6.40980735551664,"#f781bf"
12.2,6.2,6.40980735551664,"#f781bf"
12.4,6.2,6.40980735551664,"#f781bf"
13,4.6,6.40980735551664,"#ffd300"
12.8,4.8,6.40980735551664,"#ffd300"
12.6,4.8,6.40980735551664,"#ffd300"
12,6.4,0.910683012259194,"#AAAAAA"
12.2,5.8,0.910683012259194,"#AAAAAA"
12.4,5.8,0.910683012259194,"#AAAAAA"
13,1,0.910683012259194,"#ffd300"
12.8,1.6,0.910683012259194,"#ffd300"
12.6,1.6,0.910683012259194,"#ffd300"
12,6.4,0.770577933450088,"#4daf4a"
12.2,6.3,0.770577933450088,"#4daf4a"
12.4,6.3,0.770577933450088,"#4daf4a"
13,5.5,0.770577933450088,"#ffd300"
12.8,5.6,0.770577933450088,"#ffd300"
12.6,5.6,0.770577933450088,"#ffd300"
12,4.6,0.595446584938704,"#ffd300"
12.2,4.8,0.595446584938704,"#ffd300"
12.4,4.8,0.595446584938704,"#ffd300"
13,6.4,0.595446584938704,"#f781bf"
12.8,6.2,0.595446584938704,"#f781bf"
12.6,6.2,0.595446584938704,"#f781bf"
12,4.6,9.94746059544658,"#f781bf"
12.2,4.6,9.94746059544658,"#f781bf"
12.4,4.6,9.94746059544658,"#f781bf"
13,4.6,9.94746059544658,"#f781bf"
12.8,4.6,9.94746059544658,"#f781bf"
12.6,4.6,9.94746059544658,"#f781bf"
12,4.6,4.83362521891419,"#AAAAAA"
12.2,4.2,4.83362521891419,"#AAAAAA"
12.4,4.2,4.83362521891419,"#AAAAAA"
13,1,4.83362521891419,"#f781bf"
12.8,1.4,4.83362521891419,"#f781bf"
12.6,1.4,4.83362521891419,"#f781bf"
12,1,4.34325744308231,"#ffd300"
12.2,1.6,4.34325744308231,"#ffd300"
12.4,1.6,4.34325744308231,"#ffd300"
13,6.4,4.34325744308231,"#AAAAAA"
12.8,5.8,4.34325744308231,"#AAAAAA"
12.6,5.8,4.34325744308231,"#AAAAAA"
12,1,2.03152364273205,"#f781bf"
12.2,1.4,2.03152364273205,"#f781bf"
12.4,1.4,2.03152364273205,"#f781bf"
13,4.6,2.03152364273205,"#AAAAAA"
12.8,4.2,2.03152364273205,"#AAAAAA"
12.6,4.2,2.03152364273205,"#AAAAAA"
12,1,53.169877408056,"#AAAAAA"
12.2,1,53.169877408056,"#AAAAAA"
12.4,1,53.169877408056,"#AAAAAA"
13,1,53.169877408056,"#AAAAAA"
12.8,1,53.169877408056,"#AAAAAA"
12.6,1,53.169877408056,"#AAAAAA"
12,1,0.630472854640981,"#4daf4a"
12.2,1.5,0.630472854640981,"#4daf4a"
12.4,1.5,0.630472854640981,"#4daf4a"
13,5.5,0.630472854640981,"#AAAAAA"
12.8,5,0.630472854640981,"#AAAAAA"
12.6,5,0.630472854640981,"#AAAAAA"
12,5.5,4.13309982486865,"#ffd300"
12.2,5.6,4.13309982486865,"#ffd300"
12.4,5.6,4.13309982486865,"#ffd300"
13,6.4,4.13309982486865,"#4daf4a"
12.8,6.3,4.13309982486865,"#4daf4a"
12.6,6.3,4.13309982486865,"#4daf4a"
12,5.5,0.0700525394045534,"#f781bf"
12.2,5.4,0.0700525394045534,"#f781bf"
12.4,5.4,0.0700525394045534,"#f781bf"
13,4.6,0.0700525394045534,"#4daf4a"
12.8,4.7,0.0700525394045534,"#4daf4a"
12.6,4.7,0.0700525394045534,"#4daf4a"
12,5.5,0.0350262697022767,"#AAAAAA"
12.2,5,0.0350262697022767,"#AAAAAA"
12.4,5,0.0350262697022767,"#AAAAAA"
13,1,0.0350262697022767,"#4daf4a"
12.8,1.5,0.0350262697022767,"#4daf4a"
12.6,1.5,0.0350262697022767,"#4daf4a"
12,5.5,0.245183887915937,"#4daf4a"
12.2,5.5,0.245183887915937,"#4daf4a"
12.4,5.5,0.245183887915937,"#4daf4a"
13,5.5,0.245183887915937,"#4daf4a"
12.8,5.5,0.245183887915937,"#4daf4a"
12.6,5.5,0.245183887915937,"#4daf4a"
13,6.4,14.2907180385289,"#ffd300"
13.2,6.4,14.2907180385289,"#ffd300"
13.4,6.4,14.2907180385289,"#ffd300"
14,6.4,14.2907180385289,"#ffd300"
13.8,6.4,14.2907180385289,"#ffd300"
13.6,6.4,14.2907180385289,"#ffd300"
13,6.4,0.245183887915937,"#f781bf"
13.2,6.2,0.245183887915937,"#f781bf"
13.4,6.2,0.245183887915937,"#f781bf"
14,4.6,0.245183887915937,"#ffd300"
13.8,4.8,0.245183887915937,"#ffd300"
13.6,4.8,0.245183887915937,"#ffd300"
13,6.4,0.700525394045534,"#AAAAAA"
13.2,5.8,0.700525394045534,"#AAAAAA"
13.4,5.8,0.700525394045534,"#AAAAAA"
14,1,0.700525394045534,"#ffd300"
13.8,1.6,0.700525394045534,"#ffd300"
13.6,1.6,0.700525394045534,"#ffd300"
13,6.4,5.7092819614711,"#4daf4a"
13.2,6.3,5.7092819614711,"#4daf4a"
13.4,6.3,5.7092819614711,"#4daf4a"
14,5.5,5.7092819614711,"#ffd300"
13.8,5.6,5.7092819614711,"#ffd300"
13.6,5.6,5.7092819614711,"#ffd300"
13,4.6,1.36602451838879,"#ffd300"
13.2,4.8,1.36602451838879,"#ffd300"
13.4,4.8,1.36602451838879,"#ffd300"
14,6.4,1.36602451838879,"#f781bf"
13.8,6.2,1.36602451838879,"#f781bf"
13.6,6.2,1.36602451838879,"#f781bf"
13,4.6,9.87740805604203,"#f781bf"
13.2,4.6,9.87740805604203,"#f781bf"
13.4,4.6,9.87740805604203,"#f781bf"
14,4.6,9.87740805604203,"#f781bf"
13.8,4.6,9.87740805604203,"#f781bf"
13.6,4.6,9.87740805604203,"#f781bf"
13,4.6,7.32049036777583,"#AAAAAA"
13.2,4.2,7.32049036777583,"#AAAAAA"
13.4,4.2,7.32049036777583,"#AAAAAA"
14,1,7.32049036777583,"#f781bf"
13.8,1.4,7.32049036777583,"#f781bf"
13.6,1.4,7.32049036777583,"#f781bf"
13,1,5.25394045534151,"#ffd300"
13.2,1.6,5.25394045534151,"#ffd300"
13.4,1.6,5.25394045534151,"#ffd300"
14,6.4,5.25394045534151,"#AAAAAA"
13.8,5.8,5.25394045534151,"#AAAAAA"
13.6,5.8,5.25394045534151,"#AAAAAA"
13,1,2.80210157618214,"#f781bf"
13.2,1.4,2.80210157618214,"#f781bf"
13.4,1.4,2.80210157618214,"#f781bf"
14,4.6,2.80210157618214,"#AAAAAA"
13.8,4.2,2.80210157618214,"#AAAAAA"
13.6,4.2,2.80210157618214,"#AAAAAA"
13,1,50.2626970227671,"#AAAAAA"
13.2,1,50.2626970227671,"#AAAAAA"
13.4,1,50.2626970227671,"#AAAAAA"
14,1,50.2626970227671,"#AAAAAA"
13.8,1,50.2626970227671,"#AAAAAA"
13.6,1,50.2626970227671,"#AAAAAA"
13,1,0.525394045534151,"#4daf4a"
13.2,1.5,0.525394045534151,"#4daf4a"
13.4,1.5,0.525394045534151,"#4daf4a"
14,5.5,0.525394045534151,"#AAAAAA"
13.8,5,0.525394045534151,"#AAAAAA"
13.6,5,0.525394045534151,"#AAAAAA"
13,5.5,1.26094570928196,"#ffd300"
13.2,5.6,1.26094570928196,"#ffd300"
13.4,5.6,1.26094570928196,"#ffd300"
14,6.4,1.26094570928196,"#4daf4a"
13.8,6.3,1.26094570928196,"#4daf4a"
13.6,6.3,1.26094570928196,"#4daf4a"
13,5.5,0.0350262697022767,"#AAAAAA"
13.2,5,0.0350262697022767,"#AAAAAA"
13.4,5,0.0350262697022767,"#AAAAAA"
14,1,0.0350262697022767,"#4daf4a"
13.8,1.5,0.0350262697022767,"#4daf4a"
13.6,1.5,0.0350262697022767,"#4daf4a"
13,5.5,0.350262697022767,"#4daf4a"
13.2,5.5,0.350262697022767,"#4daf4a"
13.4,5.5,0.350262697022767,"#4daf4a"
14,5.5,0.350262697022767,"#4daf4a"
13.8,5.5,0.350262697022767,"#4daf4a"
13.6,5.5,0.350262697022767,"#4daf4a"
