"yearFrom","yearTo","cropRotate","cropFrom","cropTo","plottingColorFrom","plottingColorTo","plotXAxisFrom","plotXAxisTo","plotYAxisFrom","plotYAxisTo","xEndFrom","xEndTo","yEndFrom_streamlined","yEndTo_streamlined","totalNumPixels_cropTransition","totalPercPixelsWiArea_cropTransition","totalNumPixels_cropYearFrom","totalPercPixelsWiArea_cropYearFrom","totalNumPixels_cropYearTo","totalPercPixelsWiArea_cropYearTo"
2008,2009,"corn_corn","corn","corn","#ffd300","#ffd300",1,2,6.4,6.4,1.2,1.8,6.4,6.4,5,0.173550850399167,804,27.906976744186,83,2.88094411662617
2008,2009,"corn_other","corn","other","#ffd300","#AAAAAA",1,2,6.4,1,1.2,1.8,5.8,1.6,14,0.485942381117668,804,27.906976744186,1890,65.6022214508851
2008,2009,"corn_soy","corn","soy","#ffd300","#4daf4a",1,2,6.4,5.5,1.2,1.8,6.3,5.6,783,27.1780631725095,804,27.906976744186,862,29.9201666088164
2008,2009,"corn_springWheat","corn","springWheat","#ffd300","#a65628",1,2,6.4,3.7,1.2,1.8,6.1,4,2,0.0694203401596668,804,27.906976744186,18,0.624783061437001
2008,2009,"other_corn","other","corn","#AAAAAA","#ffd300",1,2,1,6.4,1.2,1.8,1.6,5.8,53,1.83963901423117,1441,50.0173550850399,83,2.88094411662617
2008,2009,"other_other","other","other","#AAAAAA","#AAAAAA",1,2,1,1,1.2,1.8,1,1,1361,47.2405414786532,1441,50.0173550850399,1890,65.6022214508851
2008,2009,"other_soy","other","soy","#AAAAAA","#4daf4a",1,2,1,5.5,1.2,1.8,1.5,5,16,0.555362721277334,1441,50.0173550850399,862,29.9201666088164
2008,2009,"other_springWheat","other","springWheat","#AAAAAA","#a65628",1,2,1,3.7,1.2,1.8,1.3,3.4,11,0.381811870878167,1441,50.0173550850399,18,0.624783061437001
2008,2009,"soy_corn","soy","corn","#4daf4a","#ffd300",1,2,5.5,6.4,1.2,1.8,5.6,6.3,8,0.277681360638667,324,11.246095105866,83,2.88094411662617
2008,2009,"soy_dryBeans","soy","dryBeans","#4daf4a","#e41a1c",1,2,5.5,1.9,1.2,1.8,5.1,2.3,17,0.590072891357168,324,11.246095105866,19,0.659493231516834
2008,2009,"soy_other","soy","other","#4daf4a","#AAAAAA",1,2,5.5,1,1.2,1.8,5,1.5,250,8.67754251995835,324,11.246095105866,1890,65.6022214508851
2008,2009,"soy_soy","soy","soy","#4daf4a","#4daf4a",1,2,5.5,5.5,1.2,1.8,5.5,5.5,42,1.457827143353,324,11.246095105866,862,29.9201666088164
2008,2009,"soy_springWheat","soy","springWheat","#4daf4a","#a65628",1,2,5.5,3.7,1.2,1.8,5.3,3.9,2,0.0694203401596668,324,11.246095105866,18,0.624783061437001
2008,2009,"soy_sugarbeets","soy","sugarbeets","#4daf4a","#377eb8",1,2,5.5,2.8,1.2,1.8,5.2,3.1,5,0.173550850399167,324,11.246095105866,9,0.312391530718501
2008,2009,"springWheat_corn","springWheat","corn","#a65628","#ffd300",1,2,3.7,6.4,1.2,1.8,4,6.1,17,0.590072891357168,311,10.7948628948282,83,2.88094411662617
2008,2009,"springWheat_dryBeans","springWheat","dryBeans","#a65628","#e41a1c",1,2,3.7,1.9,1.2,1.8,3.5,2.1,2,0.0694203401596668,311,10.7948628948282,19,0.659493231516834
2008,2009,"springWheat_other","springWheat","other","#a65628","#AAAAAA",1,2,3.7,1,1.2,1.8,3.4,1.3,265,9.19819507115585,311,10.7948628948282,1890,65.6022214508851
2008,2009,"springWheat_soy","springWheat","soy","#a65628","#4daf4a",1,2,3.7,5.5,1.2,1.8,3.9,5.3,20,0.694203401596668,311,10.7948628948282,862,29.9201666088164
2008,2009,"springWheat_springWheat","springWheat","springWheat","#a65628","#a65628",1,2,3.7,3.7,1.2,1.8,3.7,3.7,3,0.1041305102395,311,10.7948628948282,18,0.624783061437001
2008,2009,"springWheat_sugarbeets","springWheat","sugarbeets","#a65628","#377eb8",1,2,3.7,2.8,1.2,1.8,3.6,2.9,4,0.138840680319334,311,10.7948628948282,9,0.312391530718501
2008,2009,"sugarbeets_soy","sugarbeets","soy","#377eb8","#4daf4a",1,2,2.8,5.5,1.2,1.8,3.1,5.2,1,0.0347101700798334,1,0.0347101700798334,862,29.9201666088164
2009,2010,"corn_corn","corn","corn","#ffd300","#ffd300",2,3,6.4,6.4,2.2,2.8,6.4,6.4,3,0.1041305102395,83,2.88094411662617,238,8.26102047900035
2009,2010,"corn_other","corn","other","#ffd300","#AAAAAA",2,3,6.4,1,2.2,2.8,5.8,1.6,59,2.04790003471017,83,2.88094411662617,1152,39.9861159319681
2009,2010,"corn_soy","corn","soy","#ffd300","#4daf4a",2,3,6.4,5.5,2.2,2.8,6.3,5.6,21,0.728913571676501,83,2.88094411662617,1483,51.4751822283929
2009,2010,"dryBeans_other","dryBeans","other","#e41a1c","#AAAAAA",2,3,1.9,1,2.2,2.8,1.8,1.1,2,0.0694203401596668,19,0.659493231516834,1152,39.9861159319681
2009,2010,"dryBeans_soy","dryBeans","soy","#e41a1c","#4daf4a",2,3,1.9,5.5,2.2,2.8,2.3,5.1,17,0.590072891357168,19,0.659493231516834,1483,51.4751822283929
2009,2010,"other_corn","other","corn","#AAAAAA","#ffd300",2,3,1,6.4,2.2,2.8,1.6,5.8,140,4.85942381117667,1890,65.6022214508851,238,8.26102047900035
2009,2010,"other_dryBeans","other","dryBeans","#AAAAAA","#e41a1c",2,3,1,1.9,2.2,2.8,1.1,1.8,2,0.0694203401596668,1890,65.6022214508851,2,0.0694203401596668
2009,2010,"other_hay","other","hay","#AAAAAA","#f781bf",2,3,1,4.6,2.2,2.8,1.4,4.2,1,0.0347101700798334,1890,65.6022214508851,1,0.0347101700798334
2009,2010,"other_other","other","other","#AAAAAA","#AAAAAA",2,3,1,1,2.2,2.8,1,1,1063,36.8969107948629,1890,65.6022214508851,1152,39.9861159319681
2009,2010,"other_soy","other","soy","#AAAAAA","#4daf4a",2,3,1,5.5,2.2,2.8,1.5,5,679,23.5682054842069,1890,65.6022214508851,1483,51.4751822283929
2009,2010,"other_springWheat","other","springWheat","#AAAAAA","#a65628",2,3,1,3.7,2.2,2.8,1.3,3.4,5,0.173550850399167,1890,65.6022214508851,5,0.173550850399167
2009,2010,"soy_corn","soy","corn","#4daf4a","#ffd300",2,3,5.5,6.4,2.2,2.8,5.6,6.3,92,3.19333564734467,862,29.9201666088164,238,8.26102047900035
2009,2010,"soy_other","soy","other","#4daf4a","#AAAAAA",2,3,5.5,1,2.2,2.8,5,1.5,17,0.590072891357168,862,29.9201666088164,1152,39.9861159319681
2009,2010,"soy_soy","soy","soy","#4daf4a","#4daf4a",2,3,5.5,5.5,2.2,2.8,5.5,5.5,753,26.1367580701145,862,29.9201666088164,1483,51.4751822283929
2009,2010,"springWheat_corn","springWheat","corn","#a65628","#ffd300",2,3,3.7,6.4,2.2,2.8,4,6.1,1,0.0347101700798334,18,0.624783061437001,238,8.26102047900035
2009,2010,"springWheat_other","springWheat","other","#a65628","#AAAAAA",2,3,3.7,1,2.2,2.8,3.4,1.3,11,0.381811870878167,18,0.624783061437001,1152,39.9861159319681
2009,2010,"springWheat_soy","springWheat","soy","#a65628","#4daf4a",2,3,3.7,5.5,2.2,2.8,3.9,5.3,6,0.208261020479,18,0.624783061437001,1483,51.4751822283929
2009,2010,"sugarbeets_corn","sugarbeets","corn","#377eb8","#ffd300",2,3,2.8,6.4,2.2,2.8,3.2,6,2,0.0694203401596668,9,0.312391530718501,238,8.26102047900035
2009,2010,"sugarbeets_soy","sugarbeets","soy","#377eb8","#4daf4a",2,3,2.8,5.5,2.2,2.8,3.1,5.2,7,0.242971190558834,9,0.312391530718501,1483,51.4751822283929
2010,2011,"corn_corn","corn","corn","#ffd300","#ffd300",3,4,6.4,6.4,3.2,3.8,6.4,6.4,6,0.208261020479,238,8.26102047900035,33,1.1454356126345
2010,2011,"corn_other","corn","other","#ffd300","#AAAAAA",3,4,6.4,1,3.2,3.8,5.8,1.6,143,4.96355432141617,238,8.26102047900035,1363,47.3099618188129
2010,2011,"corn_soy","corn","soy","#ffd300","#4daf4a",3,4,6.4,5.5,3.2,3.8,6.3,5.6,22,0.763623741756335,238,8.26102047900035,1018,35.3349531412704
2010,2011,"corn_springWheat","corn","springWheat","#ffd300","#a65628",3,4,6.4,3.7,3.2,3.8,6.1,4,66,2.290871225269,238,8.26102047900035,458,15.8972578965637
2010,2011,"corn_sugarbeets","corn","sugarbeets","#ffd300","#377eb8",3,4,6.4,2.8,3.2,3.8,6,3.2,1,0.0347101700798334,238,8.26102047900035,1,0.0347101700798334
2010,2011,"dryBeans_soy","dryBeans","soy","#e41a1c","#4daf4a",3,4,1.9,5.5,3.2,3.8,2.3,5.1,2,0.0694203401596668,2,0.0694203401596668,1018,35.3349531412704
2010,2011,"hay_other","hay","other","#f781bf","#AAAAAA",3,4,4.6,1,3.2,3.8,4.2,1.4,1,0.0347101700798334,1,0.0347101700798334,1363,47.3099618188129
2010,2011,"other_corn","other","corn","#AAAAAA","#ffd300",3,4,1,6.4,3.2,3.8,1.6,5.8,10,0.347101700798334,1152,39.9861159319681,33,1.1454356126345
2010,2011,"other_other","other","other","#AAAAAA","#AAAAAA",3,4,1,1,3.2,3.8,1,1,1119,38.8406803193336,1152,39.9861159319681,1363,47.3099618188129
2010,2011,"other_soy","other","soy","#AAAAAA","#4daf4a",3,4,1,5.5,3.2,3.8,1.5,5,20,0.694203401596668,1152,39.9861159319681,1018,35.3349531412704
2010,2011,"other_springWheat","other","springWheat","#AAAAAA","#a65628",3,4,1,3.7,3.2,3.8,1.3,3.4,3,0.1041305102395,1152,39.9861159319681,458,15.8972578965637
2010,2011,"soy_corn","soy","corn","#4daf4a","#ffd300",3,4,5.5,6.4,3.2,3.8,5.6,6.3,17,0.590072891357168,1483,51.4751822283929,33,1.1454356126345
2010,2011,"soy_dryBeans","soy","dryBeans","#4daf4a","#e41a1c",3,4,5.5,1.9,3.2,3.8,5.1,2.3,7,0.242971190558834,1483,51.4751822283929,7,0.242971190558834
2010,2011,"soy_hay","soy","hay","#4daf4a","#f781bf",3,4,5.5,4.6,3.2,3.8,5.4,4.7,1,0.0347101700798334,1483,51.4751822283929,1,0.0347101700798334
2010,2011,"soy_other","soy","other","#4daf4a","#AAAAAA",3,4,5.5,1,3.2,3.8,5,1.5,96,3.33217632766401,1483,51.4751822283929,1363,47.3099618188129
2010,2011,"soy_soy","soy","soy","#4daf4a","#4daf4a",3,4,5.5,5.5,3.2,3.8,5.5,5.5,973,33.7729954876779,1483,51.4751822283929,1018,35.3349531412704
2010,2011,"soy_springWheat","soy","springWheat","#4daf4a","#a65628",3,4,5.5,3.7,3.2,3.8,5.3,3.9,389,13.5022561610552,1483,51.4751822283929,458,15.8972578965637
2010,2011,"springWheat_other","springWheat","other","#a65628","#AAAAAA",3,4,3.7,1,3.2,3.8,3.4,1.3,4,0.138840680319334,5,0.173550850399167,1363,47.3099618188129
2010,2011,"springWheat_soy","springWheat","soy","#a65628","#4daf4a",3,4,3.7,5.5,3.2,3.8,3.9,5.3,1,0.0347101700798334,5,0.173550850399167,1018,35.3349531412704
2011,2012,"corn_corn","corn","corn","#ffd300","#ffd300",4,5,6.4,6.4,4.2,4.8,6.4,6.4,18,0.624783061437001,33,1.1454356126345,960,33.3217632766401
2011,2012,"corn_hay","corn","hay","#ffd300","#f781bf",4,5,6.4,4.6,4.2,4.8,6.2,4.8,1,0.0347101700798334,33,1.1454356126345,10,0.347101700798334
2011,2012,"corn_other","corn","other","#ffd300","#AAAAAA",4,5,6.4,1,4.2,4.8,5.8,1.6,10,0.347101700798334,33,1.1454356126345,1345,46.6851787573759
2011,2012,"corn_soy","corn","soy","#ffd300","#4daf4a",4,5,6.4,5.5,4.2,4.8,6.3,5.6,2,0.0694203401596668,33,1.1454356126345,228,7.91391877820201
2011,2012,"corn_springWheat","corn","springWheat","#ffd300","#a65628",4,5,6.4,3.7,4.2,4.8,6.1,4,2,0.0694203401596668,33,1.1454356126345,312,10.829573064908
2011,2012,"dryBeans_springWheat","dryBeans","springWheat","#e41a1c","#a65628",4,5,1.9,3.7,4.2,4.8,2.1,3.5,7,0.242971190558834,7,0.242971190558834,312,10.829573064908
2011,2012,"hay_hay","hay","hay","#f781bf","#f781bf",4,5,4.6,4.6,4.2,4.8,4.6,4.6,1,0.0347101700798334,2,0.0694203401596668,10,0.347101700798334
2011,2012,"hay_springWheat","hay","springWheat","#f781bf","#a65628",4,5,4.6,3.7,4.2,4.8,4.5,3.8,1,0.0347101700798334,2,0.0694203401596668,312,10.829573064908
2011,2012,"other_corn","other","corn","#AAAAAA","#ffd300",4,5,1,6.4,4.2,4.8,1.6,5.8,80,2.77681360638667,1362,47.2752516487331,960,33.3217632766401
2011,2012,"other_hay","other","hay","#AAAAAA","#f781bf",4,5,1,4.6,4.2,4.8,1.4,4.2,1,0.0347101700798334,1362,47.2752516487331,10,0.347101700798334
2011,2012,"other_other","other","other","#AAAAAA","#AAAAAA",4,5,1,1,4.2,4.8,1,1,1268,44.0124956612287,1362,47.2752516487331,1345,46.6851787573759
2011,2012,"other_soy","other","soy","#AAAAAA","#4daf4a",4,5,1,5.5,4.2,4.8,1.5,5,5,0.173550850399167,1362,47.2752516487331,228,7.91391877820201
2011,2012,"other_springWheat","other","springWheat","#AAAAAA","#a65628",4,5,1,3.7,4.2,4.8,1.3,3.4,8,0.277681360638667,1362,47.2752516487331,312,10.829573064908
2011,2012,"soy_corn","soy","corn","#4daf4a","#ffd300",4,5,5.5,6.4,4.2,4.8,5.6,6.3,413,14.3353002429712,1018,35.3349531412704,960,33.3217632766401
2011,2012,"soy_dryBeans","soy","dryBeans","#4daf4a","#e41a1c",4,5,5.5,1.9,4.2,4.8,5.1,2.3,11,0.381811870878167,1018,35.3349531412704,12,0.416522040958001
2011,2012,"soy_hay","soy","hay","#4daf4a","#f781bf",4,5,5.5,4.6,4.2,4.8,5.4,4.7,7,0.242971190558834,1018,35.3349531412704,10,0.347101700798334
2011,2012,"soy_other","soy","other","#4daf4a","#AAAAAA",4,5,5.5,1,4.2,4.8,5,1.5,64,2.22145088510934,1018,35.3349531412704,1345,46.6851787573759
2011,2012,"soy_soy","soy","soy","#4daf4a","#4daf4a",4,5,5.5,5.5,4.2,4.8,5.5,5.5,218,7.56681707740368,1018,35.3349531412704,228,7.91391877820201
2011,2012,"soy_springWheat","soy","springWheat","#4daf4a","#a65628",4,5,5.5,3.7,4.2,4.8,5.3,3.9,291,10.1006594932315,1018,35.3349531412704,312,10.829573064908
2011,2012,"soy_sugarbeets","soy","sugarbeets","#4daf4a","#377eb8",4,5,5.5,2.8,4.2,4.8,5.2,3.1,14,0.485942381117668,1018,35.3349531412704,14,0.485942381117668
2011,2012,"springWheat_corn","springWheat","corn","#a65628","#ffd300",4,5,3.7,6.4,4.2,4.8,4,6.1,449,15.5848663658452,458,15.8972578965637,960,33.3217632766401
2011,2012,"springWheat_other","springWheat","other","#a65628","#AAAAAA",4,5,3.7,1,4.2,4.8,3.4,1.3,3,0.1041305102395,458,15.8972578965637,1345,46.6851787573759
2011,2012,"springWheat_soy","springWheat","soy","#a65628","#4daf4a",4,5,3.7,5.5,4.2,4.8,3.9,5.3,3,0.1041305102395,458,15.8972578965637,228,7.91391877820201
2011,2012,"springWheat_springWheat","springWheat","springWheat","#a65628","#a65628",4,5,3.7,3.7,4.2,4.8,3.7,3.7,3,0.1041305102395,458,15.8972578965637,312,10.829573064908
2011,2012,"sugarbeets_dryBeans","sugarbeets","dryBeans","#377eb8","#e41a1c",4,5,2.8,1.9,4.2,4.8,2.7,2,1,0.0347101700798334,1,0.0347101700798334,12,0.416522040958001
2012,2013,"corn_corn","corn","corn","#ffd300","#ffd300",5,6,6.4,6.4,5.2,5.8,6.4,6.4,45,1.5619576535925,960,33.3217632766401,126,4.37348143005901
2012,2013,"corn_hay","corn","hay","#ffd300","#f781bf",5,6,6.4,4.6,5.2,5.8,6.2,4.8,20,0.694203401596668,960,33.3217632766401,179,6.21312044429018
2012,2013,"corn_other","corn","other","#ffd300","#AAAAAA",5,6,6.4,1,5.2,5.8,5.8,1.6,20,0.694203401596668,960,33.3217632766401,1357,47.1017007983339
2012,2013,"corn_soy","corn","soy","#ffd300","#4daf4a",5,6,6.4,5.5,5.2,5.8,6.3,5.6,868,30.1284276292954,960,33.3217632766401,1046,36.3068379035057
2012,2013,"corn_springWheat","corn","springWheat","#ffd300","#a65628",5,6,6.4,3.7,5.2,5.8,6.1,4,7,0.242971190558834,960,33.3217632766401,173,6.00485942381118
2012,2013,"dryBeans_corn","dryBeans","corn","#e41a1c","#ffd300",5,6,1.9,6.4,5.2,5.8,2.4,5.9,1,0.0347101700798334,12,0.416522040958001,126,4.37348143005901
2012,2013,"dryBeans_hay","dryBeans","hay","#e41a1c","#f781bf",5,6,1.9,4.6,5.2,5.8,2.2,4.3,10,0.347101700798334,12,0.416522040958001,179,6.21312044429018
2012,2013,"dryBeans_soy","dryBeans","soy","#e41a1c","#4daf4a",5,6,1.9,5.5,5.2,5.8,2.3,5.1,1,0.0347101700798334,12,0.416522040958001,1046,36.3068379035057
2012,2013,"hay_corn","hay","corn","#f781bf","#ffd300",5,6,4.6,6.4,5.2,5.8,4.8,6.2,4,0.138840680319334,10,0.347101700798334,126,4.37348143005901
2012,2013,"hay_hay","hay","hay","#f781bf","#f781bf",5,6,4.6,4.6,5.2,5.8,4.6,4.6,3,0.1041305102395,10,0.347101700798334,179,6.21312044429018
2012,2013,"hay_other","hay","other","#f781bf","#AAAAAA",5,6,4.6,1,5.2,5.8,4.2,1.4,1,0.0347101700798334,10,0.347101700798334,1357,47.1017007983339
2012,2013,"hay_soy","hay","soy","#f781bf","#4daf4a",5,6,4.6,5.5,5.2,5.8,4.7,5.4,1,0.0347101700798334,10,0.347101700798334,1046,36.3068379035057
2012,2013,"hay_springWheat","hay","springWheat","#f781bf","#a65628",5,6,4.6,3.7,5.2,5.8,4.5,3.8,1,0.0347101700798334,10,0.347101700798334,173,6.00485942381118
2012,2013,"other_corn","other","corn","#AAAAAA","#ffd300",5,6,1,6.4,5.2,5.8,1.6,5.8,25,0.867754251995835,1345,46.6851787573759,126,4.37348143005901
2012,2013,"other_hay","other","hay","#AAAAAA","#f781bf",5,6,1,4.6,5.2,5.8,1.4,4.2,23,0.798333911836168,1345,46.6851787573759,179,6.21312044429018
2012,2013,"other_other","other","other","#AAAAAA","#AAAAAA",5,6,1,1,5.2,5.8,1,1,1267,43.9777854911489,1345,46.6851787573759,1357,47.1017007983339
2012,2013,"other_soy","other","soy","#AAAAAA","#4daf4a",5,6,1,5.5,5.2,5.8,1.5,5,22,0.763623741756335,1345,46.6851787573759,1046,36.3068379035057
2012,2013,"other_springWheat","other","springWheat","#AAAAAA","#a65628",5,6,1,3.7,5.2,5.8,1.3,3.4,8,0.277681360638667,1345,46.6851787573759,173,6.00485942381118
2012,2013,"soy_corn","soy","corn","#4daf4a","#ffd300",5,6,5.5,6.4,5.2,5.8,5.6,6.3,10,0.347101700798334,228,7.91391877820201,126,4.37348143005901
2012,2013,"soy_hay","soy","hay","#4daf4a","#f781bf",5,6,5.5,4.6,5.2,5.8,5.4,4.7,52,1.80492884415134,228,7.91391877820201,179,6.21312044429018
2012,2013,"soy_other","soy","other","#4daf4a","#AAAAAA",5,6,5.5,1,5.2,5.8,5,1.5,16,0.555362721277334,228,7.91391877820201,1357,47.1017007983339
2012,2013,"soy_soy","soy","soy","#4daf4a","#4daf4a",5,6,5.5,5.5,5.2,5.8,5.5,5.5,95,3.29746615758417,228,7.91391877820201,1046,36.3068379035057
2012,2013,"soy_springWheat","soy","springWheat","#4daf4a","#a65628",5,6,5.5,3.7,5.2,5.8,5.3,3.9,55,1.90905935439084,228,7.91391877820201,173,6.00485942381118
2012,2013,"springWheat_corn","springWheat","corn","#a65628","#ffd300",5,6,3.7,6.4,5.2,5.8,4,6.1,39,1.3536966331135,312,10.829573064908,126,4.37348143005901
2012,2013,"springWheat_hay","springWheat","hay","#a65628","#f781bf",5,6,3.7,4.6,5.2,5.8,3.8,4.5,69,2.3950017355085,312,10.829573064908,179,6.21312044429018
2012,2013,"springWheat_other","springWheat","other","#a65628","#AAAAAA",5,6,3.7,1,5.2,5.8,3.4,1.3,52,1.80492884415134,312,10.829573064908,1357,47.1017007983339
2012,2013,"springWheat_soy","springWheat","soy","#a65628","#4daf4a",5,6,3.7,5.5,5.2,5.8,3.9,5.3,50,1.73550850399167,312,10.829573064908,1046,36.3068379035057
2012,2013,"springWheat_springWheat","springWheat","springWheat","#a65628","#a65628",5,6,3.7,3.7,5.2,5.8,3.7,3.7,102,3.54043734814301,312,10.829573064908,173,6.00485942381118
2012,2013,"sugarbeets_corn","sugarbeets","corn","#377eb8","#ffd300",5,6,2.8,6.4,5.2,5.8,3.2,6,2,0.0694203401596668,14,0.485942381117668,126,4.37348143005901
2012,2013,"sugarbeets_hay","sugarbeets","hay","#377eb8","#f781bf",5,6,2.8,4.6,5.2,5.8,3,4.4,2,0.0694203401596668,14,0.485942381117668,179,6.21312044429018
2012,2013,"sugarbeets_other","sugarbeets","other","#377eb8","#AAAAAA",5,6,2.8,1,5.2,5.8,2.6,1.2,1,0.0347101700798334,14,0.485942381117668,1357,47.1017007983339
2012,2013,"sugarbeets_soy","sugarbeets","soy","#377eb8","#4daf4a",5,6,2.8,5.5,5.2,5.8,3.1,5.2,9,0.312391530718501,14,0.485942381117668,1046,36.3068379035057
2013,2014,"corn_corn","corn","corn","#ffd300","#ffd300",6,7,6.4,6.4,6.2,6.8,6.4,6.4,65,2.25616105518917,126,4.37348143005901,162,5.62304755293301
2013,2014,"corn_hay","corn","hay","#ffd300","#f781bf",6,7,6.4,4.6,6.2,6.8,6.2,4.8,1,0.0347101700798334,126,4.37348143005901,14,0.485942381117668
2013,2014,"corn_other","corn","other","#ffd300","#AAAAAA",6,7,6.4,1,6.2,6.8,5.8,1.6,12,0.416522040958001,126,4.37348143005901,1294,44.9149600833044
2013,2014,"corn_soy","corn","soy","#ffd300","#4daf4a",6,7,6.4,5.5,6.2,6.8,6.3,5.6,17,0.590072891357168,126,4.37348143005901,896,31.1003123915307
2013,2014,"corn_springWheat","corn","springWheat","#ffd300","#a65628",6,7,6.4,3.7,6.2,6.8,6.1,4,31,1.07601527247484,126,4.37348143005901,515,17.8757375911142
2013,2014,"hay_corn","hay","corn","#f781bf","#ffd300",6,7,4.6,6.4,6.2,6.8,4.8,6.2,13,0.451232211037834,191,6.62964248524818,162,5.62304755293301
2013,2014,"hay_hay","hay","hay","#f781bf","#f781bf",6,7,4.6,4.6,6.2,6.8,4.6,4.6,9,0.312391530718501,191,6.62964248524818,14,0.485942381117668
2013,2014,"hay_other","hay","other","#f781bf","#AAAAAA",6,7,4.6,1,6.2,6.8,4.2,1.4,10,0.347101700798334,191,6.62964248524818,1294,44.9149600833044
2013,2014,"hay_soy","hay","soy","#f781bf","#4daf4a",6,7,4.6,5.5,6.2,6.8,4.7,5.4,4,0.138840680319334,191,6.62964248524818,896,31.1003123915307
2013,2014,"hay_springWheat","hay","springWheat","#f781bf","#a65628",6,7,4.6,3.7,6.2,6.8,4.5,3.8,155,5.38007636237418,191,6.62964248524818,515,17.8757375911142
2013,2014,"other_corn","other","corn","#AAAAAA","#ffd300",6,7,1,6.4,6.2,6.8,1.6,5.8,27,0.937174592155502,1345,46.6851787573759,162,5.62304755293301
2013,2014,"other_hay","other","hay","#AAAAAA","#f781bf",6,7,1,4.6,6.2,6.8,1.4,4.2,1,0.0347101700798334,1345,46.6851787573759,14,0.485942381117668
2013,2014,"other_other","other","other","#AAAAAA","#AAAAAA",6,7,1,1,6.2,6.8,1,1,1262,43.8042346407497,1345,46.6851787573759,1294,44.9149600833044
2013,2014,"other_soy","other","soy","#AAAAAA","#4daf4a",6,7,1,5.5,6.2,6.8,1.5,5,19,0.659493231516834,1345,46.6851787573759,896,31.1003123915307
2013,2014,"other_springWheat","other","springWheat","#AAAAAA","#a65628",6,7,1,3.7,6.2,6.8,1.3,3.4,36,1.249566122874,1345,46.6851787573759,515,17.8757375911142
2013,2014,"soy_corn","soy","corn","#4daf4a","#ffd300",6,7,5.5,6.4,6.2,6.8,5.6,6.3,51,1.7702186740715,1046,36.3068379035057,162,5.62304755293301
2013,2014,"soy_hay","soy","hay","#4daf4a","#f781bf",6,7,5.5,4.6,6.2,6.8,5.4,4.7,2,0.0694203401596668,1046,36.3068379035057,14,0.485942381117668
2013,2014,"soy_other","soy","other","#4daf4a","#AAAAAA",6,7,5.5,1,6.2,6.8,5,1.5,6,0.208261020479,1046,36.3068379035057,1294,44.9149600833044
2013,2014,"soy_soy","soy","soy","#4daf4a","#4daf4a",6,7,5.5,5.5,6.2,6.8,5.5,5.5,855,29.6771954182576,1046,36.3068379035057,896,31.1003123915307
2013,2014,"soy_springWheat","soy","springWheat","#4daf4a","#a65628",6,7,5.5,3.7,6.2,6.8,5.3,3.9,132,4.58174245053801,1046,36.3068379035057,515,17.8757375911142
2013,2014,"springWheat_corn","springWheat","corn","#a65628","#ffd300",6,7,3.7,6.4,6.2,6.8,4,6.1,6,0.208261020479,173,6.00485942381118,162,5.62304755293301
2013,2014,"springWheat_hay","springWheat","hay","#a65628","#f781bf",6,7,3.7,4.6,6.2,6.8,3.8,4.5,1,0.0347101700798334,173,6.00485942381118,14,0.485942381117668
2013,2014,"springWheat_other","springWheat","other","#a65628","#AAAAAA",6,7,3.7,1,6.2,6.8,3.4,1.3,4,0.138840680319334,173,6.00485942381118,1294,44.9149600833044
2013,2014,"springWheat_soy","springWheat","soy","#a65628","#4daf4a",6,7,3.7,5.5,6.2,6.8,3.9,5.3,1,0.0347101700798334,173,6.00485942381118,896,31.1003123915307
2013,2014,"springWheat_springWheat","springWheat","springWheat","#a65628","#a65628",6,7,3.7,3.7,6.2,6.8,3.7,3.7,161,5.58833738285318,173,6.00485942381118,515,17.8757375911142
2014,2015,"corn_corn","corn","corn","#ffd300","#ffd300",7,8,6.4,6.4,7.2,7.8,6.4,6.4,64,2.22145088510934,162,5.62304755293301,941,32.6622700451232
2014,2015,"corn_hay","corn","hay","#ffd300","#f781bf",7,8,6.4,4.6,7.2,7.8,6.2,4.8,2,0.0694203401596668,162,5.62304755293301,4,0.138840680319334
2014,2015,"corn_other","corn","other","#ffd300","#AAAAAA",7,8,6.4,1,7.2,7.8,5.8,1.6,11,0.381811870878167,162,5.62304755293301,1296,44.9843804234641
2014,2015,"corn_soy","corn","soy","#ffd300","#4daf4a",7,8,6.4,5.5,7.2,7.8,6.3,5.6,66,2.290871225269,162,5.62304755293301,596,20.6872613675807
2014,2015,"corn_springWheat","corn","springWheat","#ffd300","#a65628",7,8,6.4,3.7,7.2,7.8,6.1,4,15,0.520652551197501,162,5.62304755293301,38,1.31898646303367
2014,2015,"corn_sugarbeets","corn","sugarbeets","#ffd300","#377eb8",7,8,6.4,2.8,7.2,7.8,6,3.2,4,0.138840680319334,162,5.62304755293301,6,0.208261020479
2014,2015,"hay_corn","hay","corn","#f781bf","#ffd300",7,8,4.6,6.4,7.2,7.8,4.8,6.2,7,0.242971190558834,14,0.485942381117668,941,32.6622700451232
2014,2015,"hay_soy","hay","soy","#f781bf","#4daf4a",7,8,4.6,5.5,7.2,7.8,4.7,5.4,7,0.242971190558834,14,0.485942381117668,596,20.6872613675807
2014,2015,"other_corn","other","corn","#AAAAAA","#ffd300",7,8,1,6.4,7.2,7.8,1.6,5.8,2,0.0694203401596668,1294,44.9149600833044,941,32.6622700451232
2014,2015,"other_other","other","other","#AAAAAA","#AAAAAA",7,8,1,1,7.2,7.8,1,1,1277,44.3248871919472,1294,44.9149600833044,1296,44.9843804234641
2014,2015,"other_soy","other","soy","#AAAAAA","#4daf4a",7,8,1,5.5,7.2,7.8,1.5,5,14,0.485942381117668,1294,44.9149600833044,596,20.6872613675807
2014,2015,"other_springWheat","other","springWheat","#AAAAAA","#a65628",7,8,1,3.7,7.2,7.8,1.3,3.4,1,0.0347101700798334,1294,44.9149600833044,38,1.31898646303367
2014,2015,"soy_corn","soy","corn","#4daf4a","#ffd300",7,8,5.5,6.4,7.2,7.8,5.6,6.3,823,28.5664699757029,896,31.1003123915307,941,32.6622700451232
2014,2015,"soy_other","soy","other","#4daf4a","#AAAAAA",7,8,5.5,1,7.2,7.8,5,1.5,2,0.0694203401596668,896,31.1003123915307,1296,44.9843804234641
2014,2015,"soy_soy","soy","soy","#4daf4a","#4daf4a",7,8,5.5,5.5,7.2,7.8,5.5,5.5,65,2.25616105518917,896,31.1003123915307,596,20.6872613675807
2014,2015,"soy_springWheat","soy","springWheat","#4daf4a","#a65628",7,8,5.5,3.7,7.2,7.8,5.3,3.9,5,0.173550850399167,896,31.1003123915307,38,1.31898646303367
2014,2015,"soy_sugarbeets","soy","sugarbeets","#4daf4a","#377eb8",7,8,5.5,2.8,7.2,7.8,5.2,3.1,1,0.0347101700798334,896,31.1003123915307,6,0.208261020479
2014,2015,"springWheat_corn","springWheat","corn","#a65628","#ffd300",7,8,3.7,6.4,7.2,7.8,4,6.1,45,1.5619576535925,515,17.8757375911142,941,32.6622700451232
2014,2015,"springWheat_hay","springWheat","hay","#a65628","#f781bf",7,8,3.7,4.6,7.2,7.8,3.8,4.5,2,0.0694203401596668,515,17.8757375911142,4,0.138840680319334
2014,2015,"springWheat_other","springWheat","other","#a65628","#AAAAAA",7,8,3.7,1,7.2,7.8,3.4,1.3,6,0.208261020479,515,17.8757375911142,1296,44.9843804234641
2014,2015,"springWheat_soy","springWheat","soy","#a65628","#4daf4a",7,8,3.7,5.5,7.2,7.8,3.9,5.3,444,15.411315515446,515,17.8757375911142,596,20.6872613675807
2014,2015,"springWheat_springWheat","springWheat","springWheat","#a65628","#a65628",7,8,3.7,3.7,7.2,7.8,3.7,3.7,17,0.590072891357168,515,17.8757375911142,38,1.31898646303367
2014,2015,"springWheat_sugarbeets","springWheat","sugarbeets","#a65628","#377eb8",7,8,3.7,2.8,7.2,7.8,3.6,2.9,1,0.0347101700798334,515,17.8757375911142,6,0.208261020479
2015,2016,"corn_corn","corn","corn","#ffd300","#ffd300",8,9,6.4,6.4,8.2,8.8,6.4,6.4,26,0.902464422075668,941,32.6622700451232,66,2.290871225269
2015,2016,"corn_hay","corn","hay","#ffd300","#f781bf",8,9,6.4,4.6,8.2,8.8,6.2,4.8,34,1.18014578271434,941,32.6622700451232,188,6.52551197500868
2015,2016,"corn_other","corn","other","#ffd300","#AAAAAA",8,9,6.4,1,8.2,8.8,5.8,1.6,16,0.555362721277334,941,32.6622700451232,1344,46.6504685872961
2015,2016,"corn_soy","corn","soy","#ffd300","#4daf4a",8,9,6.4,5.5,8.2,8.8,6.3,5.6,23,0.798333911836168,941,32.6622700451232,341,11.8361679972232
2015,2016,"corn_springWheat","corn","springWheat","#ffd300","#a65628",8,9,6.4,3.7,8.2,8.8,6.1,4,836,29.0177021867407,941,32.6622700451232,904,31.3779937521694
2015,2016,"corn_sugarbeets","corn","sugarbeets","#ffd300","#377eb8",8,9,6.4,2.8,8.2,8.8,6,3.2,6,0.208261020479,941,32.6622700451232,38,1.31898646303367
2015,2016,"hay_corn","hay","corn","#f781bf","#ffd300",8,9,4.6,6.4,8.2,8.8,4.8,6.2,1,0.0347101700798334,4,0.138840680319334,66,2.290871225269
2015,2016,"hay_hay","hay","hay","#f781bf","#f781bf",8,9,4.6,4.6,8.2,8.8,4.6,4.6,2,0.0694203401596668,4,0.138840680319334,188,6.52551197500868
2015,2016,"hay_other","hay","other","#f781bf","#AAAAAA",8,9,4.6,1,8.2,8.8,4.2,1.4,1,0.0347101700798334,4,0.138840680319334,1344,46.6504685872961
2015,2016,"other_corn","other","corn","#AAAAAA","#ffd300",8,9,1,6.4,8.2,8.8,1.6,5.8,5,0.173550850399167,1296,44.9843804234641,66,2.290871225269
2015,2016,"other_hay","other","hay","#AAAAAA","#f781bf",8,9,1,4.6,8.2,8.8,1.4,4.2,10,0.347101700798334,1296,44.9843804234641,188,6.52551197500868
2015,2016,"other_other","other","other","#AAAAAA","#AAAAAA",8,9,1,1,8.2,8.8,1,1,1273,44.1860465116279,1296,44.9843804234641,1344,46.6504685872961
2015,2016,"other_soy","other","soy","#AAAAAA","#4daf4a",8,9,1,5.5,8.2,8.8,1.5,5,5,0.173550850399167,1296,44.9843804234641,341,11.8361679972232
2015,2016,"other_springWheat","other","springWheat","#AAAAAA","#a65628",8,9,1,3.7,8.2,8.8,1.3,3.4,3,0.1041305102395,1296,44.9843804234641,904,31.3779937521694
2015,2016,"soy_corn","soy","corn","#4daf4a","#ffd300",8,9,5.5,6.4,8.2,8.8,5.6,6.3,30,1.041305102395,596,20.6872613675807,66,2.290871225269
2015,2016,"soy_hay","soy","hay","#4daf4a","#f781bf",8,9,5.5,4.6,8.2,8.8,5.4,4.7,123,4.26935091981951,596,20.6872613675807,188,6.52551197500868
2015,2016,"soy_other","soy","other","#4daf4a","#AAAAAA",8,9,5.5,1,8.2,8.8,5,1.5,53,1.83963901423117,596,20.6872613675807,1344,46.6504685872961
2015,2016,"soy_soy","soy","soy","#4daf4a","#4daf4a",8,9,5.5,5.5,8.2,8.8,5.5,5.5,302,10.4824713641097,596,20.6872613675807,341,11.8361679972232
2015,2016,"soy_springWheat","soy","springWheat","#4daf4a","#a65628",8,9,5.5,3.7,8.2,8.8,5.3,3.9,56,1.94376952447067,596,20.6872613675807,904,31.3779937521694
2015,2016,"soy_sugarbeets","soy","sugarbeets","#4daf4a","#377eb8",8,9,5.5,2.8,8.2,8.8,5.2,3.1,32,1.11072544255467,596,20.6872613675807,38,1.31898646303367
2015,2016,"springWheat_corn","springWheat","corn","#a65628","#ffd300",8,9,3.7,6.4,8.2,8.8,4,6.1,1,0.0347101700798334,38,1.31898646303367,66,2.290871225269
2015,2016,"springWheat_hay","springWheat","hay","#a65628","#f781bf",8,9,3.7,4.6,8.2,8.8,3.8,4.5,16,0.555362721277334,38,1.31898646303367,188,6.52551197500868
2015,2016,"springWheat_other","springWheat","other","#a65628","#AAAAAA",8,9,3.7,1,8.2,8.8,3.4,1.3,1,0.0347101700798334,38,1.31898646303367,1344,46.6504685872961
2015,2016,"springWheat_soy","springWheat","soy","#a65628","#4daf4a",8,9,3.7,5.5,8.2,8.8,3.9,5.3,11,0.381811870878167,38,1.31898646303367,341,11.8361679972232
2015,2016,"springWheat_springWheat","springWheat","springWheat","#a65628","#a65628",8,9,3.7,3.7,8.2,8.8,3.7,3.7,9,0.312391530718501,38,1.31898646303367,904,31.3779937521694
2015,2016,"sugarbeets_corn","sugarbeets","corn","#377eb8","#ffd300",8,9,2.8,6.4,8.2,8.8,3.2,6,3,0.1041305102395,6,0.208261020479,66,2.290871225269
2015,2016,"sugarbeets_hay","sugarbeets","hay","#377eb8","#f781bf",8,9,2.8,4.6,8.2,8.8,3,4.4,3,0.1041305102395,6,0.208261020479,188,6.52551197500868
2016,2017,"corn_corn","corn","corn","#ffd300","#ffd300",9,10,6.4,6.4,9.2,9.8,6.4,6.4,14,0.485942381117668,66,2.290871225269,123,4.26935091981951
2016,2017,"corn_other","corn","other","#ffd300","#AAAAAA",9,10,6.4,1,9.2,9.8,5.8,1.6,2,0.0694203401596668,66,2.290871225269,1266,43.9430753210691
2016,2017,"corn_soy","corn","soy","#ffd300","#4daf4a",9,10,6.4,5.5,9.2,9.8,6.3,5.6,10,0.347101700798334,66,2.290871225269,1061,36.8274904547032
2016,2017,"corn_springWheat","corn","springWheat","#ffd300","#a65628",9,10,6.4,3.7,9.2,9.8,6.1,4,40,1.38840680319334,66,2.290871225269,414,14.370010413051
2016,2017,"hay_corn","hay","corn","#f781bf","#ffd300",9,10,4.6,6.4,9.2,9.8,4.8,6.2,12,0.416522040958001,249,8.64283234987851,123,4.26935091981951
2016,2017,"hay_hay","hay","hay","#f781bf","#f781bf",9,10,4.6,4.6,9.2,9.8,4.6,4.6,10,0.347101700798334,249,8.64283234987851,17,0.590072891357168
2016,2017,"hay_other","hay","other","#f781bf","#AAAAAA",9,10,4.6,1,9.2,9.8,4.2,1.4,2,0.0694203401596668,249,8.64283234987851,1266,43.9430753210691
2016,2017,"hay_soy","hay","soy","#f781bf","#4daf4a",9,10,4.6,5.5,9.2,9.8,4.7,5.4,82,2.84623394654634,249,8.64283234987851,1061,36.8274904547032
2016,2017,"hay_springWheat","hay","springWheat","#f781bf","#a65628",9,10,4.6,3.7,9.2,9.8,4.5,3.8,143,4.96355432141617,249,8.64283234987851,414,14.370010413051
2016,2017,"other_corn","other","corn","#AAAAAA","#ffd300",9,10,1,6.4,9.2,9.8,1.6,5.8,1,0.0347101700798334,1283,44.5331482124262,123,4.26935091981951
2016,2017,"other_other","other","other","#AAAAAA","#AAAAAA",9,10,1,1,9.2,9.8,1,1,1259,43.7001041305102,1283,44.5331482124262,1266,43.9430753210691
2016,2017,"other_soy","other","soy","#AAAAAA","#4daf4a",9,10,1,5.5,9.2,9.8,1.5,5,18,0.624783061437001,1283,44.5331482124262,1061,36.8274904547032
2016,2017,"other_springWheat","other","springWheat","#AAAAAA","#a65628",9,10,1,3.7,9.2,9.8,1.3,3.4,5,0.173550850399167,1283,44.5331482124262,414,14.370010413051
2016,2017,"soy_corn","soy","corn","#4daf4a","#ffd300",9,10,5.5,6.4,9.2,9.8,5.6,6.3,67,2.32558139534884,341,11.8361679972232,123,4.26935091981951
2016,2017,"soy_other","soy","other","#4daf4a","#AAAAAA",9,10,5.5,1,9.2,9.8,5,1.5,3,0.1041305102395,341,11.8361679972232,1266,43.9430753210691
2016,2017,"soy_soy","soy","soy","#4daf4a","#4daf4a",9,10,5.5,5.5,9.2,9.8,5.5,5.5,115,3.99166955918084,341,11.8361679972232,1061,36.8274904547032
2016,2017,"soy_springWheat","soy","springWheat","#4daf4a","#a65628",9,10,5.5,3.7,9.2,9.8,5.3,3.9,156,5.41478653245401,341,11.8361679972232,414,14.370010413051
2016,2017,"springWheat_corn","springWheat","corn","#a65628","#ffd300",9,10,3.7,6.4,9.2,9.8,4,6.1,28,0.971884762235335,904,31.3779937521694,123,4.26935091981951
2016,2017,"springWheat_hay","springWheat","hay","#a65628","#f781bf",9,10,3.7,4.6,9.2,9.8,3.8,4.5,7,0.242971190558834,904,31.3779937521694,17,0.590072891357168
2016,2017,"springWheat_soy","springWheat","soy","#a65628","#4daf4a",9,10,3.7,5.5,9.2,9.8,3.9,5.3,836,29.0177021867407,904,31.3779937521694,1061,36.8274904547032
2016,2017,"springWheat_springWheat","springWheat","springWheat","#a65628","#a65628",9,10,3.7,3.7,9.2,9.8,3.7,3.7,33,1.1454356126345,904,31.3779937521694,414,14.370010413051
2016,2017,"sugarbeets_corn","sugarbeets","corn","#377eb8","#ffd300",9,10,2.8,6.4,9.2,9.8,3.2,6,1,0.0347101700798334,38,1.31898646303367,123,4.26935091981951
2016,2017,"sugarbeets_springWheat","sugarbeets","springWheat","#377eb8","#a65628",9,10,2.8,3.7,9.2,9.8,2.9,3.6,37,1.28427629295384,38,1.31898646303367,414,14.370010413051
2017,2018,"corn_corn","corn","corn","#ffd300","#ffd300",10,11,6.4,6.4,10.2,10.8,6.4,6.4,94,3.26275598750434,123,4.26935091981951,1236,42.9017702186741
2017,2018,"corn_other","corn","other","#ffd300","#AAAAAA",10,11,6.4,1,10.2,10.8,5.8,1.6,4,0.138840680319334,123,4.26935091981951,1296,44.9843804234641
2017,2018,"corn_soy","corn","soy","#ffd300","#4daf4a",10,11,6.4,5.5,10.2,10.8,6.3,5.6,24,0.833044081916001,123,4.26935091981951,140,4.85942381117667
2017,2018,"corn_sugarbeets","corn","sugarbeets","#ffd300","#377eb8",10,11,6.4,2.8,10.2,10.8,6,3.2,1,0.0347101700798334,123,4.26935091981951,119,4.13051023950017
2017,2018,"hay_corn","hay","corn","#f781bf","#ffd300",10,11,4.6,6.4,10.2,10.8,4.8,6.2,12,0.416522040958001,18,0.624783061437001,1236,42.9017702186741
2017,2018,"hay_hay","hay","hay","#f781bf","#f781bf",10,11,4.6,4.6,10.2,10.8,4.6,4.6,5,0.173550850399167,18,0.624783061437001,5,0.173550850399167
2017,2018,"hay_other","hay","other","#f781bf","#AAAAAA",10,11,4.6,1,10.2,10.8,4.2,1.4,1,0.0347101700798334,18,0.624783061437001,1296,44.9843804234641
2017,2018,"other_corn","other","corn","#AAAAAA","#ffd300",10,11,1,6.4,10.2,10.8,1.6,5.8,1,0.0347101700798334,1265,43.9083651509892,1236,42.9017702186741
2017,2018,"other_other","other","other","#AAAAAA","#AAAAAA",10,11,1,1,10.2,10.8,1,1,1263,43.8389448108296,1265,43.9083651509892,1296,44.9843804234641
2017,2018,"other_soy","other","soy","#AAAAAA","#4daf4a",10,11,1,5.5,10.2,10.8,1.5,5,1,0.0347101700798334,1265,43.9083651509892,140,4.85942381117667
2017,2018,"soy_corn","soy","corn","#4daf4a","#ffd300",10,11,5.5,6.4,10.2,10.8,5.6,6.3,915,31.7598056230476,1061,36.8274904547032,1236,42.9017702186741
2017,2018,"soy_other","soy","other","#4daf4a","#AAAAAA",10,11,5.5,1,10.2,10.8,5,1.5,25,0.867754251995835,1061,36.8274904547032,1296,44.9843804234641
2017,2018,"soy_soy","soy","soy","#4daf4a","#4daf4a",10,11,5.5,5.5,10.2,10.8,5.5,5.5,73,2.53384241582784,1061,36.8274904547032,140,4.85942381117667
2017,2018,"soy_springWheat","soy","springWheat","#4daf4a","#a65628",10,11,5.5,3.7,10.2,10.8,5.3,3.9,48,1.666088163832,1061,36.8274904547032,85,2.95036445678584
2017,2018,"springWheat_corn","springWheat","corn","#a65628","#ffd300",10,11,3.7,6.4,10.2,10.8,4,6.1,214,7.42797639708435,414,14.370010413051,1236,42.9017702186741
2017,2018,"springWheat_other","springWheat","other","#a65628","#AAAAAA",10,11,3.7,1,10.2,10.8,3.4,1.3,3,0.1041305102395,414,14.370010413051,1296,44.9843804234641
2017,2018,"springWheat_soy","springWheat","soy","#a65628","#4daf4a",10,11,3.7,5.5,10.2,10.8,3.9,5.3,42,1.457827143353,414,14.370010413051,140,4.85942381117667
2017,2018,"springWheat_springWheat","springWheat","springWheat","#a65628","#a65628",10,11,3.7,3.7,10.2,10.8,3.7,3.7,37,1.28427629295384,414,14.370010413051,85,2.95036445678584
2017,2018,"springWheat_sugarbeets","springWheat","sugarbeets","#a65628","#377eb8",10,11,3.7,2.8,10.2,10.8,3.6,2.9,118,4.09580006942034,414,14.370010413051,119,4.13051023950017
2018,2019,"corn_corn","corn","corn","#ffd300","#ffd300",11,12,6.4,6.4,11.2,11.8,6.4,6.4,896,31.1003123915307,1236,42.9017702186741,1052,36.5150989239847
2018,2019,"corn_hay","corn","hay","#ffd300","#f781bf",11,12,6.4,4.6,11.2,11.8,6.2,4.8,139,4.82471364109684,1236,42.9017702186741,233,8.08746962860118
2018,2019,"corn_other","corn","other","#ffd300","#AAAAAA",11,12,6.4,1,11.2,11.8,5.8,1.6,105,3.64456785838251,1236,42.9017702186741,1325,45.9909753557792
2018,2019,"corn_soy","corn","soy","#ffd300","#4daf4a",11,12,6.4,5.5,11.2,11.8,6.3,5.6,79,2.74210343630684,1236,42.9017702186741,167,5.79659840333218
2018,2019,"corn_springWheat","corn","springWheat","#ffd300","#a65628",11,12,6.4,3.7,11.2,11.8,6.1,4,8,0.277681360638667,1236,42.9017702186741,94,3.26275598750434
2018,2019,"corn_sugarbeets","corn","sugarbeets","#ffd300","#377eb8",11,12,6.4,2.8,11.2,11.8,6,3.2,9,0.312391530718501,1236,42.9017702186741,10,0.347101700798334
2018,2019,"hay_corn","hay","corn","#f781bf","#ffd300",11,12,4.6,6.4,11.2,11.8,4.8,6.2,1,0.0347101700798334,6,0.208261020479,1052,36.5150989239847
2018,2019,"hay_hay","hay","hay","#f781bf","#f781bf",11,12,4.6,4.6,11.2,11.8,4.6,4.6,1,0.0347101700798334,6,0.208261020479,233,8.08746962860118
2018,2019,"hay_other","hay","other","#f781bf","#AAAAAA",11,12,4.6,1,11.2,11.8,4.2,1.4,4,0.138840680319334,6,0.208261020479,1325,45.9909753557792
2018,2019,"other_corn","other","corn","#AAAAAA","#ffd300",11,12,1,6.4,11.2,11.8,1.6,5.8,58,2.01318986463034,1295,44.9496702533842,1052,36.5150989239847
2018,2019,"other_hay","other","hay","#AAAAAA","#f781bf",11,12,1,4.6,11.2,11.8,1.4,4.2,2,0.0694203401596668,1295,44.9496702533842,233,8.08746962860118
2018,2019,"other_other","other","other","#AAAAAA","#AAAAAA",11,12,1,1,11.2,11.8,1,1,1194,41.4439430753211,1295,44.9496702533842,1325,45.9909753557792
2018,2019,"other_soy","other","soy","#AAAAAA","#4daf4a",11,12,1,5.5,11.2,11.8,1.5,5,38,1.31898646303367,1295,44.9496702533842,167,5.79659840333218
2018,2019,"other_springWheat","other","springWheat","#AAAAAA","#a65628",11,12,1,3.7,11.2,11.8,1.3,3.4,3,0.1041305102395,1295,44.9496702533842,94,3.26275598750434
2018,2019,"soy_corn","soy","corn","#4daf4a","#ffd300",11,12,5.5,6.4,11.2,11.8,5.6,6.3,58,2.01318986463034,140,4.85942381117667,1052,36.5150989239847
2018,2019,"soy_hay","soy","hay","#4daf4a","#f781bf",11,12,5.5,4.6,11.2,11.8,5.4,4.7,12,0.416522040958001,140,4.85942381117667,233,8.08746962860118
2018,2019,"soy_other","soy","other","#4daf4a","#AAAAAA",11,12,5.5,1,11.2,11.8,5,1.5,10,0.347101700798334,140,4.85942381117667,1325,45.9909753557792
2018,2019,"soy_soy","soy","soy","#4daf4a","#4daf4a",11,12,5.5,5.5,11.2,11.8,5.5,5.5,31,1.07601527247484,140,4.85942381117667,167,5.79659840333218
2018,2019,"soy_springWheat","soy","springWheat","#4daf4a","#a65628",11,12,5.5,3.7,11.2,11.8,5.3,3.9,29,1.00659493231517,140,4.85942381117667,94,3.26275598750434
2018,2019,"springWheat_corn","springWheat","corn","#a65628","#ffd300",11,12,3.7,6.4,11.2,11.8,4,6.1,7,0.242971190558834,85,2.95036445678584,1052,36.5150989239847
2018,2019,"springWheat_hay","springWheat","hay","#a65628","#f781bf",11,12,3.7,4.6,11.2,11.8,3.8,4.5,5,0.173550850399167,85,2.95036445678584,233,8.08746962860118
2018,2019,"springWheat_soy","springWheat","soy","#a65628","#4daf4a",11,12,3.7,5.5,11.2,11.8,3.9,5.3,19,0.659493231516834,85,2.95036445678584,167,5.79659840333218
2018,2019,"springWheat_springWheat","springWheat","springWheat","#a65628","#a65628",11,12,3.7,3.7,11.2,11.8,3.7,3.7,53,1.83963901423117,85,2.95036445678584,94,3.26275598750434
2018,2019,"springWheat_sugarbeets","springWheat","sugarbeets","#a65628","#377eb8",11,12,3.7,2.8,11.2,11.8,3.6,2.9,1,0.0347101700798334,85,2.95036445678584,10,0.347101700798334
2018,2019,"sugarbeets_corn","sugarbeets","corn","#377eb8","#ffd300",11,12,2.8,6.4,11.2,11.8,3.2,6,32,1.11072544255467,119,4.13051023950017,1052,36.5150989239847
2018,2019,"sugarbeets_hay","sugarbeets","hay","#377eb8","#f781bf",11,12,2.8,4.6,11.2,11.8,3,4.4,74,2.56855258590767,119,4.13051023950017,233,8.08746962860118
2018,2019,"sugarbeets_other","sugarbeets","other","#377eb8","#AAAAAA",11,12,2.8,1,11.2,11.8,2.6,1.2,12,0.416522040958001,119,4.13051023950017,1325,45.9909753557792
2018,2019,"sugarbeets_springWheat","sugarbeets","springWheat","#377eb8","#a65628",11,12,2.8,3.7,11.2,11.8,2.9,3.6,1,0.0347101700798334,119,4.13051023950017,94,3.26275598750434
2019,2020,"corn_corn","corn","corn","#ffd300","#ffd300",12,13,6.4,6.4,12.2,12.8,6.4,6.4,814,28.2540784449844,1052,36.5150989239847,849,29.4689343977786
2019,2020,"corn_dryBeans","corn","dryBeans","#ffd300","#e41a1c",12,13,6.4,1.9,12.2,12.8,5.9,2.4,8,0.277681360638667,1052,36.5150989239847,8,0.277681360638667
2019,2020,"corn_hay","corn","hay","#ffd300","#f781bf",12,13,6.4,4.6,12.2,12.8,6.2,4.8,15,0.520652551197501,1052,36.5150989239847,345,11.9750086775425
2019,2020,"corn_other","corn","other","#ffd300","#AAAAAA",12,13,6.4,1,12.2,12.8,5.8,1.6,97,3.36688649774384,1052,36.5150989239847,1475,51.1975008677543
2019,2020,"corn_soy","corn","soy","#ffd300","#4daf4a",12,13,6.4,5.5,12.2,12.8,6.3,5.6,101,3.50572717806317,1052,36.5150989239847,152,5.27594585213467
2019,2020,"corn_springWheat","corn","springWheat","#ffd300","#a65628",12,13,6.4,3.7,12.2,12.8,6.1,4,3,0.1041305102395,1052,36.5150989239847,38,1.31898646303367
2019,2020,"corn_sugarbeets","corn","sugarbeets","#ffd300","#377eb8",12,13,6.4,2.8,12.2,12.8,6,3.2,14,0.485942381117668,1052,36.5150989239847,14,0.485942381117668
2019,2020,"hay_hay","hay","hay","#f781bf","#f781bf",12,13,4.6,4.6,12.2,12.8,4.6,4.6,232,8.05275945852135,235,8.15688996876085,345,11.9750086775425
2019,2020,"hay_other","hay","other","#f781bf","#AAAAAA",12,13,4.6,1,12.2,12.8,4.2,1.4,3,0.1041305102395,235,8.15688996876085,1475,51.1975008677543
2019,2020,"other_corn","other","corn","#AAAAAA","#ffd300",12,13,1,6.4,12.2,12.8,1.6,5.8,4,0.138840680319334,1323,45.9215550156196,849,29.4689343977786
2019,2020,"other_hay","other","hay","#AAAAAA","#f781bf",12,13,1,4.6,12.2,12.8,1.4,4.2,8,0.277681360638667,1323,45.9215550156196,345,11.9750086775425
2019,2020,"other_other","other","other","#AAAAAA","#AAAAAA",12,13,1,1,12.2,12.8,1,1,1300,45.1232211037834,1323,45.9215550156196,1475,51.1975008677543
2019,2020,"other_soy","other","soy","#AAAAAA","#4daf4a",12,13,1,5.5,12.2,12.8,1.5,5,11,0.381811870878167,1323,45.9215550156196,152,5.27594585213467
2019,2020,"soy_corn","soy","corn","#4daf4a","#ffd300",12,13,5.5,6.4,12.2,12.8,5.6,6.3,30,1.041305102395,167,5.79659840333218,849,29.4689343977786
2019,2020,"soy_hay","soy","hay","#4daf4a","#f781bf",12,13,5.5,4.6,12.2,12.8,5.4,4.7,14,0.485942381117668,167,5.79659840333218,345,11.9750086775425
2019,2020,"soy_other","soy","other","#4daf4a","#AAAAAA",12,13,5.5,1,12.2,12.8,5,1.5,75,2.6032627559875,167,5.79659840333218,1475,51.1975008677543
2019,2020,"soy_soy","soy","soy","#4daf4a","#4daf4a",12,13,5.5,5.5,12.2,12.8,5.5,5.5,38,1.31898646303367,167,5.79659840333218,152,5.27594585213467
2019,2020,"soy_springWheat","soy","springWheat","#4daf4a","#a65628",12,13,5.5,3.7,12.2,12.8,5.3,3.9,10,0.347101700798334,167,5.79659840333218,38,1.31898646303367
2019,2020,"springWheat_corn","springWheat","corn","#a65628","#ffd300",12,13,3.7,6.4,12.2,12.8,4,6.1,1,0.0347101700798334,94,3.26275598750434,849,29.4689343977786
2019,2020,"springWheat_hay","springWheat","hay","#a65628","#f781bf",12,13,3.7,4.6,12.2,12.8,3.8,4.5,70,2.42971190558834,94,3.26275598750434,345,11.9750086775425
2019,2020,"springWheat_soy","springWheat","soy","#a65628","#4daf4a",12,13,3.7,5.5,12.2,12.8,3.9,5.3,1,0.0347101700798334,94,3.26275598750434,152,5.27594585213467
2019,2020,"springWheat_springWheat","springWheat","springWheat","#a65628","#a65628",12,13,3.7,3.7,12.2,12.8,3.7,3.7,22,0.763623741756335,94,3.26275598750434,38,1.31898646303367
2019,2020,"sugarbeets_hay","sugarbeets","hay","#377eb8","#f781bf",12,13,2.8,4.6,12.2,12.8,3,4.4,6,0.208261020479,10,0.347101700798334,345,11.9750086775425
2019,2020,"sugarbeets_soy","sugarbeets","soy","#377eb8","#4daf4a",12,13,2.8,5.5,12.2,12.8,3.1,5.2,1,0.0347101700798334,10,0.347101700798334,152,5.27594585213467
2019,2020,"sugarbeets_springWheat","sugarbeets","springWheat","#377eb8","#a65628",12,13,2.8,3.7,12.2,12.8,2.9,3.6,3,0.1041305102395,10,0.347101700798334,38,1.31898646303367
2020,2021,"corn_corn","corn","corn","#ffd300","#ffd300",13,14,6.4,6.4,13.2,13.8,6.4,6.4,697,24.1929885456439,849,29.4689343977786,863,29.9548767788962
2020,2021,"corn_other","corn","other","#ffd300","#AAAAAA",13,14,6.4,1,13.2,13.8,5.8,1.6,1,0.0347101700798334,849,29.4689343977786,1649,57.2370704616453
2020,2021,"corn_soy","corn","soy","#ffd300","#4daf4a",13,14,6.4,5.5,13.2,13.8,6.3,5.6,150,5.20652551197501,849,29.4689343977786,298,10.3436306837903
2020,2021,"corn_sugarbeets","corn","sugarbeets","#ffd300","#377eb8",13,14,6.4,2.8,13.2,13.8,6,3.2,1,0.0347101700798334,849,29.4689343977786,2,0.0694203401596668
2020,2021,"dryBeans_corn","dryBeans","corn","#e41a1c","#ffd300",13,14,1.9,6.4,13.2,13.8,2.4,5.9,7,0.242971190558834,8,0.277681360638667,863,29.9548767788962
2020,2021,"dryBeans_soy","dryBeans","soy","#e41a1c","#4daf4a",13,14,1.9,5.5,13.2,13.8,2.3,5.1,1,0.0347101700798334,8,0.277681360638667,298,10.3436306837903
2020,2021,"hay_corn","hay","corn","#f781bf","#ffd300",13,14,4.6,6.4,13.2,13.8,4.8,6.2,71,2.46442207566817,346,12.0097188476224,863,29.9548767788962
2020,2021,"hay_hay","hay","hay","#f781bf","#f781bf",13,14,4.6,4.6,13.2,13.8,4.6,4.6,68,2.36029156542867,346,12.0097188476224,68,2.36029156542867
2020,2021,"hay_other","hay","other","#f781bf","#AAAAAA",13,14,4.6,1,13.2,13.8,4.2,1.4,184,6.38667129468934,346,12.0097188476224,1649,57.2370704616453
2020,2021,"hay_soy","hay","soy","#f781bf","#4daf4a",13,14,4.6,5.5,13.2,13.8,4.7,5.4,23,0.798333911836168,346,12.0097188476224,298,10.3436306837903
2020,2021,"other_corn","other","corn","#AAAAAA","#ffd300",13,14,1,6.4,13.2,13.8,1.6,5.8,9,0.312391530718501,1474,51.1627906976744,863,29.9548767788962
2020,2021,"other_other","other","other","#AAAAAA","#AAAAAA",13,14,1,1,13.2,13.8,1,1,1451,50.3644567858383,1474,51.1627906976744,1649,57.2370704616453
2020,2021,"other_soy","other","soy","#AAAAAA","#4daf4a",13,14,1,5.5,13.2,13.8,1.5,5,14,0.485942381117668,1474,51.1627906976744,298,10.3436306837903
2020,2021,"soy_corn","soy","corn","#4daf4a","#ffd300",13,14,5.5,6.4,13.2,13.8,5.6,6.3,64,2.22145088510934,152,5.27594585213467,863,29.9548767788962
2020,2021,"soy_other","soy","other","#4daf4a","#AAAAAA",13,14,5.5,1,13.2,13.8,5,1.5,12,0.416522040958001,152,5.27594585213467,1649,57.2370704616453
2020,2021,"soy_soy","soy","soy","#4daf4a","#4daf4a",13,14,5.5,5.5,13.2,13.8,5.5,5.5,76,2.63797292606734,152,5.27594585213467,298,10.3436306837903
2020,2021,"springWheat_corn","springWheat","corn","#a65628","#ffd300",13,14,3.7,6.4,13.2,13.8,4,6.1,5,0.173550850399167,38,1.31898646303367,863,29.9548767788962
2020,2021,"springWheat_other","springWheat","other","#a65628","#AAAAAA",13,14,3.7,1,13.2,13.8,3.4,1.3,1,0.0347101700798334,38,1.31898646303367,1649,57.2370704616453
2020,2021,"springWheat_soy","springWheat","soy","#a65628","#4daf4a",13,14,3.7,5.5,13.2,13.8,3.9,5.3,30,1.041305102395,38,1.31898646303367,298,10.3436306837903
2020,2021,"springWheat_springWheat","springWheat","springWheat","#a65628","#a65628",13,14,3.7,3.7,13.2,13.8,3.7,3.7,1,0.0347101700798334,38,1.31898646303367,1,0.0347101700798334
2020,2021,"springWheat_sugarbeets","springWheat","sugarbeets","#a65628","#377eb8",13,14,3.7,2.8,13.2,13.8,3.6,2.9,1,0.0347101700798334,38,1.31898646303367,2,0.0694203401596668
2020,2021,"sugarbeets_corn","sugarbeets","corn","#377eb8","#ffd300",13,14,2.8,6.4,13.2,13.8,3.2,6,10,0.347101700798334,14,0.485942381117668,863,29.9548767788962
2020,2021,"sugarbeets_soy","sugarbeets","soy","#377eb8","#4daf4a",13,14,2.8,5.5,13.2,13.8,3.1,5.2,4,0.138840680319334,14,0.485942381117668,298,10.3436306837903
