"xCoords","yCoords","width","colorToUse"
1,6.4,0.900900900900901,"#ffd300"
1.2,6.4,0.900900900900901,"#ffd300"
1.4,6.4,0.900900900900901,"#ffd300"
2,6.4,0.900900900900901,"#ffd300"
1.8,6.4,0.900900900900901,"#ffd300"
1.6,6.4,0.900900900900901,"#ffd300"
1,6.4,0.0346500346500346,"#f781bf"
1.2,6.2,0.0346500346500346,"#f781bf"
1.4,6.2,0.0346500346500346,"#f781bf"
2,4.6,0.0346500346500346,"#ffd300"
1.8,4.8,0.0346500346500346,"#ffd300"
1.6,4.8,0.0346500346500346,"#ffd300"
1,6.4,0.97020097020097,"#AAAAAA"
1.2,5.8,0.97020097020097,"#AAAAAA"
1.4,5.8,0.97020097020097,"#AAAAAA"
2,1,0.97020097020097,"#ffd300"
1.8,1.6,0.97020097020097,"#ffd300"
1.6,1.6,0.97020097020097,"#ffd300"
1,6.4,11.8503118503119,"#4daf4a"
1.2,6.3,11.8503118503119,"#4daf4a"
1.4,6.3,11.8503118503119,"#4daf4a"
2,5.5,11.8503118503119,"#ffd300"
1.8,5.6,11.8503118503119,"#ffd300"
1.6,5.6,11.8503118503119,"#ffd300"
1,4.6,0.346500346500347,"#ffd300"
1.2,4.8,0.346500346500347,"#ffd300"
1.4,4.8,0.346500346500347,"#ffd300"
2,6.4,0.346500346500347,"#f781bf"
1.8,6.2,0.346500346500347,"#f781bf"
1.6,6.2,0.346500346500347,"#f781bf"
1,4.6,1.48995148995149,"#f781bf"
1.2,4.6,1.48995148995149,"#f781bf"
1.4,4.6,1.48995148995149,"#f781bf"
2,4.6,1.48995148995149,"#f781bf"
1.8,4.6,1.48995148995149,"#f781bf"
1.6,4.6,1.48995148995149,"#f781bf"
1,4.6,2.49480249480249,"#AAAAAA"
1.2,4.2,2.49480249480249,"#AAAAAA"
1.4,4.2,2.49480249480249,"#AAAAAA"
2,1,2.49480249480249,"#f781bf"
1.8,1.4,2.49480249480249,"#f781bf"
1.6,1.4,2.49480249480249,"#f781bf"
1,4.6,0.207900207900208,"#4daf4a"
1.2,4.7,0.207900207900208,"#4daf4a"
1.4,4.7,0.207900207900208,"#4daf4a"
2,5.5,0.207900207900208,"#f781bf"
1.8,5.4,0.207900207900208,"#f781bf"
1.6,5.4,0.207900207900208,"#f781bf"
1,1,2.28690228690229,"#ffd300"
1.2,1.6,2.28690228690229,"#ffd300"
1.4,1.6,2.28690228690229,"#ffd300"
2,6.4,2.28690228690229,"#AAAAAA"
1.8,5.8,2.28690228690229,"#AAAAAA"
1.6,5.8,2.28690228690229,"#AAAAAA"
1,1,2.14830214830215,"#f781bf"
1.2,1.4,2.14830214830215,"#f781bf"
1.4,1.4,2.14830214830215,"#f781bf"
2,4.6,2.14830214830215,"#AAAAAA"
1.8,4.2,2.14830214830215,"#AAAAAA"
1.6,4.2,2.14830214830215,"#AAAAAA"
1,1,30.5613305613306,"#AAAAAA"
1.2,1,30.5613305613306,"#AAAAAA"
1.4,1,30.5613305613306,"#AAAAAA"
2,1,30.5613305613306,"#AAAAAA"
1.8,1,30.5613305613306,"#AAAAAA"
1.6,1,30.5613305613306,"#AAAAAA"
1,1,0.554400554400554,"#4daf4a"
1.2,1.5,0.554400554400554,"#4daf4a"
1.4,1.5,0.554400554400554,"#4daf4a"
2,5.5,0.554400554400554,"#AAAAAA"
1.8,5,0.554400554400554,"#AAAAAA"
1.6,5,0.554400554400554,"#AAAAAA"
1,5.5,39.8821898821899,"#ffd300"
1.2,5.6,39.8821898821899,"#ffd300"
1.4,5.6,39.8821898821899,"#ffd300"
2,6.4,39.8821898821899,"#4daf4a"
1.8,6.3,39.8821898821899,"#4daf4a"
1.6,6.3,39.8821898821899,"#4daf4a"
1,5.5,0.0346500346500346,"#f781bf"
1.2,5.4,0.0346500346500346,"#f781bf"
1.4,5.4,0.0346500346500346,"#f781bf"
2,4.6,0.0346500346500346,"#4daf4a"
1.8,4.7,0.0346500346500346,"#4daf4a"
1.6,4.7,0.0346500346500346,"#4daf4a"
1,5.5,3.95010395010395,"#AAAAAA"
1.2,5,3.95010395010395,"#AAAAAA"
1.4,5,3.95010395010395,"#AAAAAA"
2,1,3.95010395010395,"#4daf4a"
1.8,1.5,3.95010395010395,"#4daf4a"
1.6,1.5,3.95010395010395,"#4daf4a"
1,5.5,2.28690228690229,"#4daf4a"
1.2,5.5,2.28690228690229,"#4daf4a"
1.4,5.5,2.28690228690229,"#4daf4a"
2,5.5,2.28690228690229,"#4daf4a"
1.8,5.5,2.28690228690229,"#4daf4a"
1.6,5.5,2.28690228690229,"#4daf4a"
2,6.4,8.07345807345807,"#ffd300"
2.2,6.4,8.07345807345807,"#ffd300"
2.4,6.4,8.07345807345807,"#ffd300"
3,6.4,8.07345807345807,"#ffd300"
2.8,6.4,8.07345807345807,"#ffd300"
2.6,6.4,8.07345807345807,"#ffd300"
2,6.4,1.38600138600139,"#AAAAAA"
2.2,5.8,1.38600138600139,"#AAAAAA"
2.4,5.8,1.38600138600139,"#AAAAAA"
3,1,1.38600138600139,"#ffd300"
2.8,1.6,1.38600138600139,"#ffd300"
2.6,1.6,1.38600138600139,"#ffd300"
2,6.4,33.957033957034,"#4daf4a"
2.2,6.3,33.957033957034,"#4daf4a"
2.4,6.3,33.957033957034,"#4daf4a"
3,5.5,33.957033957034,"#ffd300"
2.8,5.6,33.957033957034,"#ffd300"
2.6,5.6,33.957033957034,"#ffd300"
2,4.6,0.0346500346500346,"#ffd300"
2.2,4.8,0.0346500346500346,"#ffd300"
2.4,4.8,0.0346500346500346,"#ffd300"
3,6.4,0.0346500346500346,"#f781bf"
2.8,6.2,0.0346500346500346,"#f781bf"
2.6,6.2,0.0346500346500346,"#f781bf"
2,4.6,1.8018018018018,"#f781bf"
2.2,4.6,1.8018018018018,"#f781bf"
2.4,4.6,1.8018018018018,"#f781bf"
3,4.6,1.8018018018018,"#f781bf"
2.8,4.6,1.8018018018018,"#f781bf"
2.6,4.6,1.8018018018018,"#f781bf"
2,4.6,1.87110187110187,"#AAAAAA"
2.2,4.2,1.87110187110187,"#AAAAAA"
2.4,4.2,1.87110187110187,"#AAAAAA"
3,1,1.87110187110187,"#f781bf"
2.8,1.4,1.87110187110187,"#f781bf"
2.6,1.4,1.87110187110187,"#f781bf"
2,1,2.42550242550243,"#ffd300"
2.2,1.6,2.42550242550243,"#ffd300"
2.4,1.6,2.42550242550243,"#ffd300"
3,6.4,2.42550242550243,"#AAAAAA"
2.8,5.8,2.42550242550243,"#AAAAAA"
2.6,5.8,2.42550242550243,"#AAAAAA"
2,1,1.07415107415107,"#f781bf"
2.2,1.4,1.07415107415107,"#f781bf"
2.4,1.4,1.07415107415107,"#f781bf"
3,4.6,1.07415107415107,"#AAAAAA"
2.8,4.2,1.07415107415107,"#AAAAAA"
2.6,4.2,1.07415107415107,"#AAAAAA"
2,1,31.2889812889813,"#AAAAAA"
2.2,1,31.2889812889813,"#AAAAAA"
2.4,1,31.2889812889813,"#AAAAAA"
3,1,31.2889812889813,"#AAAAAA"
2.8,1,31.2889812889813,"#AAAAAA"
2.6,1,31.2889812889813,"#AAAAAA"
2,1,3.18780318780319,"#4daf4a"
2.2,1.5,3.18780318780319,"#4daf4a"
2.4,1.5,3.18780318780319,"#4daf4a"
3,5.5,3.18780318780319,"#AAAAAA"
2.8,5,3.18780318780319,"#AAAAAA"
2.6,5,3.18780318780319,"#AAAAAA"
2,5.5,13.028413028413,"#ffd300"
2.2,5.6,13.028413028413,"#ffd300"
2.4,5.6,13.028413028413,"#ffd300"
3,6.4,13.028413028413,"#4daf4a"
2.8,6.3,13.028413028413,"#4daf4a"
2.6,6.3,13.028413028413,"#4daf4a"
2,5.5,0.0346500346500346,"#f781bf"
2.2,5.4,0.0346500346500346,"#f781bf"
2.4,5.4,0.0346500346500346,"#f781bf"
3,4.6,0.0346500346500346,"#4daf4a"
2.8,4.7,0.0346500346500346,"#4daf4a"
2.6,4.7,0.0346500346500346,"#4daf4a"
2,5.5,0.658350658350658,"#AAAAAA"
2.2,5,0.658350658350658,"#AAAAAA"
2.4,5,0.658350658350658,"#AAAAAA"
3,1,0.658350658350658,"#4daf4a"
2.8,1.5,0.658350658350658,"#4daf4a"
2.6,1.5,0.658350658350658,"#4daf4a"
2,5.5,1.17810117810118,"#4daf4a"
2.2,5.5,1.17810117810118,"#4daf4a"
2.4,5.5,1.17810117810118,"#4daf4a"
3,5.5,1.17810117810118,"#4daf4a"
2.8,5.5,1.17810117810118,"#4daf4a"
2.6,5.5,1.17810117810118,"#4daf4a"
3,6.4,1.45530145530146,"#ffd300"
3.2,6.4,1.45530145530146,"#ffd300"
3.4,6.4,1.45530145530146,"#ffd300"
4,6.4,1.45530145530146,"#ffd300"
3.8,6.4,1.45530145530146,"#ffd300"
3.6,6.4,1.45530145530146,"#ffd300"
3,6.4,1.24740124740125,"#AAAAAA"
3.2,5.8,1.24740124740125,"#AAAAAA"
3.4,5.8,1.24740124740125,"#AAAAAA"
4,1,1.24740124740125,"#ffd300"
3.8,1.6,1.24740124740125,"#ffd300"
3.6,1.6,1.24740124740125,"#ffd300"
3,6.4,20.8593208593209,"#4daf4a"
3.2,6.3,20.8593208593209,"#4daf4a"
3.4,6.3,20.8593208593209,"#4daf4a"
4,5.5,20.8593208593209,"#ffd300"
3.8,5.6,20.8593208593209,"#ffd300"
3.6,5.6,20.8593208593209,"#ffd300"
3,4.6,0.796950796950797,"#ffd300"
3.2,4.8,0.796950796950797,"#ffd300"
3.4,4.8,0.796950796950797,"#ffd300"
4,6.4,0.796950796950797,"#f781bf"
3.8,6.2,0.796950796950797,"#f781bf"
3.6,6.2,0.796950796950797,"#f781bf"
3,4.6,0.97020097020097,"#f781bf"
3.2,4.6,0.97020097020097,"#f781bf"
3.4,4.6,0.97020097020097,"#f781bf"
4,4.6,0.97020097020097,"#f781bf"
3.8,4.6,0.97020097020097,"#f781bf"
3.6,4.6,0.97020097020097,"#f781bf"
3,4.6,1.10880110880111,"#AAAAAA"
3.2,4.2,1.10880110880111,"#AAAAAA"
3.4,4.2,1.10880110880111,"#AAAAAA"
4,1,1.10880110880111,"#f781bf"
3.8,1.4,1.10880110880111,"#f781bf"
3.6,1.4,1.10880110880111,"#f781bf"
3,4.6,0.0346500346500346,"#4daf4a"
3.2,4.7,0.0346500346500346,"#4daf4a"
3.4,4.7,0.0346500346500346,"#4daf4a"
4,5.5,0.0346500346500346,"#f781bf"
3.8,5.4,0.0346500346500346,"#f781bf"
3.6,5.4,0.0346500346500346,"#f781bf"
3,1,3.25710325710326,"#ffd300"
3.2,1.6,3.25710325710326,"#ffd300"
3.4,1.6,3.25710325710326,"#ffd300"
4,6.4,3.25710325710326,"#AAAAAA"
3.8,5.8,3.25710325710326,"#AAAAAA"
3.6,5.8,3.25710325710326,"#AAAAAA"
3,1,2.80665280665281,"#f781bf"
3.2,1.4,2.80665280665281,"#f781bf"
3.4,1.4,2.80665280665281,"#f781bf"
4,4.6,2.80665280665281,"#AAAAAA"
3.8,4.2,2.80665280665281,"#AAAAAA"
3.6,4.2,2.80665280665281,"#AAAAAA"
3,1,27.2695772695773,"#AAAAAA"
3.2,1,27.2695772695773,"#AAAAAA"
3.4,1,27.2695772695773,"#AAAAAA"
4,1,27.2695772695773,"#AAAAAA"
3.8,1,27.2695772695773,"#AAAAAA"
3.6,1,27.2695772695773,"#AAAAAA"
3,1,1.87110187110187,"#4daf4a"
3.2,1.5,1.87110187110187,"#4daf4a"
3.4,1.5,1.87110187110187,"#4daf4a"
4,5.5,1.87110187110187,"#AAAAAA"
3.8,5,1.87110187110187,"#AAAAAA"
3.6,5,1.87110187110187,"#AAAAAA"
3,5.5,34.2342342342342,"#ffd300"
3.2,5.6,34.2342342342342,"#ffd300"
3.4,5.6,34.2342342342342,"#ffd300"
4,6.4,34.2342342342342,"#4daf4a"
3.8,6.3,34.2342342342342,"#4daf4a"
3.6,6.3,34.2342342342342,"#4daf4a"
3,5.5,0.0693000693000693,"#f781bf"
3.2,5.4,0.0693000693000693,"#f781bf"
3.4,5.4,0.0693000693000693,"#f781bf"
4,4.6,0.0693000693000693,"#4daf4a"
3.8,4.7,0.0693000693000693,"#4daf4a"
3.6,4.7,0.0693000693000693,"#4daf4a"
3,5.5,2.49480249480249,"#AAAAAA"
3.2,5,2.49480249480249,"#AAAAAA"
3.4,5,2.49480249480249,"#AAAAAA"
4,1,2.49480249480249,"#4daf4a"
3.8,1.5,2.49480249480249,"#4daf4a"
3.6,1.5,2.49480249480249,"#4daf4a"
3,5.5,1.52460152460152,"#4daf4a"
3.2,5.5,1.52460152460152,"#4daf4a"
3.4,5.5,1.52460152460152,"#4daf4a"
4,5.5,1.52460152460152,"#4daf4a"
3.8,5.5,1.52460152460152,"#4daf4a"
3.6,5.5,1.52460152460152,"#4daf4a"
4,6.4,3.01455301455301,"#ffd300"
4.2,6.4,3.01455301455301,"#ffd300"
4.4,6.4,3.01455301455301,"#ffd300"
5,6.4,3.01455301455301,"#ffd300"
4.8,6.4,3.01455301455301,"#ffd300"
4.6,6.4,3.01455301455301,"#ffd300"
4,6.4,1.8018018018018,"#AAAAAA"
4.2,5.8,1.8018018018018,"#AAAAAA"
4.4,5.8,1.8018018018018,"#AAAAAA"
5,1,1.8018018018018,"#ffd300"
4.8,1.6,1.8018018018018,"#ffd300"
4.6,1.6,1.8018018018018,"#ffd300"
4,6.4,34.9272349272349,"#4daf4a"
4.2,6.3,34.9272349272349,"#4daf4a"
4.4,6.3,34.9272349272349,"#4daf4a"
5,5.5,34.9272349272349,"#ffd300"
4.8,5.6,34.9272349272349,"#ffd300"
4.6,5.6,34.9272349272349,"#ffd300"
4,4.6,0.0693000693000693,"#ffd300"
4.2,4.8,0.0693000693000693,"#ffd300"
4.4,4.8,0.0693000693000693,"#ffd300"
5,6.4,0.0693000693000693,"#f781bf"
4.8,6.2,0.0693000693000693,"#f781bf"
4.6,6.2,0.0693000693000693,"#f781bf"
4,4.6,3.6036036036036,"#f781bf"
4.2,4.6,3.6036036036036,"#f781bf"
4.4,4.6,3.6036036036036,"#f781bf"
5,4.6,3.6036036036036,"#f781bf"
4.8,4.6,3.6036036036036,"#f781bf"
4.6,4.6,3.6036036036036,"#f781bf"
4,4.6,1.94040194040194,"#AAAAAA"
4.2,4.2,1.94040194040194,"#AAAAAA"
4.4,4.2,1.94040194040194,"#AAAAAA"
5,1,1.94040194040194,"#f781bf"
4.8,1.4,1.94040194040194,"#f781bf"
4.6,1.4,1.94040194040194,"#f781bf"
4,4.6,1.38600138600139,"#4daf4a"
4.2,4.7,1.38600138600139,"#4daf4a"
4.4,4.7,1.38600138600139,"#4daf4a"
5,5.5,1.38600138600139,"#f781bf"
4.8,5.4,1.38600138600139,"#f781bf"
4.6,5.4,1.38600138600139,"#f781bf"
4,1,0.658350658350658,"#ffd300"
4.2,1.6,0.658350658350658,"#ffd300"
4.4,1.6,0.658350658350658,"#ffd300"
5,6.4,0.658350658350658,"#AAAAAA"
4.8,5.8,0.658350658350658,"#AAAAAA"
4.6,5.8,0.658350658350658,"#AAAAAA"
4,1,0.485100485100485,"#f781bf"
4.2,1.4,0.485100485100485,"#f781bf"
4.4,1.4,0.485100485100485,"#f781bf"
5,4.6,0.485100485100485,"#AAAAAA"
4.8,4.2,0.485100485100485,"#AAAAAA"
4.6,4.2,0.485100485100485,"#AAAAAA"
4,1,26.4033264033264,"#AAAAAA"
4.2,1,26.4033264033264,"#AAAAAA"
4.4,1,26.4033264033264,"#AAAAAA"
5,1,26.4033264033264,"#AAAAAA"
4.8,1,26.4033264033264,"#AAAAAA"
4.6,1,26.4033264033264,"#AAAAAA"
4,1,1.42065142065142,"#4daf4a"
4.2,1.5,1.42065142065142,"#4daf4a"
4.4,1.5,1.42065142065142,"#4daf4a"
5,5.5,1.42065142065142,"#AAAAAA"
4.8,5,1.42065142065142,"#AAAAAA"
4.6,5,1.42065142065142,"#AAAAAA"
4,5.5,17.7408177408177,"#ffd300"
4.2,5.6,17.7408177408177,"#ffd300"
4.4,5.6,17.7408177408177,"#ffd300"
5,6.4,17.7408177408177,"#4daf4a"
4.8,6.3,17.7408177408177,"#4daf4a"
4.6,6.3,17.7408177408177,"#4daf4a"
4,5.5,0.277200277200277,"#f781bf"
4.2,5.4,0.277200277200277,"#f781bf"
4.4,5.4,0.277200277200277,"#f781bf"
5,4.6,0.277200277200277,"#4daf4a"
4.8,4.7,0.277200277200277,"#4daf4a"
4.6,4.7,0.277200277200277,"#4daf4a"
4,5.5,5.85585585585586,"#AAAAAA"
4.2,5,5.85585585585586,"#AAAAAA"
4.4,5,5.85585585585586,"#AAAAAA"
5,1,5.85585585585586,"#4daf4a"
4.8,1.5,5.85585585585586,"#4daf4a"
4.6,1.5,5.85585585585586,"#4daf4a"
4,5.5,0.415800415800416,"#4daf4a"
4.2,5.5,0.415800415800416,"#4daf4a"
4.4,5.5,0.415800415800416,"#4daf4a"
5,5.5,0.415800415800416,"#4daf4a"
4.8,5.5,0.415800415800416,"#4daf4a"
4.6,5.5,0.415800415800416,"#4daf4a"
5,6.4,3.46500346500346,"#ffd300"
5.2,6.4,3.46500346500346,"#ffd300"
5.4,6.4,3.46500346500346,"#ffd300"
6,6.4,3.46500346500346,"#ffd300"
5.8,6.4,3.46500346500346,"#ffd300"
5.6,6.4,3.46500346500346,"#ffd300"
5,6.4,0.277200277200277,"#f781bf"
5.2,6.2,0.277200277200277,"#f781bf"
5.4,6.2,0.277200277200277,"#f781bf"
6,4.6,0.277200277200277,"#ffd300"
5.8,4.8,0.277200277200277,"#ffd300"
5.6,4.8,0.277200277200277,"#ffd300"
5,6.4,1.59390159390159,"#AAAAAA"
5.2,5.8,1.59390159390159,"#AAAAAA"
5.4,5.8,1.59390159390159,"#AAAAAA"
6,1,1.59390159390159,"#ffd300"
5.8,1.6,1.59390159390159,"#ffd300"
5.6,1.6,1.59390159390159,"#ffd300"
5,6.4,16.1469161469161,"#4daf4a"
5.2,6.3,16.1469161469161,"#4daf4a"
5.4,6.3,16.1469161469161,"#4daf4a"
6,5.5,16.1469161469161,"#ffd300"
5.8,5.6,16.1469161469161,"#ffd300"
5.6,5.6,16.1469161469161,"#ffd300"
5,4.6,1.10880110880111,"#ffd300"
5.2,4.8,1.10880110880111,"#ffd300"
5.4,4.8,1.10880110880111,"#ffd300"
6,6.4,1.10880110880111,"#f781bf"
5.8,6.2,1.10880110880111,"#f781bf"
5.6,6.2,1.10880110880111,"#f781bf"
5,4.6,0.381150381150381,"#f781bf"
5.2,4.6,0.381150381150381,"#f781bf"
5.4,4.6,0.381150381150381,"#f781bf"
6,4.6,0.381150381150381,"#f781bf"
5.8,4.6,0.381150381150381,"#f781bf"
5.6,4.6,0.381150381150381,"#f781bf"
5,4.6,1.48995148995149,"#AAAAAA"
5.2,4.2,1.48995148995149,"#AAAAAA"
5.4,4.2,1.48995148995149,"#AAAAAA"
6,1,1.48995148995149,"#f781bf"
5.8,1.4,1.48995148995149,"#f781bf"
5.6,1.4,1.48995148995149,"#f781bf"
5,1,1.42065142065142,"#ffd300"
5.2,1.6,1.42065142065142,"#ffd300"
5.4,1.6,1.42065142065142,"#ffd300"
6,6.4,1.42065142065142,"#AAAAAA"
5.8,5.8,1.42065142065142,"#AAAAAA"
5.6,5.8,1.42065142065142,"#AAAAAA"
5,1,5.44005544005544,"#f781bf"
5.2,1.4,5.44005544005544,"#f781bf"
5.4,1.4,5.44005544005544,"#f781bf"
6,4.6,5.44005544005544,"#AAAAAA"
5.8,4.2,5.44005544005544,"#AAAAAA"
5.6,4.2,5.44005544005544,"#AAAAAA"
5,1,29.4178794178794,"#AAAAAA"
5.2,1,29.4178794178794,"#AAAAAA"
5.4,1,29.4178794178794,"#AAAAAA"
6,1,29.4178794178794,"#AAAAAA"
5.8,1,29.4178794178794,"#AAAAAA"
5.6,1,29.4178794178794,"#AAAAAA"
5,1,1.10880110880111,"#4daf4a"
5.2,1.5,1.10880110880111,"#4daf4a"
5.4,1.5,1.10880110880111,"#4daf4a"
6,5.5,1.10880110880111,"#AAAAAA"
5.8,5,1.10880110880111,"#AAAAAA"
5.6,5,1.10880110880111,"#AAAAAA"
5,5.5,20.5474705474705,"#ffd300"
5.2,5.6,20.5474705474705,"#ffd300"
5.4,5.6,20.5474705474705,"#ffd300"
6,6.4,20.5474705474705,"#4daf4a"
5.8,6.3,20.5474705474705,"#4daf4a"
5.6,6.3,20.5474705474705,"#4daf4a"
5,5.5,0.0346500346500346,"#f781bf"
5.2,5.4,0.0346500346500346,"#f781bf"
5.4,5.4,0.0346500346500346,"#f781bf"
6,4.6,0.0346500346500346,"#4daf4a"
5.8,4.7,0.0346500346500346,"#4daf4a"
5.6,4.7,0.0346500346500346,"#4daf4a"
5,5.5,13.3402633402633,"#AAAAAA"
5.2,5,13.3402633402633,"#AAAAAA"
5.4,5,13.3402633402633,"#AAAAAA"
6,1,13.3402633402633,"#4daf4a"
5.8,1.5,13.3402633402633,"#4daf4a"
5.6,1.5,13.3402633402633,"#4daf4a"
5,5.5,4.22730422730423,"#4daf4a"
5.2,5.5,4.22730422730423,"#4daf4a"
5.4,5.5,4.22730422730423,"#4daf4a"
6,5.5,4.22730422730423,"#4daf4a"
5.8,5.5,4.22730422730423,"#4daf4a"
5.6,5.5,4.22730422730423,"#4daf4a"
6,6.4,12.7858627858628,"#ffd300"
6.2,6.4,12.7858627858628,"#ffd300"
6.4,6.4,12.7858627858628,"#ffd300"
7,6.4,12.7858627858628,"#ffd300"
6.8,6.4,12.7858627858628,"#ffd300"
6.6,6.4,12.7858627858628,"#ffd300"
6,6.4,0.207900207900208,"#f781bf"
6.2,6.2,0.207900207900208,"#f781bf"
6.4,6.2,0.207900207900208,"#f781bf"
7,4.6,0.207900207900208,"#ffd300"
6.8,4.8,0.207900207900208,"#ffd300"
6.6,4.8,0.207900207900208,"#ffd300"
6,6.4,0.693000693000693,"#AAAAAA"
6.2,5.8,0.693000693000693,"#AAAAAA"
6.4,5.8,0.693000693000693,"#AAAAAA"
7,1,0.693000693000693,"#ffd300"
6.8,1.6,0.693000693000693,"#ffd300"
6.6,1.6,0.693000693000693,"#ffd300"
6,6.4,12.8551628551629,"#4daf4a"
6.2,6.3,12.8551628551629,"#4daf4a"
6.4,6.3,12.8551628551629,"#4daf4a"
7,5.5,12.8551628551629,"#ffd300"
6.8,5.6,12.8551628551629,"#ffd300"
6.6,5.6,12.8551628551629,"#ffd300"
6,4.6,0.0693000693000693,"#ffd300"
6.2,4.8,0.0693000693000693,"#ffd300"
6.4,4.8,0.0693000693000693,"#ffd300"
7,6.4,0.0693000693000693,"#f781bf"
6.8,6.2,0.0693000693000693,"#f781bf"
6.6,6.2,0.0693000693000693,"#f781bf"
6,4.6,5.33610533610534,"#f781bf"
6.2,4.6,5.33610533610534,"#f781bf"
6.4,4.6,5.33610533610534,"#f781bf"
7,4.6,5.33610533610534,"#f781bf"
6.8,4.6,5.33610533610534,"#f781bf"
6.6,4.6,5.33610533610534,"#f781bf"
6,4.6,0.554400554400554,"#AAAAAA"
6.2,4.2,0.554400554400554,"#AAAAAA"
6.4,4.2,0.554400554400554,"#AAAAAA"
7,1,0.554400554400554,"#f781bf"
6.8,1.4,0.554400554400554,"#f781bf"
6.6,1.4,0.554400554400554,"#f781bf"
6,4.6,0.173250173250173,"#4daf4a"
6.2,4.7,0.173250173250173,"#4daf4a"
6.4,4.7,0.173250173250173,"#4daf4a"
7,5.5,0.173250173250173,"#f781bf"
6.8,5.4,0.173250173250173,"#f781bf"
6.6,5.4,0.173250173250173,"#f781bf"
6,1,12.4047124047124,"#ffd300"
6.2,1.6,12.4047124047124,"#ffd300"
6.4,1.6,12.4047124047124,"#ffd300"
7,6.4,12.4047124047124,"#AAAAAA"
6.8,5.8,12.4047124047124,"#AAAAAA"
6.6,5.8,12.4047124047124,"#AAAAAA"
6,1,2.39085239085239,"#f781bf"
6.2,1.4,2.39085239085239,"#f781bf"
6.4,1.4,2.39085239085239,"#f781bf"
7,4.6,2.39085239085239,"#AAAAAA"
6.8,4.2,2.39085239085239,"#AAAAAA"
6.6,4.2,2.39085239085239,"#AAAAAA"
6,1,26.957726957727,"#AAAAAA"
6.2,1,26.957726957727,"#AAAAAA"
6.4,1,26.957726957727,"#AAAAAA"
7,1,26.957726957727,"#AAAAAA"
6.8,1,26.957726957727,"#AAAAAA"
6.6,1,26.957726957727,"#AAAAAA"
6,1,4.08870408870409,"#4daf4a"
6.2,1.5,4.08870408870409,"#4daf4a"
6.4,1.5,4.08870408870409,"#4daf4a"
7,5.5,4.08870408870409,"#AAAAAA"
6.8,5,4.08870408870409,"#AAAAAA"
6.6,5,4.08870408870409,"#AAAAAA"
6,5.5,19.022869022869,"#ffd300"
6.2,5.6,19.022869022869,"#ffd300"
6.4,5.6,19.022869022869,"#ffd300"
7,6.4,19.022869022869,"#4daf4a"
6.8,6.3,19.022869022869,"#4daf4a"
6.6,6.3,19.022869022869,"#4daf4a"
6,5.5,0.0346500346500346,"#f781bf"
6.2,5.4,0.0346500346500346,"#f781bf"
6.4,5.4,0.0346500346500346,"#f781bf"
7,4.6,0.0346500346500346,"#4daf4a"
6.8,4.7,0.0346500346500346,"#4daf4a"
6.6,4.7,0.0346500346500346,"#4daf4a"
6,5.5,0.138600138600139,"#AAAAAA"
6.2,5,0.138600138600139,"#AAAAAA"
6.4,5,0.138600138600139,"#AAAAAA"
7,1,0.138600138600139,"#4daf4a"
6.8,1.5,0.138600138600139,"#4daf4a"
6.6,1.5,0.138600138600139,"#4daf4a"
6,5.5,2.28690228690229,"#4daf4a"
6.2,5.5,2.28690228690229,"#4daf4a"
6.4,5.5,2.28690228690229,"#4daf4a"
7,5.5,2.28690228690229,"#4daf4a"
6.8,5.5,2.28690228690229,"#4daf4a"
6.6,5.5,2.28690228690229,"#4daf4a"
7,6.4,3.46500346500346,"#ffd300"
7.2,6.4,3.46500346500346,"#ffd300"
7.4,6.4,3.46500346500346,"#ffd300"
8,6.4,3.46500346500346,"#ffd300"
7.8,6.4,3.46500346500346,"#ffd300"
7.6,6.4,3.46500346500346,"#ffd300"
7,6.4,0.0693000693000693,"#f781bf"
7.2,6.2,0.0693000693000693,"#f781bf"
7.4,6.2,0.0693000693000693,"#f781bf"
8,4.6,0.0693000693000693,"#ffd300"
7.8,4.8,0.0693000693000693,"#ffd300"
7.6,4.8,0.0693000693000693,"#ffd300"
7,6.4,0.346500346500347,"#AAAAAA"
7.2,5.8,0.346500346500347,"#AAAAAA"
7.4,5.8,0.346500346500347,"#AAAAAA"
8,1,0.346500346500347,"#ffd300"
7.8,1.6,0.346500346500347,"#ffd300"
7.6,1.6,0.346500346500347,"#ffd300"
7,6.4,40.4019404019404,"#4daf4a"
7.2,6.3,40.4019404019404,"#4daf4a"
7.4,6.3,40.4019404019404,"#4daf4a"
8,5.5,40.4019404019404,"#ffd300"
7.8,5.6,40.4019404019404,"#ffd300"
7.6,5.6,40.4019404019404,"#ffd300"
7,4.6,0.0346500346500346,"#ffd300"
7.2,4.8,0.0346500346500346,"#ffd300"
7.4,4.8,0.0346500346500346,"#ffd300"
8,6.4,0.0346500346500346,"#f781bf"
7.8,6.2,0.0346500346500346,"#f781bf"
7.6,6.2,0.0346500346500346,"#f781bf"
7,4.6,2.7027027027027,"#f781bf"
7.2,4.6,2.7027027027027,"#f781bf"
7.4,4.6,2.7027027027027,"#f781bf"
8,4.6,2.7027027027027,"#f781bf"
7.8,4.6,2.7027027027027,"#f781bf"
7.6,4.6,2.7027027027027,"#f781bf"
7,4.6,0.831600831600832,"#AAAAAA"
7.2,4.2,0.831600831600832,"#AAAAAA"
7.4,4.2,0.831600831600832,"#AAAAAA"
8,1,0.831600831600832,"#f781bf"
7.8,1.4,0.831600831600832,"#f781bf"
7.6,1.4,0.831600831600832,"#f781bf"
7,4.6,4.46985446985447,"#4daf4a"
7.2,4.7,4.46985446985447,"#4daf4a"
7.4,4.7,4.46985446985447,"#4daf4a"
8,5.5,4.46985446985447,"#f781bf"
7.8,5.4,4.46985446985447,"#f781bf"
7.6,5.4,4.46985446985447,"#f781bf"
7,1,0.866250866250866,"#ffd300"
7.2,1.6,0.866250866250866,"#ffd300"
7.4,1.6,0.866250866250866,"#ffd300"
8,6.4,0.866250866250866,"#AAAAAA"
7.8,5.8,0.866250866250866,"#AAAAAA"
7.6,5.8,0.866250866250866,"#AAAAAA"
7,1,0.103950103950104,"#f781bf"
7.2,1.4,0.103950103950104,"#f781bf"
7.4,1.4,0.103950103950104,"#f781bf"
8,4.6,0.103950103950104,"#AAAAAA"
7.8,4.2,0.103950103950104,"#AAAAAA"
7.6,4.2,0.103950103950104,"#AAAAAA"
7,1,26.1607761607762,"#AAAAAA"
7.2,1,26.1607761607762,"#AAAAAA"
7.4,1,26.1607761607762,"#AAAAAA"
8,1,26.1607761607762,"#AAAAAA"
7.8,1,26.1607761607762,"#AAAAAA"
7.6,1,26.1607761607762,"#AAAAAA"
7,1,1.14345114345114,"#4daf4a"
7.2,1.5,1.14345114345114,"#4daf4a"
7.4,1.5,1.14345114345114,"#4daf4a"
8,5.5,1.14345114345114,"#AAAAAA"
7.8,5,1.14345114345114,"#AAAAAA"
7.6,5,1.14345114345114,"#AAAAAA"
7,5.5,15.1074151074151,"#ffd300"
7.2,5.6,15.1074151074151,"#ffd300"
7.4,5.6,15.1074151074151,"#ffd300"
8,6.4,15.1074151074151,"#4daf4a"
7.8,6.3,15.1074151074151,"#4daf4a"
7.6,6.3,15.1074151074151,"#4daf4a"
7,5.5,0.311850311850312,"#f781bf"
7.2,5.4,0.311850311850312,"#f781bf"
7.4,5.4,0.311850311850312,"#f781bf"
8,4.6,0.311850311850312,"#4daf4a"
7.8,4.7,0.311850311850312,"#4daf4a"
7.6,4.7,0.311850311850312,"#4daf4a"
7,5.5,2.25225225225225,"#AAAAAA"
7.2,5,2.25225225225225,"#AAAAAA"
7.4,5,2.25225225225225,"#AAAAAA"
8,1,2.25225225225225,"#4daf4a"
7.8,1.5,2.25225225225225,"#4daf4a"
7.6,1.5,2.25225225225225,"#4daf4a"
7,5.5,1.73250173250173,"#4daf4a"
7.2,5.5,1.73250173250173,"#4daf4a"
7.4,5.5,1.73250173250173,"#4daf4a"
8,5.5,1.73250173250173,"#4daf4a"
7.8,5.5,1.73250173250173,"#4daf4a"
7.6,5.5,1.73250173250173,"#4daf4a"
8,6.4,1.90575190575191,"#ffd300"
8.2,6.4,1.90575190575191,"#ffd300"
8.4,6.4,1.90575190575191,"#ffd300"
9,6.4,1.90575190575191,"#ffd300"
8.8,6.4,1.90575190575191,"#ffd300"
8.6,6.4,1.90575190575191,"#ffd300"
8,6.4,0.242550242550243,"#f781bf"
8.2,6.2,0.242550242550243,"#f781bf"
8.4,6.2,0.242550242550243,"#f781bf"
9,4.6,0.242550242550243,"#ffd300"
8.8,4.8,0.242550242550243,"#ffd300"
8.6,4.8,0.242550242550243,"#ffd300"
8,6.4,2.32155232155232,"#AAAAAA"
8.2,5.8,2.32155232155232,"#AAAAAA"
8.4,5.8,2.32155232155232,"#AAAAAA"
9,1,2.32155232155232,"#ffd300"
8.8,1.6,2.32155232155232,"#ffd300"
8.6,1.6,2.32155232155232,"#ffd300"
8,6.4,15.003465003465,"#4daf4a"
8.2,6.3,15.003465003465,"#4daf4a"
8.4,6.3,15.003465003465,"#4daf4a"
9,5.5,15.003465003465,"#ffd300"
8.8,5.6,15.003465003465,"#ffd300"
8.6,5.6,15.003465003465,"#ffd300"
8,4.6,0.103950103950104,"#ffd300"
8.2,4.8,0.103950103950104,"#ffd300"
8.4,4.8,0.103950103950104,"#ffd300"
9,6.4,0.103950103950104,"#f781bf"
8.8,6.2,0.103950103950104,"#f781bf"
8.6,6.2,0.103950103950104,"#f781bf"
8,4.6,2.80665280665281,"#f781bf"
8.2,4.6,2.80665280665281,"#f781bf"
8.4,4.6,2.80665280665281,"#f781bf"
9,4.6,2.80665280665281,"#f781bf"
8.8,4.6,2.80665280665281,"#f781bf"
8.6,4.6,2.80665280665281,"#f781bf"
8,4.6,0.242550242550243,"#AAAAAA"
8.2,4.2,0.242550242550243,"#AAAAAA"
8.4,4.2,0.242550242550243,"#AAAAAA"
9,1,0.242550242550243,"#f781bf"
8.8,1.4,0.242550242550243,"#f781bf"
8.6,1.4,0.242550242550243,"#f781bf"
8,1,0.0346500346500346,"#ffd300"
8.2,1.6,0.0346500346500346,"#ffd300"
8.4,1.6,0.0346500346500346,"#ffd300"
9,6.4,0.0346500346500346,"#AAAAAA"
8.8,5.8,0.0346500346500346,"#AAAAAA"
8.6,5.8,0.0346500346500346,"#AAAAAA"
8,1,0.623700623700624,"#f781bf"
8.2,1.4,0.623700623700624,"#f781bf"
8.4,1.4,0.623700623700624,"#f781bf"
9,4.6,0.623700623700624,"#AAAAAA"
8.8,4.2,0.623700623700624,"#AAAAAA"
8.6,4.2,0.623700623700624,"#AAAAAA"
8,1,28.7941787941788,"#AAAAAA"
8.2,1,28.7941787941788,"#AAAAAA"
8.4,1,28.7941787941788,"#AAAAAA"
9,1,28.7941787941788,"#AAAAAA"
8.8,1,28.7941787941788,"#AAAAAA"
8.6,1,28.7941787941788,"#AAAAAA"
8,1,0.173250173250173,"#4daf4a"
8.2,1.5,0.173250173250173,"#4daf4a"
8.4,1.5,0.173250173250173,"#4daf4a"
9,5.5,0.173250173250173,"#AAAAAA"
8.8,5,0.173250173250173,"#AAAAAA"
8.6,5,0.173250173250173,"#AAAAAA"
8,5.5,41.2335412335412,"#ffd300"
8.2,5.6,41.2335412335412,"#ffd300"
8.4,5.6,41.2335412335412,"#ffd300"
9,6.4,41.2335412335412,"#4daf4a"
8.8,6.3,41.2335412335412,"#4daf4a"
8.6,6.3,41.2335412335412,"#4daf4a"
8,5.5,0.0346500346500346,"#f781bf"
8.2,5.4,0.0346500346500346,"#f781bf"
8.4,5.4,0.0346500346500346,"#f781bf"
9,4.6,0.0346500346500346,"#4daf4a"
8.8,4.7,0.0346500346500346,"#4daf4a"
8.6,4.7,0.0346500346500346,"#4daf4a"
8,5.5,4.78170478170478,"#AAAAAA"
8.2,5,4.78170478170478,"#AAAAAA"
8.4,5,4.78170478170478,"#AAAAAA"
9,1,4.78170478170478,"#4daf4a"
8.8,1.5,4.78170478170478,"#4daf4a"
8.6,1.5,4.78170478170478,"#4daf4a"
8,5.5,1.66320166320166,"#4daf4a"
8.2,5.5,1.66320166320166,"#4daf4a"
8.4,5.5,1.66320166320166,"#4daf4a"
9,5.5,1.66320166320166,"#4daf4a"
8.8,5.5,1.66320166320166,"#4daf4a"
8.6,5.5,1.66320166320166,"#4daf4a"
8,5.5,0.0346500346500346,"#a65628"
8.2,5.3,0.0346500346500346,"#a65628"
8.4,5.3,0.0346500346500346,"#a65628"
9,3.7,0.0346500346500346,"#4daf4a"
8.8,3.9,0.0346500346500346,"#4daf4a"
8.6,3.9,0.0346500346500346,"#4daf4a"
9,6.4,1.48995148995149,"#ffd300"
9.2,6.4,1.48995148995149,"#ffd300"
9.4,6.4,1.48995148995149,"#ffd300"
10,6.4,1.48995148995149,"#ffd300"
9.8,6.4,1.48995148995149,"#ffd300"
9.6,6.4,1.48995148995149,"#ffd300"
9,6.4,0.51975051975052,"#f781bf"
9.2,6.2,0.51975051975052,"#f781bf"
9.4,6.2,0.51975051975052,"#f781bf"
10,4.6,0.51975051975052,"#ffd300"
9.8,4.8,0.51975051975052,"#ffd300"
9.6,4.8,0.51975051975052,"#ffd300"
9,6.4,0.0346500346500346,"#AAAAAA"
9.2,5.8,0.0346500346500346,"#AAAAAA"
9.4,5.8,0.0346500346500346,"#AAAAAA"
10,1,0.0346500346500346,"#ffd300"
9.8,1.6,0.0346500346500346,"#ffd300"
9.6,1.6,0.0346500346500346,"#ffd300"
9,6.4,41.2335412335412,"#4daf4a"
9.2,6.3,41.2335412335412,"#4daf4a"
9.4,6.3,41.2335412335412,"#4daf4a"
10,5.5,41.2335412335412,"#ffd300"
9.8,5.6,41.2335412335412,"#ffd300"
9.6,5.6,41.2335412335412,"#ffd300"
9,4.6,0.346500346500347,"#ffd300"
9.2,4.8,0.346500346500347,"#ffd300"
9.4,4.8,0.346500346500347,"#ffd300"
10,6.4,0.346500346500347,"#f781bf"
9.8,6.2,0.346500346500347,"#f781bf"
9.6,6.2,0.346500346500347,"#f781bf"
9,4.6,1.38600138600139,"#f781bf"
9.2,4.6,1.38600138600139,"#f781bf"
9.4,4.6,1.38600138600139,"#f781bf"
10,4.6,1.38600138600139,"#f781bf"
9.8,4.6,1.38600138600139,"#f781bf"
9.6,4.6,1.38600138600139,"#f781bf"
9,4.6,0.311850311850312,"#AAAAAA"
9.2,4.2,0.311850311850312,"#AAAAAA"
9.4,4.2,0.311850311850312,"#AAAAAA"
10,1,0.311850311850312,"#f781bf"
9.8,1.4,0.311850311850312,"#f781bf"
9.6,1.4,0.311850311850312,"#f781bf"
9,4.6,1.66320166320166,"#4daf4a"
9.2,4.7,1.66320166320166,"#4daf4a"
9.4,4.7,1.66320166320166,"#4daf4a"
10,5.5,1.66320166320166,"#f781bf"
9.8,5.4,1.66320166320166,"#f781bf"
9.6,5.4,1.66320166320166,"#f781bf"
9,1,0.138600138600139,"#ffd300"
9.2,1.6,0.138600138600139,"#ffd300"
9.4,1.6,0.138600138600139,"#ffd300"
10,6.4,0.138600138600139,"#AAAAAA"
9.8,5.8,0.138600138600139,"#AAAAAA"
9.6,5.8,0.138600138600139,"#AAAAAA"
9,1,6.93000693000693,"#f781bf"
9.2,1.4,6.93000693000693,"#f781bf"
9.4,1.4,6.93000693000693,"#f781bf"
10,4.6,6.93000693000693,"#AAAAAA"
9.8,4.2,6.93000693000693,"#AAAAAA"
9.6,4.2,6.93000693000693,"#AAAAAA"
9,1,28.6902286902287,"#AAAAAA"
9.2,1,28.6902286902287,"#AAAAAA"
9.4,1,28.6902286902287,"#AAAAAA"
10,1,28.6902286902287,"#AAAAAA"
9.8,1,28.6902286902287,"#AAAAAA"
9.6,1,28.6902286902287,"#AAAAAA"
9,1,0.381150381150381,"#4daf4a"
9.2,1.5,0.381150381150381,"#4daf4a"
9.4,1.5,0.381150381150381,"#4daf4a"
10,5.5,0.381150381150381,"#AAAAAA"
9.8,5,0.381150381150381,"#AAAAAA"
9.6,5,0.381150381150381,"#AAAAAA"
9,5.5,13.5135135135135,"#ffd300"
9.2,5.6,13.5135135135135,"#ffd300"
9.4,5.6,13.5135135135135,"#ffd300"
10,6.4,13.5135135135135,"#4daf4a"
9.8,6.3,13.5135135135135,"#4daf4a"
9.6,6.3,13.5135135135135,"#4daf4a"
9,5.5,1.10880110880111,"#f781bf"
9.2,5.4,1.10880110880111,"#f781bf"
9.4,5.4,1.10880110880111,"#f781bf"
10,4.6,1.10880110880111,"#4daf4a"
9.8,4.7,1.10880110880111,"#4daf4a"
9.6,4.7,1.10880110880111,"#4daf4a"
9,5.5,0.173250173250173,"#AAAAAA"
9.2,5,0.173250173250173,"#AAAAAA"
9.4,5,0.173250173250173,"#AAAAAA"
10,1,0.173250173250173,"#4daf4a"
9.8,1.5,0.173250173250173,"#4daf4a"
9.6,1.5,0.173250173250173,"#4daf4a"
9,5.5,2.04435204435204,"#4daf4a"
9.2,5.5,2.04435204435204,"#4daf4a"
9.4,5.5,2.04435204435204,"#4daf4a"
10,5.5,2.04435204435204,"#4daf4a"
9.8,5.5,2.04435204435204,"#4daf4a"
9.6,5.5,2.04435204435204,"#4daf4a"
9,3.7,0.0346500346500346,"#f781bf"
9.2,3.8,0.0346500346500346,"#f781bf"
9.4,3.8,0.0346500346500346,"#f781bf"
10,4.6,0.0346500346500346,"#a65628"
9.8,4.5,0.0346500346500346,"#a65628"
9.6,4.5,0.0346500346500346,"#a65628"
10,6.4,1.17810117810118,"#ffd300"
10.2,6.4,1.17810117810118,"#ffd300"
10.4,6.4,1.17810117810118,"#ffd300"
11,6.4,1.17810117810118,"#ffd300"
10.8,6.4,1.17810117810118,"#ffd300"
10.6,6.4,1.17810117810118,"#ffd300"
10,6.4,0.277200277200277,"#f781bf"
10.2,6.2,0.277200277200277,"#f781bf"
10.4,6.2,0.277200277200277,"#f781bf"
11,4.6,0.277200277200277,"#ffd300"
10.8,4.8,0.277200277200277,"#ffd300"
10.6,4.8,0.277200277200277,"#ffd300"
10,6.4,0.173250173250173,"#AAAAAA"
10.2,5.8,0.173250173250173,"#AAAAAA"
10.4,5.8,0.173250173250173,"#AAAAAA"
11,1,0.173250173250173,"#ffd300"
10.8,1.6,0.173250173250173,"#ffd300"
10.6,1.6,0.173250173250173,"#ffd300"
10,6.4,13.8600138600139,"#4daf4a"
10.2,6.3,13.8600138600139,"#4daf4a"
10.4,6.3,13.8600138600139,"#4daf4a"
11,5.5,13.8600138600139,"#ffd300"
10.8,5.6,13.8600138600139,"#ffd300"
10.6,5.6,13.8600138600139,"#ffd300"
10,4.6,0.0693000693000693,"#ffd300"
10.2,4.8,0.0693000693000693,"#ffd300"
10.4,4.8,0.0693000693000693,"#ffd300"
11,6.4,0.0693000693000693,"#f781bf"
10.8,6.2,0.0693000693000693,"#f781bf"
10.6,6.2,0.0693000693000693,"#f781bf"
10,4.6,8.48925848925849,"#f781bf"
10.2,4.6,8.48925848925849,"#f781bf"
10.4,4.6,8.48925848925849,"#f781bf"
11,4.6,8.48925848925849,"#f781bf"
10.8,4.6,8.48925848925849,"#f781bf"
10.6,4.6,8.48925848925849,"#f781bf"
10,4.6,0.831600831600832,"#AAAAAA"
10.2,4.2,0.831600831600832,"#AAAAAA"
10.4,4.2,0.831600831600832,"#AAAAAA"
11,1,0.831600831600832,"#f781bf"
10.8,1.4,0.831600831600832,"#f781bf"
10.6,1.4,0.831600831600832,"#f781bf"
10,4.6,0.900900900900901,"#4daf4a"
10.2,4.7,0.900900900900901,"#4daf4a"
10.4,4.7,0.900900900900901,"#4daf4a"
11,5.5,0.900900900900901,"#f781bf"
10.8,5.4,0.900900900900901,"#f781bf"
10.6,5.4,0.900900900900901,"#f781bf"
10,1,0.415800415800416,"#ffd300"
10.2,1.6,0.415800415800416,"#ffd300"
10.4,1.6,0.415800415800416,"#ffd300"
11,6.4,0.415800415800416,"#AAAAAA"
10.8,5.8,0.415800415800416,"#AAAAAA"
10.6,5.8,0.415800415800416,"#AAAAAA"
10,1,0.138600138600139,"#f781bf"
10.2,1.4,0.138600138600139,"#f781bf"
10.4,1.4,0.138600138600139,"#f781bf"
11,4.6,0.138600138600139,"#AAAAAA"
10.8,4.2,0.138600138600139,"#AAAAAA"
10.6,4.2,0.138600138600139,"#AAAAAA"
10,1,28.031878031878,"#AAAAAA"
10.2,1,28.031878031878,"#AAAAAA"
10.4,1,28.031878031878,"#AAAAAA"
11,1,28.031878031878,"#AAAAAA"
10.8,1,28.031878031878,"#AAAAAA"
10.6,1,28.031878031878,"#AAAAAA"
10,1,0.311850311850312,"#4daf4a"
10.2,1.5,0.311850311850312,"#4daf4a"
10.4,1.5,0.311850311850312,"#4daf4a"
11,5.5,0.311850311850312,"#AAAAAA"
10.8,5,0.311850311850312,"#AAAAAA"
10.6,5,0.311850311850312,"#AAAAAA"
10,5.5,18.5377685377685,"#ffd300"
10.2,5.6,18.5377685377685,"#ffd300"
10.4,5.6,18.5377685377685,"#ffd300"
11,6.4,18.5377685377685,"#4daf4a"
10.8,6.3,18.5377685377685,"#4daf4a"
10.6,6.3,18.5377685377685,"#4daf4a"
10,5.5,0.727650727650728,"#f781bf"
10.2,5.4,0.727650727650728,"#f781bf"
10.4,5.4,0.727650727650728,"#f781bf"
11,4.6,0.727650727650728,"#4daf4a"
10.8,4.7,0.727650727650728,"#4daf4a"
10.6,4.7,0.727650727650728,"#4daf4a"
10,5.5,0.103950103950104,"#AAAAAA"
10.2,5,0.103950103950104,"#AAAAAA"
10.4,5,0.103950103950104,"#AAAAAA"
11,1,0.103950103950104,"#4daf4a"
10.8,1.5,0.103950103950104,"#4daf4a"
10.6,1.5,0.103950103950104,"#4daf4a"
10,5.5,25.952875952876,"#4daf4a"
10.2,5.5,25.952875952876,"#4daf4a"
10.4,5.5,25.952875952876,"#4daf4a"
11,5.5,25.952875952876,"#4daf4a"
10.8,5.5,25.952875952876,"#4daf4a"
10.6,5.5,25.952875952876,"#4daf4a"
11,6.4,10.04851004851,"#ffd300"
11.2,6.4,10.04851004851,"#ffd300"
11.4,6.4,10.04851004851,"#ffd300"
12,6.4,10.04851004851,"#ffd300"
11.8,6.4,10.04851004851,"#ffd300"
11.6,6.4,10.04851004851,"#ffd300"
11,6.4,0.103950103950104,"#f781bf"
11.2,6.2,0.103950103950104,"#f781bf"
11.4,6.2,0.103950103950104,"#f781bf"
12,4.6,0.103950103950104,"#ffd300"
11.8,4.8,0.103950103950104,"#ffd300"
11.6,4.8,0.103950103950104,"#ffd300"
11,6.4,0.381150381150381,"#AAAAAA"
11.2,5.8,0.381150381150381,"#AAAAAA"
11.4,5.8,0.381150381150381,"#AAAAAA"
12,1,0.381150381150381,"#ffd300"
11.8,1.6,0.381150381150381,"#ffd300"
11.6,1.6,0.381150381150381,"#ffd300"
11,6.4,9.66735966735967,"#4daf4a"
11.2,6.3,9.66735966735967,"#4daf4a"
11.4,6.3,9.66735966735967,"#4daf4a"
12,5.5,9.66735966735967,"#ffd300"
11.8,5.6,9.66735966735967,"#ffd300"
11.6,5.6,9.66735966735967,"#ffd300"
11,4.6,2.5987525987526,"#ffd300"
11.2,4.8,2.5987525987526,"#ffd300"
11.4,4.8,2.5987525987526,"#ffd300"
12,6.4,2.5987525987526,"#f781bf"
11.8,6.2,2.5987525987526,"#f781bf"
11.6,6.2,2.5987525987526,"#f781bf"
11,4.6,2.56410256410256,"#f781bf"
11.2,4.6,2.56410256410256,"#f781bf"
11.4,4.6,2.56410256410256,"#f781bf"
12,4.6,2.56410256410256,"#f781bf"
11.8,4.6,2.56410256410256,"#f781bf"
11.6,4.6,2.56410256410256,"#f781bf"
11,4.6,0.242550242550243,"#AAAAAA"
11.2,4.2,0.242550242550243,"#AAAAAA"
11.4,4.2,0.242550242550243,"#AAAAAA"
12,1,0.242550242550243,"#f781bf"
11.8,1.4,0.242550242550243,"#f781bf"
11.6,1.4,0.242550242550243,"#f781bf"
11,4.6,4.88565488565489,"#4daf4a"
11.2,4.7,4.88565488565489,"#4daf4a"
11.4,4.7,4.88565488565489,"#4daf4a"
12,5.5,4.88565488565489,"#f781bf"
11.8,5.4,4.88565488565489,"#f781bf"
11.6,5.4,4.88565488565489,"#f781bf"
11,1,3.98475398475398,"#ffd300"
11.2,1.6,3.98475398475398,"#ffd300"
11.4,1.6,3.98475398475398,"#ffd300"
12,6.4,3.98475398475398,"#AAAAAA"
11.8,5.8,3.98475398475398,"#AAAAAA"
11.6,5.8,3.98475398475398,"#AAAAAA"
11,1,0.311850311850312,"#f781bf"
11.2,1.4,0.311850311850312,"#f781bf"
11.4,1.4,0.311850311850312,"#f781bf"
12,4.6,0.311850311850312,"#AAAAAA"
11.8,4.2,0.311850311850312,"#AAAAAA"
11.6,4.2,0.311850311850312,"#AAAAAA"
11,1,23.5620235620236,"#AAAAAA"
11.2,1,23.5620235620236,"#AAAAAA"
11.4,1,23.5620235620236,"#AAAAAA"
12,1,23.5620235620236,"#AAAAAA"
11.8,1,23.5620235620236,"#AAAAAA"
11.6,1,23.5620235620236,"#AAAAAA"
11,1,0.623700623700624,"#4daf4a"
11.2,1.5,0.623700623700624,"#4daf4a"
11.4,1.5,0.623700623700624,"#4daf4a"
12,5.5,0.623700623700624,"#AAAAAA"
11.8,5,0.623700623700624,"#AAAAAA"
11.6,5,0.623700623700624,"#AAAAAA"
11,5.5,40.2286902286902,"#ffd300"
11.2,5.6,40.2286902286902,"#ffd300"
11.4,5.6,40.2286902286902,"#ffd300"
12,6.4,40.2286902286902,"#4daf4a"
11.8,6.3,40.2286902286902,"#4daf4a"
11.6,6.3,40.2286902286902,"#4daf4a"
11,5.5,0.0346500346500346,"#f781bf"
11.2,5.4,0.0346500346500346,"#f781bf"
11.4,5.4,0.0346500346500346,"#f781bf"
12,4.6,0.0346500346500346,"#4daf4a"
11.8,4.7,0.0346500346500346,"#4daf4a"
11.6,4.7,0.0346500346500346,"#4daf4a"
11,5.5,0.589050589050589,"#AAAAAA"
11.2,5,0.589050589050589,"#AAAAAA"
11.4,5,0.589050589050589,"#AAAAAA"
12,1,0.589050589050589,"#4daf4a"
11.8,1.5,0.589050589050589,"#4daf4a"
11.6,1.5,0.589050589050589,"#4daf4a"
11,5.5,0.173250173250173,"#4daf4a"
11.2,5.5,0.173250173250173,"#4daf4a"
11.4,5.5,0.173250173250173,"#4daf4a"
12,5.5,0.173250173250173,"#4daf4a"
11.8,5.5,0.173250173250173,"#4daf4a"
11.6,5.5,0.173250173250173,"#4daf4a"
12,6.4,36.1399861399861,"#ffd300"
12.2,6.4,36.1399861399861,"#ffd300"
12.4,6.4,36.1399861399861,"#ffd300"
13,6.4,36.1399861399861,"#ffd300"
12.8,6.4,36.1399861399861,"#ffd300"
12.6,6.4,36.1399861399861,"#ffd300"
12,6.4,0.0346500346500346,"#f781bf"
12.2,6.2,0.0346500346500346,"#f781bf"
12.4,6.2,0.0346500346500346,"#f781bf"
13,4.6,0.0346500346500346,"#ffd300"
12.8,4.8,0.0346500346500346,"#ffd300"
12.6,4.8,0.0346500346500346,"#ffd300"
12,6.4,0.0346500346500346,"#AAAAAA"
12.2,5.8,0.0346500346500346,"#AAAAAA"
12.4,5.8,0.0346500346500346,"#AAAAAA"
13,1,0.0346500346500346,"#ffd300"
12.8,1.6,0.0346500346500346,"#ffd300"
12.6,1.6,0.0346500346500346,"#ffd300"
12,6.4,20.6514206514207,"#4daf4a"
12.2,6.3,20.6514206514207,"#4daf4a"
12.4,6.3,20.6514206514207,"#4daf4a"
13,5.5,20.6514206514207,"#ffd300"
12.8,5.6,20.6514206514207,"#ffd300"
12.6,5.6,20.6514206514207,"#ffd300"
12,4.6,0.658350658350658,"#ffd300"
12.2,4.8,0.658350658350658,"#ffd300"
12.4,4.8,0.658350658350658,"#ffd300"
13,6.4,0.658350658350658,"#f781bf"
12.8,6.2,0.658350658350658,"#f781bf"
12.6,6.2,0.658350658350658,"#f781bf"
12,4.6,2.35620235620236,"#f781bf"
12.2,4.6,2.35620235620236,"#f781bf"
12.4,4.6,2.35620235620236,"#f781bf"
13,4.6,2.35620235620236,"#f781bf"
12.8,4.6,2.35620235620236,"#f781bf"
12.6,4.6,2.35620235620236,"#f781bf"
12,4.6,0.311850311850312,"#AAAAAA"
12.2,4.2,0.311850311850312,"#AAAAAA"
12.4,4.2,0.311850311850312,"#AAAAAA"
13,1,0.311850311850312,"#f781bf"
12.8,1.4,0.311850311850312,"#f781bf"
12.6,1.4,0.311850311850312,"#f781bf"
12,4.6,0.0346500346500346,"#4daf4a"
12.2,4.7,0.0346500346500346,"#4daf4a"
12.4,4.7,0.0346500346500346,"#4daf4a"
13,5.5,0.0346500346500346,"#f781bf"
12.8,5.4,0.0346500346500346,"#f781bf"
12.6,5.4,0.0346500346500346,"#f781bf"
12,1,0.796950796950797,"#ffd300"
12.2,1.6,0.796950796950797,"#ffd300"
12.4,1.6,0.796950796950797,"#ffd300"
13,6.4,0.796950796950797,"#AAAAAA"
12.8,5.8,0.796950796950797,"#AAAAAA"
12.6,5.8,0.796950796950797,"#AAAAAA"
12,1,0.138600138600139,"#f781bf"
12.2,1.4,0.138600138600139,"#f781bf"
12.4,1.4,0.138600138600139,"#f781bf"
13,4.6,0.138600138600139,"#AAAAAA"
12.8,4.2,0.138600138600139,"#AAAAAA"
12.6,4.2,0.138600138600139,"#AAAAAA"
12,1,23.2848232848233,"#AAAAAA"
12.2,1,23.2848232848233,"#AAAAAA"
12.4,1,23.2848232848233,"#AAAAAA"
13,1,23.2848232848233,"#AAAAAA"
12.8,1,23.2848232848233,"#AAAAAA"
12.6,1,23.2848232848233,"#AAAAAA"
12,1,0.207900207900208,"#4daf4a"
12.2,1.5,0.207900207900208,"#4daf4a"
12.4,1.5,0.207900207900208,"#4daf4a"
13,5.5,0.207900207900208,"#AAAAAA"
12.8,5,0.207900207900208,"#AAAAAA"
12.6,5,0.207900207900208,"#AAAAAA"
12,5.5,14.6916146916147,"#ffd300"
12.2,5.6,14.6916146916147,"#ffd300"
12.4,5.6,14.6916146916147,"#ffd300"
13,6.4,14.6916146916147,"#4daf4a"
12.8,6.3,14.6916146916147,"#4daf4a"
12.6,6.3,14.6916146916147,"#4daf4a"
12,5.5,0.103950103950104,"#f781bf"
12.2,5.4,0.103950103950104,"#f781bf"
12.4,5.4,0.103950103950104,"#f781bf"
13,4.6,0.103950103950104,"#4daf4a"
12.8,4.7,0.103950103950104,"#4daf4a"
12.6,4.7,0.103950103950104,"#4daf4a"
12,5.5,0.103950103950104,"#AAAAAA"
12.2,5,0.103950103950104,"#AAAAAA"
12.4,5,0.103950103950104,"#AAAAAA"
13,1,0.103950103950104,"#4daf4a"
12.8,1.5,0.103950103950104,"#4daf4a"
12.6,1.5,0.103950103950104,"#4daf4a"
12,5.5,0.45045045045045,"#4daf4a"
12.2,5.5,0.45045045045045,"#4daf4a"
12.4,5.5,0.45045045045045,"#4daf4a"
13,5.5,0.45045045045045,"#4daf4a"
12.8,5.5,0.45045045045045,"#4daf4a"
12.6,5.5,0.45045045045045,"#4daf4a"
13,6.4,19.2654192654193,"#ffd300"
13.2,6.4,19.2654192654193,"#ffd300"
13.4,6.4,19.2654192654193,"#ffd300"
14,6.4,19.2654192654193,"#ffd300"
13.8,6.4,19.2654192654193,"#ffd300"
13.6,6.4,19.2654192654193,"#ffd300"
13,6.4,0.346500346500347,"#f781bf"
13.2,6.2,0.346500346500347,"#f781bf"
13.4,6.2,0.346500346500347,"#f781bf"
14,4.6,0.346500346500347,"#ffd300"
13.8,4.8,0.346500346500347,"#ffd300"
13.6,4.8,0.346500346500347,"#ffd300"
13,6.4,5.85585585585586,"#AAAAAA"
13.2,5.8,5.85585585585586,"#AAAAAA"
13.4,5.8,5.85585585585586,"#AAAAAA"
14,1,5.85585585585586,"#ffd300"
13.8,1.6,5.85585585585586,"#ffd300"
13.6,1.6,5.85585585585586,"#ffd300"
13,6.4,26.8191268191268,"#4daf4a"
13.2,6.3,26.8191268191268,"#4daf4a"
13.4,6.3,26.8191268191268,"#4daf4a"
14,5.5,26.8191268191268,"#ffd300"
13.8,5.6,26.8191268191268,"#ffd300"
13.6,5.6,26.8191268191268,"#ffd300"
13,4.6,1.76715176715177,"#f781bf"
13.2,4.6,1.76715176715177,"#f781bf"
13.4,4.6,1.76715176715177,"#f781bf"
14,4.6,1.76715176715177,"#f781bf"
13.8,4.6,1.76715176715177,"#f781bf"
13.6,4.6,1.76715176715177,"#f781bf"
13,4.6,0.381150381150381,"#AAAAAA"
13.2,4.2,0.381150381150381,"#AAAAAA"
13.4,4.2,0.381150381150381,"#AAAAAA"
14,1,0.381150381150381,"#f781bf"
13.8,1.4,0.381150381150381,"#f781bf"
13.6,1.4,0.381150381150381,"#f781bf"
13,4.6,0.485100485100485,"#4daf4a"
13.2,4.7,0.485100485100485,"#4daf4a"
13.4,4.7,0.485100485100485,"#4daf4a"
14,5.5,0.485100485100485,"#f781bf"
13.8,5.4,0.485100485100485,"#f781bf"
13.6,5.4,0.485100485100485,"#f781bf"
13,1,0.0693000693000693,"#ffd300"
13.2,1.6,0.0693000693000693,"#ffd300"
13.4,1.6,0.0693000693000693,"#ffd300"
14,6.4,0.0693000693000693,"#AAAAAA"
13.8,5.8,0.0693000693000693,"#AAAAAA"
13.6,5.8,0.0693000693000693,"#AAAAAA"
13,1,23.1808731808732,"#AAAAAA"
13.2,1,23.1808731808732,"#AAAAAA"
13.4,1,23.1808731808732,"#AAAAAA"
14,1,23.1808731808732,"#AAAAAA"
13.8,1,23.1808731808732,"#AAAAAA"
13.6,1,23.1808731808732,"#AAAAAA"
13,1,0.485100485100485,"#4daf4a"
13.2,1.5,0.485100485100485,"#4daf4a"
13.4,1.5,0.485100485100485,"#4daf4a"
14,5.5,0.485100485100485,"#AAAAAA"
13.8,5,0.485100485100485,"#AAAAAA"
13.6,5,0.485100485100485,"#AAAAAA"
13,5.5,18.6417186417186,"#ffd300"
13.2,5.6,18.6417186417186,"#ffd300"
13.4,5.6,18.6417186417186,"#ffd300"
14,6.4,18.6417186417186,"#4daf4a"
13.8,6.3,18.6417186417186,"#4daf4a"
13.6,6.3,18.6417186417186,"#4daf4a"
13,5.5,0.0693000693000693,"#f781bf"
13.2,5.4,0.0693000693000693,"#f781bf"
13.4,5.4,0.0693000693000693,"#f781bf"
14,4.6,0.0693000693000693,"#4daf4a"
13.8,4.7,0.0693000693000693,"#4daf4a"
13.6,4.7,0.0693000693000693,"#4daf4a"
13,5.5,0.242550242550243,"#AAAAAA"
13.2,5,0.242550242550243,"#AAAAAA"
13.4,5,0.242550242550243,"#AAAAAA"
14,1,0.242550242550243,"#4daf4a"
13.8,1.5,0.242550242550243,"#4daf4a"
13.6,1.5,0.242550242550243,"#4daf4a"
13,5.5,2.39085239085239,"#4daf4a"
13.2,5.5,2.39085239085239,"#4daf4a"
13.4,5.5,2.39085239085239,"#4daf4a"
14,5.5,2.39085239085239,"#4daf4a"
13.8,5.5,2.39085239085239,"#4daf4a"
13.6,5.5,2.39085239085239,"#4daf4a"
