"xCoords","yCoords","width","colorToUse"
1,6.4,0.0340715502555366,"#ffd300"
1.2,6.4,0.0340715502555366,"#ffd300"
1.4,6.4,0.0340715502555366,"#ffd300"
2,6.4,0.0340715502555366,"#ffd300"
1.8,6.4,0.0340715502555366,"#ffd300"
1.6,6.4,0.0340715502555366,"#ffd300"
1,6.4,0.272572402044293,"#AAAAAA"
1.2,5.8,0.272572402044293,"#AAAAAA"
1.4,5.8,0.272572402044293,"#AAAAAA"
2,1,0.272572402044293,"#ffd300"
1.8,1.6,0.272572402044293,"#ffd300"
1.6,1.6,0.272572402044293,"#ffd300"
1,6.4,20.2725724020443,"#4daf4a"
1.2,6.3,20.2725724020443,"#4daf4a"
1.4,6.3,20.2725724020443,"#4daf4a"
2,5.5,20.2725724020443,"#ffd300"
1.8,5.6,20.2725724020443,"#ffd300"
1.6,5.6,20.2725724020443,"#ffd300"
1,6.4,0.0340715502555366,"#377eb8"
1.2,6,0.0340715502555366,"#377eb8"
1.4,6,0.0340715502555366,"#377eb8"
2,2.8,0.0340715502555366,"#ffd300"
1.8,3.2,0.0340715502555366,"#ffd300"
1.6,3.2,0.0340715502555366,"#ffd300"
1,4.6,21.9080068143101,"#ffd300"
1.2,4.8,21.9080068143101,"#ffd300"
1.4,4.8,21.9080068143101,"#ffd300"
2,6.4,21.9080068143101,"#f781bf"
1.8,6.2,21.9080068143101,"#f781bf"
1.6,6.2,21.9080068143101,"#f781bf"
1,4.6,0.0340715502555366,"#f781bf"
1.2,4.6,0.0340715502555366,"#f781bf"
1.4,4.6,0.0340715502555366,"#f781bf"
2,4.6,0.0340715502555366,"#f781bf"
1.8,4.6,0.0340715502555366,"#f781bf"
1.6,4.6,0.0340715502555366,"#f781bf"
1,4.6,0.40885860306644,"#AAAAAA"
1.2,4.2,0.40885860306644,"#AAAAAA"
1.4,4.2,0.40885860306644,"#AAAAAA"
2,1,0.40885860306644,"#f781bf"
1.8,1.4,0.40885860306644,"#f781bf"
1.6,1.4,0.40885860306644,"#f781bf"
1,4.6,1.0221465076661,"#4daf4a"
1.2,4.7,1.0221465076661,"#4daf4a"
1.4,4.7,1.0221465076661,"#4daf4a"
2,5.5,1.0221465076661,"#f781bf"
1.8,5.4,1.0221465076661,"#f781bf"
1.6,5.4,1.0221465076661,"#f781bf"
1,1,1.05621805792164,"#ffd300"
1.2,1.6,1.05621805792164,"#ffd300"
1.4,1.6,1.05621805792164,"#ffd300"
2,6.4,1.05621805792164,"#AAAAAA"
1.8,5.8,1.05621805792164,"#AAAAAA"
1.6,5.8,1.05621805792164,"#AAAAAA"
1,1,14.0034071550256,"#AAAAAA"
1.2,1,14.0034071550256,"#AAAAAA"
1.4,1,14.0034071550256,"#AAAAAA"
2,1,14.0034071550256,"#AAAAAA"
1.8,1,14.0034071550256,"#AAAAAA"
1.6,1,14.0034071550256,"#AAAAAA"
1,1,0.511073253833049,"#4daf4a"
1.2,1.5,0.511073253833049,"#4daf4a"
1.4,1.5,0.511073253833049,"#4daf4a"
2,5.5,0.511073253833049,"#AAAAAA"
1.8,5,0.511073253833049,"#AAAAAA"
1.6,5,0.511073253833049,"#AAAAAA"
1,5.5,0.40885860306644,"#ffd300"
1.2,5.6,0.40885860306644,"#ffd300"
1.4,5.6,0.40885860306644,"#ffd300"
2,6.4,0.40885860306644,"#4daf4a"
1.8,6.3,0.40885860306644,"#4daf4a"
1.6,6.3,0.40885860306644,"#4daf4a"
1,5.5,0.170357751277683,"#AAAAAA"
1.2,5,0.170357751277683,"#AAAAAA"
1.4,5,0.170357751277683,"#AAAAAA"
2,1,0.170357751277683,"#4daf4a"
1.8,1.5,0.170357751277683,"#4daf4a"
1.6,1.5,0.170357751277683,"#4daf4a"
1,5.5,16.5247018739353,"#4daf4a"
1.2,5.5,16.5247018739353,"#4daf4a"
1.4,5.5,16.5247018739353,"#4daf4a"
2,5.5,16.5247018739353,"#4daf4a"
1.8,5.5,16.5247018739353,"#4daf4a"
1.6,5.5,16.5247018739353,"#4daf4a"
1,5.5,11.3117546848382,"#377eb8"
1.2,5.2,11.3117546848382,"#377eb8"
1.4,5.2,11.3117546848382,"#377eb8"
2,2.8,11.3117546848382,"#4daf4a"
1.8,3.1,11.3117546848382,"#4daf4a"
1.6,3.1,11.3117546848382,"#4daf4a"
1,3.7,0.238500851788756,"#ffd300"
1.2,4,0.238500851788756,"#ffd300"
1.4,4,0.238500851788756,"#ffd300"
2,6.4,0.238500851788756,"#a65628"
1.8,6.1,0.238500851788756,"#a65628"
1.6,6.1,0.238500851788756,"#a65628"
1,3.7,0.10221465076661,"#AAAAAA"
1.2,3.4,0.10221465076661,"#AAAAAA"
1.4,3.4,0.10221465076661,"#AAAAAA"
2,1,0.10221465076661,"#a65628"
1.8,1.3,0.10221465076661,"#a65628"
1.6,1.3,0.10221465076661,"#a65628"
1,3.7,11.5502555366269,"#4daf4a"
1.2,3.9,11.5502555366269,"#4daf4a"
1.4,3.9,11.5502555366269,"#4daf4a"
2,5.5,11.5502555366269,"#a65628"
1.8,5.3,11.5502555366269,"#a65628"
1.6,5.3,11.5502555366269,"#a65628"
1,2.8,0.0681431005110733,"#AAAAAA"
1.2,2.6,0.0681431005110733,"#AAAAAA"
1.4,2.6,0.0681431005110733,"#AAAAAA"
2,1,0.0681431005110733,"#377eb8"
1.8,1.2,0.0681431005110733,"#377eb8"
1.6,1.2,0.0681431005110733,"#377eb8"
1,2.8,0.0681431005110733,"#4daf4a"
1.2,3.1,0.0681431005110733,"#4daf4a"
1.4,3.1,0.0681431005110733,"#4daf4a"
2,5.5,0.0681431005110733,"#377eb8"
1.8,5.2,0.0681431005110733,"#377eb8"
1.6,5.2,0.0681431005110733,"#377eb8"
2,6.4,1.19250425894378,"#ffd300"
2.2,6.4,1.19250425894378,"#ffd300"
2.4,6.4,1.19250425894378,"#ffd300"
3,6.4,1.19250425894378,"#ffd300"
2.8,6.4,1.19250425894378,"#ffd300"
2.6,6.4,1.19250425894378,"#ffd300"
2,6.4,0.340715502555366,"#AAAAAA"
2.2,5.8,0.340715502555366,"#AAAAAA"
2.4,5.8,0.340715502555366,"#AAAAAA"
3,1,0.340715502555366,"#ffd300"
2.8,1.6,0.340715502555366,"#ffd300"
2.6,1.6,0.340715502555366,"#ffd300"
2,6.4,22.1124361158433,"#4daf4a"
2.2,6.3,22.1124361158433,"#4daf4a"
2.4,6.3,22.1124361158433,"#4daf4a"
3,5.5,22.1124361158433,"#ffd300"
2.8,5.6,22.1124361158433,"#ffd300"
2.6,5.6,22.1124361158433,"#ffd300"
2,1,0.10221465076661,"#ffd300"
2.2,1.6,0.10221465076661,"#ffd300"
2.4,1.6,0.10221465076661,"#ffd300"
3,6.4,0.10221465076661,"#AAAAAA"
2.8,5.8,0.10221465076661,"#AAAAAA"
2.6,5.8,0.10221465076661,"#AAAAAA"
2,1,0.170357751277683,"#f781bf"
2.2,1.4,0.170357751277683,"#f781bf"
2.4,1.4,0.170357751277683,"#f781bf"
3,4.6,0.170357751277683,"#AAAAAA"
2.8,4.2,0.170357751277683,"#AAAAAA"
2.6,4.2,0.170357751277683,"#AAAAAA"
2,1,14.0715502555366,"#AAAAAA"
2.2,1,14.0715502555366,"#AAAAAA"
2.4,1,14.0715502555366,"#AAAAAA"
3,1,14.0715502555366,"#AAAAAA"
2.8,1,14.0715502555366,"#AAAAAA"
2.6,1,14.0715502555366,"#AAAAAA"
2,1,0.715502555366269,"#4daf4a"
2.2,1.5,0.715502555366269,"#4daf4a"
2.4,1.5,0.715502555366269,"#4daf4a"
3,5.5,0.715502555366269,"#AAAAAA"
2.8,5,0.715502555366269,"#AAAAAA"
2.6,5,0.715502555366269,"#AAAAAA"
2,5.5,36.1158432708688,"#ffd300"
2.2,5.6,36.1158432708688,"#ffd300"
2.4,5.6,36.1158432708688,"#ffd300"
3,6.4,36.1158432708688,"#4daf4a"
2.8,6.3,36.1158432708688,"#4daf4a"
2.6,6.3,36.1158432708688,"#4daf4a"
2,5.5,0.0340715502555366,"#e41a1c"
2.2,5.1,0.0340715502555366,"#e41a1c"
2.4,5.1,0.0340715502555366,"#e41a1c"
3,1.9,0.0340715502555366,"#4daf4a"
2.8,2.3,0.0340715502555366,"#4daf4a"
2.6,2.3,0.0340715502555366,"#4daf4a"
2,5.5,0.0340715502555366,"#f781bf"
2.2,5.4,0.0340715502555366,"#f781bf"
2.4,5.4,0.0340715502555366,"#f781bf"
3,4.6,0.0340715502555366,"#4daf4a"
2.8,4.7,0.0340715502555366,"#4daf4a"
2.6,4.7,0.0340715502555366,"#4daf4a"
2,5.5,0.681431005110733,"#AAAAAA"
2.2,5,0.681431005110733,"#AAAAAA"
2.4,5,0.681431005110733,"#AAAAAA"
3,1,0.681431005110733,"#4daf4a"
2.8,1.5,0.681431005110733,"#4daf4a"
2.6,1.5,0.681431005110733,"#4daf4a"
2,5.5,13.015332197615,"#4daf4a"
2.2,5.5,13.015332197615,"#4daf4a"
2.4,5.5,13.015332197615,"#4daf4a"
3,5.5,13.015332197615,"#4daf4a"
2.8,5.5,13.015332197615,"#4daf4a"
2.6,5.5,13.015332197615,"#4daf4a"
2,5.5,0.0340715502555366,"#a65628"
2.2,5.3,0.0340715502555366,"#a65628"
2.4,5.3,0.0340715502555366,"#a65628"
3,3.7,0.0340715502555366,"#4daf4a"
2.8,3.9,0.0340715502555366,"#4daf4a"
2.6,3.9,0.0340715502555366,"#4daf4a"
2,5.5,0.0340715502555366,"#377eb8"
2.2,5.2,0.0340715502555366,"#377eb8"
2.4,5.2,0.0340715502555366,"#377eb8"
3,2.8,0.0340715502555366,"#4daf4a"
2.8,3.1,0.0340715502555366,"#4daf4a"
2.6,3.1,0.0340715502555366,"#4daf4a"
2,2.8,11.2436115843271,"#ffd300"
2.2,3.2,11.2436115843271,"#ffd300"
2.4,3.2,11.2436115843271,"#ffd300"
3,6.4,11.2436115843271,"#377eb8"
2.8,6,11.2436115843271,"#377eb8"
2.6,6,11.2436115843271,"#377eb8"
2,2.8,0.10221465076661,"#4daf4a"
2.2,3.1,0.10221465076661,"#4daf4a"
2.4,3.1,0.10221465076661,"#4daf4a"
3,5.5,0.10221465076661,"#377eb8"
2.8,5.2,0.10221465076661,"#377eb8"
2.6,5.2,0.10221465076661,"#377eb8"
3,6.4,0.954003407155026,"#ffd300"
3.2,6.4,0.954003407155026,"#ffd300"
3.4,6.4,0.954003407155026,"#ffd300"
4,6.4,0.954003407155026,"#ffd300"
3.8,6.4,0.954003407155026,"#ffd300"
3.6,6.4,0.954003407155026,"#ffd300"
3,6.4,0.30664395229983,"#AAAAAA"
3.2,5.8,0.30664395229983,"#AAAAAA"
3.4,5.8,0.30664395229983,"#AAAAAA"
4,1,0.30664395229983,"#ffd300"
3.8,1.6,0.30664395229983,"#ffd300"
3.6,1.6,0.30664395229983,"#ffd300"
3,6.4,47.3594548551959,"#4daf4a"
3.2,6.3,47.3594548551959,"#4daf4a"
3.4,6.3,47.3594548551959,"#4daf4a"
4,5.5,47.3594548551959,"#ffd300"
3.8,5.6,47.3594548551959,"#ffd300"
3.6,5.6,47.3594548551959,"#ffd300"
3,6.4,0.0340715502555366,"#377eb8"
3.2,6,0.0340715502555366,"#377eb8"
3.4,6,0.0340715502555366,"#377eb8"
4,2.8,0.0340715502555366,"#ffd300"
3.8,3.2,0.0340715502555366,"#ffd300"
3.6,3.2,0.0340715502555366,"#ffd300"
3,1.9,0.0340715502555366,"#ffd300"
3.2,2.4,0.0340715502555366,"#ffd300"
3.4,2.4,0.0340715502555366,"#ffd300"
4,6.4,0.0340715502555366,"#e41a1c"
3.8,5.9,0.0340715502555366,"#e41a1c"
3.6,5.9,0.0340715502555366,"#e41a1c"
3,4.6,0.0340715502555366,"#f781bf"
3.2,4.6,0.0340715502555366,"#f781bf"
3.4,4.6,0.0340715502555366,"#f781bf"
4,4.6,0.0340715502555366,"#f781bf"
3.8,4.6,0.0340715502555366,"#f781bf"
3.6,4.6,0.0340715502555366,"#f781bf"
3,4.6,0.0681431005110733,"#AAAAAA"
3.2,4.2,0.0681431005110733,"#AAAAAA"
3.4,4.2,0.0681431005110733,"#AAAAAA"
4,1,0.0681431005110733,"#f781bf"
3.8,1.4,0.0681431005110733,"#f781bf"
3.6,1.4,0.0681431005110733,"#f781bf"
3,4.6,0.10221465076661,"#4daf4a"
3.2,4.7,0.10221465076661,"#4daf4a"
3.4,4.7,0.10221465076661,"#4daf4a"
4,5.5,0.10221465076661,"#f781bf"
3.8,5.4,0.10221465076661,"#f781bf"
3.6,5.4,0.10221465076661,"#f781bf"
3,1,0.40885860306644,"#ffd300"
3.2,1.6,0.40885860306644,"#ffd300"
3.4,1.6,0.40885860306644,"#ffd300"
4,6.4,0.40885860306644,"#AAAAAA"
3.8,5.8,0.40885860306644,"#AAAAAA"
3.6,5.8,0.40885860306644,"#AAAAAA"
3,1,0.0681431005110733,"#f781bf"
3.2,1.4,0.0681431005110733,"#f781bf"
3.4,1.4,0.0681431005110733,"#f781bf"
4,4.6,0.0681431005110733,"#AAAAAA"
3.8,4.2,0.0681431005110733,"#AAAAAA"
3.6,4.2,0.0681431005110733,"#AAAAAA"
3,1,13.9011925042589,"#AAAAAA"
3.2,1,13.9011925042589,"#AAAAAA"
3.4,1,13.9011925042589,"#AAAAAA"
4,1,13.9011925042589,"#AAAAAA"
3.8,1,13.9011925042589,"#AAAAAA"
3.6,1,13.9011925042589,"#AAAAAA"
3,1,0.715502555366269,"#4daf4a"
3.2,1.5,0.715502555366269,"#4daf4a"
3.4,1.5,0.715502555366269,"#4daf4a"
4,5.5,0.715502555366269,"#AAAAAA"
3.8,5,0.715502555366269,"#AAAAAA"
3.6,5,0.715502555366269,"#AAAAAA"
3,5.5,11.2436115843271,"#ffd300"
3.2,5.6,11.2436115843271,"#ffd300"
3.4,5.6,11.2436115843271,"#ffd300"
4,6.4,11.2436115843271,"#4daf4a"
3.8,6.3,11.2436115843271,"#4daf4a"
3.6,6.3,11.2436115843271,"#4daf4a"
3,5.5,0.0681431005110733,"#f781bf"
3.2,5.4,0.0681431005110733,"#f781bf"
3.4,5.4,0.0681431005110733,"#f781bf"
4,4.6,0.0681431005110733,"#4daf4a"
3.8,4.7,0.0681431005110733,"#4daf4a"
3.6,4.7,0.0681431005110733,"#4daf4a"
3,5.5,0.545144804088586,"#AAAAAA"
3.2,5,0.545144804088586,"#AAAAAA"
3.4,5,0.545144804088586,"#AAAAAA"
4,1,0.545144804088586,"#4daf4a"
3.8,1.5,0.545144804088586,"#4daf4a"
3.6,1.5,0.545144804088586,"#4daf4a"
3,5.5,24.0885860306644,"#4daf4a"
3.2,5.5,24.0885860306644,"#4daf4a"
3.4,5.5,24.0885860306644,"#4daf4a"
4,5.5,24.0885860306644,"#4daf4a"
3.8,5.5,24.0885860306644,"#4daf4a"
3.6,5.5,24.0885860306644,"#4daf4a"
3,3.7,0.0340715502555366,"#4daf4a"
3.2,3.9,0.0340715502555366,"#4daf4a"
3.4,3.9,0.0340715502555366,"#4daf4a"
4,5.5,0.0340715502555366,"#a65628"
3.8,5.3,0.0340715502555366,"#a65628"
3.6,5.3,0.0340715502555366,"#a65628"
3,2.8,0.0340715502555366,"#4daf4a"
3.2,3.1,0.0340715502555366,"#4daf4a"
3.4,3.1,0.0340715502555366,"#4daf4a"
4,5.5,0.0340715502555366,"#377eb8"
3.8,5.2,0.0340715502555366,"#377eb8"
3.6,5.2,0.0340715502555366,"#377eb8"
4,6.4,1.22657580919932,"#ffd300"
4.2,6.4,1.22657580919932,"#ffd300"
4.4,6.4,1.22657580919932,"#ffd300"
5,6.4,1.22657580919932,"#ffd300"
4.8,6.4,1.22657580919932,"#ffd300"
4.6,6.4,1.22657580919932,"#ffd300"
4,6.4,0.272572402044293,"#AAAAAA"
4.2,5.8,0.272572402044293,"#AAAAAA"
4.4,5.8,0.272572402044293,"#AAAAAA"
5,1,0.272572402044293,"#ffd300"
4.8,1.6,0.272572402044293,"#ffd300"
4.6,1.6,0.272572402044293,"#ffd300"
4,6.4,10.6984667802385,"#4daf4a"
4.2,6.3,10.6984667802385,"#4daf4a"
4.4,6.3,10.6984667802385,"#4daf4a"
5,5.5,10.6984667802385,"#ffd300"
4.8,5.6,10.6984667802385,"#ffd300"
4.6,5.6,10.6984667802385,"#ffd300"
4,6.4,0.442930153321976,"#a65628"
4.2,6.1,0.442930153321976,"#a65628"
4.4,6.1,0.442930153321976,"#a65628"
5,3.7,0.442930153321976,"#ffd300"
4.8,4,0.442930153321976,"#ffd300"
4.6,4,0.442930153321976,"#ffd300"
4,4.6,0.0340715502555366,"#ffd300"
4.2,4.8,0.0340715502555366,"#ffd300"
4.4,4.8,0.0340715502555366,"#ffd300"
5,6.4,0.0340715502555366,"#f781bf"
4.8,6.2,0.0340715502555366,"#f781bf"
4.6,6.2,0.0340715502555366,"#f781bf"
4,4.6,0.136286201022147,"#AAAAAA"
4.2,4.2,0.136286201022147,"#AAAAAA"
4.4,4.2,0.136286201022147,"#AAAAAA"
5,1,0.136286201022147,"#f781bf"
4.8,1.4,0.136286201022147,"#f781bf"
4.6,1.4,0.136286201022147,"#f781bf"
4,1,0.272572402044293,"#ffd300"
4.2,1.6,0.272572402044293,"#ffd300"
4.4,1.6,0.272572402044293,"#ffd300"
5,6.4,0.272572402044293,"#AAAAAA"
4.8,5.8,0.272572402044293,"#AAAAAA"
4.6,5.8,0.272572402044293,"#AAAAAA"
4,1,0.0340715502555366,"#f781bf"
4.2,1.4,0.0340715502555366,"#f781bf"
4.4,1.4,0.0340715502555366,"#f781bf"
5,4.6,0.0340715502555366,"#AAAAAA"
4.8,4.2,0.0340715502555366,"#AAAAAA"
4.6,4.2,0.0340715502555366,"#AAAAAA"
4,1,14.4804088586031,"#AAAAAA"
4.2,1,14.4804088586031,"#AAAAAA"
4.4,1,14.4804088586031,"#AAAAAA"
5,1,14.4804088586031,"#AAAAAA"
4.8,1,14.4804088586031,"#AAAAAA"
4.6,1,14.4804088586031,"#AAAAAA"
4,1,0.0340715502555366,"#4daf4a"
4.2,1.5,0.0340715502555366,"#4daf4a"
4.4,1.5,0.0340715502555366,"#4daf4a"
5,5.5,0.0340715502555366,"#AAAAAA"
4.8,5,0.0340715502555366,"#AAAAAA"
4.6,5,0.0340715502555366,"#AAAAAA"
4,5.5,43.0664395229983,"#ffd300"
4.2,5.6,43.0664395229983,"#ffd300"
4.4,5.6,43.0664395229983,"#ffd300"
5,6.4,43.0664395229983,"#4daf4a"
4.8,6.3,43.0664395229983,"#4daf4a"
4.6,6.3,43.0664395229983,"#4daf4a"
4,5.5,0.40885860306644,"#f781bf"
4.2,5.4,0.40885860306644,"#f781bf"
4.4,5.4,0.40885860306644,"#f781bf"
5,4.6,0.40885860306644,"#4daf4a"
4.8,4.7,0.40885860306644,"#4daf4a"
4.6,4.7,0.40885860306644,"#4daf4a"
4,5.5,0.613287904599659,"#AAAAAA"
4.2,5,0.613287904599659,"#AAAAAA"
4.4,5,0.613287904599659,"#AAAAAA"
5,1,0.613287904599659,"#4daf4a"
4.8,1.5,0.613287904599659,"#4daf4a"
4.6,1.5,0.613287904599659,"#4daf4a"
4,5.5,0.749574105621806,"#4daf4a"
4.2,5.5,0.749574105621806,"#4daf4a"
4.4,5.5,0.749574105621806,"#4daf4a"
5,5.5,0.749574105621806,"#4daf4a"
4.8,5.5,0.749574105621806,"#4daf4a"
4.6,5.5,0.749574105621806,"#4daf4a"
4,5.5,27.4957410562181,"#a65628"
4.2,5.3,27.4957410562181,"#a65628"
4.4,5.3,27.4957410562181,"#a65628"
5,3.7,27.4957410562181,"#4daf4a"
4.8,3.9,27.4957410562181,"#4daf4a"
4.6,3.9,27.4957410562181,"#4daf4a"
4,2.8,0.0340715502555366,"#ffd300"
4.2,3.2,0.0340715502555366,"#ffd300"
4.4,3.2,0.0340715502555366,"#ffd300"
5,6.4,0.0340715502555366,"#377eb8"
4.8,6,0.0340715502555366,"#377eb8"
4.6,6,0.0340715502555366,"#377eb8"
5,6.4,0.477001703577513,"#ffd300"
5.2,6.4,0.477001703577513,"#ffd300"
5.4,6.4,0.477001703577513,"#ffd300"
6,6.4,0.477001703577513,"#ffd300"
5.8,6.4,0.477001703577513,"#ffd300"
5.6,6.4,0.477001703577513,"#ffd300"
5,6.4,0.0340715502555366,"#f781bf"
5.2,6.2,0.0340715502555366,"#f781bf"
5.4,6.2,0.0340715502555366,"#f781bf"
6,4.6,0.0340715502555366,"#ffd300"
5.8,4.8,0.0340715502555366,"#ffd300"
5.6,4.8,0.0340715502555366,"#ffd300"
5,6.4,0.136286201022147,"#AAAAAA"
5.2,5.8,0.136286201022147,"#AAAAAA"
5.4,5.8,0.136286201022147,"#AAAAAA"
6,1,0.136286201022147,"#ffd300"
5.8,1.6,0.136286201022147,"#ffd300"
5.6,1.6,0.136286201022147,"#ffd300"
5,6.4,43.9863713798978,"#4daf4a"
5.2,6.3,43.9863713798978,"#4daf4a"
5.4,6.3,43.9863713798978,"#4daf4a"
6,5.5,43.9863713798978,"#ffd300"
5.8,5.6,43.9863713798978,"#ffd300"
5.6,5.6,43.9863713798978,"#ffd300"
5,4.6,0.10221465076661,"#ffd300"
5.2,4.8,0.10221465076661,"#ffd300"
5.4,4.8,0.10221465076661,"#ffd300"
6,6.4,0.10221465076661,"#f781bf"
5.8,6.2,0.10221465076661,"#f781bf"
5.6,6.2,0.10221465076661,"#f781bf"
5,4.6,0.0681431005110733,"#AAAAAA"
5.2,4.2,0.0681431005110733,"#AAAAAA"
5.4,4.2,0.0681431005110733,"#AAAAAA"
6,1,0.0681431005110733,"#f781bf"
5.8,1.4,0.0681431005110733,"#f781bf"
5.6,1.4,0.0681431005110733,"#f781bf"
5,4.6,0.272572402044293,"#4daf4a"
5.2,4.7,0.272572402044293,"#4daf4a"
5.4,4.7,0.272572402044293,"#4daf4a"
6,5.5,0.272572402044293,"#f781bf"
5.8,5.4,0.272572402044293,"#f781bf"
5.6,5.4,0.272572402044293,"#f781bf"
5,1,0.20442930153322,"#ffd300"
5.2,1.6,0.20442930153322,"#ffd300"
5.4,1.6,0.20442930153322,"#ffd300"
6,6.4,0.20442930153322,"#AAAAAA"
5.8,5.8,0.20442930153322,"#AAAAAA"
5.6,5.8,0.20442930153322,"#AAAAAA"
5,1,0.0340715502555366,"#f781bf"
5.2,1.4,0.0340715502555366,"#f781bf"
5.4,1.4,0.0340715502555366,"#f781bf"
6,4.6,0.0340715502555366,"#AAAAAA"
5.8,4.2,0.0340715502555366,"#AAAAAA"
5.6,4.2,0.0340715502555366,"#AAAAAA"
5,1,14.2759795570698,"#AAAAAA"
5.2,1,14.2759795570698,"#AAAAAA"
5.4,1,14.2759795570698,"#AAAAAA"
6,1,14.2759795570698,"#AAAAAA"
5.8,1,14.2759795570698,"#AAAAAA"
5.6,1,14.2759795570698,"#AAAAAA"
5,1,0.954003407155026,"#4daf4a"
5.2,1.5,0.954003407155026,"#4daf4a"
5.4,1.5,0.954003407155026,"#4daf4a"
6,5.5,0.954003407155026,"#AAAAAA"
5.8,5,0.954003407155026,"#AAAAAA"
5.6,5,0.954003407155026,"#AAAAAA"
5,1,0.0340715502555366,"#377eb8"
5.2,1.2,0.0340715502555366,"#377eb8"
5.4,1.2,0.0340715502555366,"#377eb8"
6,2.8,0.0340715502555366,"#AAAAAA"
5.8,2.6,0.0340715502555366,"#AAAAAA"
5.6,2.6,0.0340715502555366,"#AAAAAA"
5,5.5,10.6303236797274,"#ffd300"
5.2,5.6,10.6303236797274,"#ffd300"
5.4,5.6,10.6303236797274,"#ffd300"
6,6.4,10.6303236797274,"#4daf4a"
5.8,6.3,10.6303236797274,"#4daf4a"
5.6,6.3,10.6303236797274,"#4daf4a"
5,5.5,0.0340715502555366,"#AAAAAA"
5.2,5,0.0340715502555366,"#AAAAAA"
5.4,5,0.0340715502555366,"#AAAAAA"
6,1,0.0340715502555366,"#4daf4a"
5.8,1.5,0.0340715502555366,"#4daf4a"
5.6,1.5,0.0340715502555366,"#4daf4a"
5,5.5,0.817717206132879,"#4daf4a"
5.2,5.5,0.817717206132879,"#4daf4a"
5.4,5.5,0.817717206132879,"#4daf4a"
6,5.5,0.817717206132879,"#4daf4a"
5.8,5.5,0.817717206132879,"#4daf4a"
5.6,5.5,0.817717206132879,"#4daf4a"
5,3.7,0.442930153321976,"#ffd300"
5.2,4,0.442930153321976,"#ffd300"
5.4,4,0.442930153321976,"#ffd300"
6,6.4,0.442930153321976,"#a65628"
5.8,6.1,0.442930153321976,"#a65628"
5.6,6.1,0.442930153321976,"#a65628"
5,3.7,27.4957410562181,"#4daf4a"
5.2,3.9,27.4957410562181,"#4daf4a"
5.4,3.9,27.4957410562181,"#4daf4a"
6,5.5,27.4957410562181,"#a65628"
5.8,5.3,27.4957410562181,"#a65628"
5.6,5.3,27.4957410562181,"#a65628"
6,6.4,0.0340715502555366,"#ffd300"
6.2,6.4,0.0340715502555366,"#ffd300"
6.4,6.4,0.0340715502555366,"#ffd300"
7,6.4,0.0340715502555366,"#ffd300"
6.8,6.4,0.0340715502555366,"#ffd300"
6.6,6.4,0.0340715502555366,"#ffd300"
6,6.4,0.0340715502555366,"#f781bf"
6.2,6.2,0.0340715502555366,"#f781bf"
6.4,6.2,0.0340715502555366,"#f781bf"
7,4.6,0.0340715502555366,"#ffd300"
6.8,4.8,0.0340715502555366,"#ffd300"
6.6,4.8,0.0340715502555366,"#ffd300"
6,6.4,0.374787052810903,"#AAAAAA"
6.2,5.8,0.374787052810903,"#AAAAAA"
6.4,5.8,0.374787052810903,"#AAAAAA"
7,1,0.374787052810903,"#ffd300"
6.8,1.6,0.374787052810903,"#ffd300"
6.6,1.6,0.374787052810903,"#ffd300"
6,6.4,11.4139693356048,"#4daf4a"
6.2,6.3,11.4139693356048,"#4daf4a"
6.4,6.3,11.4139693356048,"#4daf4a"
7,5.5,11.4139693356048,"#ffd300"
6.8,5.6,11.4139693356048,"#ffd300"
6.6,5.6,11.4139693356048,"#ffd300"
6,4.6,0.0340715502555366,"#f781bf"
6.2,4.6,0.0340715502555366,"#f781bf"
6.4,4.6,0.0340715502555366,"#f781bf"
7,4.6,0.0340715502555366,"#f781bf"
6.8,4.6,0.0340715502555366,"#f781bf"
6.6,4.6,0.0340715502555366,"#f781bf"
6,4.6,0.0340715502555366,"#AAAAAA"
6.2,4.2,0.0340715502555366,"#AAAAAA"
6.4,4.2,0.0340715502555366,"#AAAAAA"
7,1,0.0340715502555366,"#f781bf"
6.8,1.4,0.0340715502555366,"#f781bf"
6.6,1.4,0.0340715502555366,"#f781bf"
6,1,0.170357751277683,"#ffd300"
6.2,1.6,0.170357751277683,"#ffd300"
6.4,1.6,0.170357751277683,"#ffd300"
7,6.4,0.170357751277683,"#AAAAAA"
6.8,5.8,0.170357751277683,"#AAAAAA"
6.6,5.8,0.170357751277683,"#AAAAAA"
6,1,0.170357751277683,"#f781bf"
6.2,1.4,0.170357751277683,"#f781bf"
6.4,1.4,0.170357751277683,"#f781bf"
7,4.6,0.170357751277683,"#AAAAAA"
6.8,4.2,0.170357751277683,"#AAAAAA"
6.6,4.2,0.170357751277683,"#AAAAAA"
6,1,14.1396933560477,"#AAAAAA"
6.2,1,14.1396933560477,"#AAAAAA"
6.4,1,14.1396933560477,"#AAAAAA"
7,1,14.1396933560477,"#AAAAAA"
6.8,1,14.1396933560477,"#AAAAAA"
6.6,1,14.1396933560477,"#AAAAAA"
6,1,0.0340715502555366,"#4daf4a"
6.2,1.5,0.0340715502555366,"#4daf4a"
6.4,1.5,0.0340715502555366,"#4daf4a"
7,5.5,0.0340715502555366,"#AAAAAA"
6.8,5,0.0340715502555366,"#AAAAAA"
6.6,5,0.0340715502555366,"#AAAAAA"
6,5.5,21.2606473594549,"#ffd300"
6.2,5.6,21.2606473594549,"#ffd300"
6.4,5.6,21.2606473594549,"#ffd300"
7,6.4,21.2606473594549,"#4daf4a"
6.8,6.3,21.2606473594549,"#4daf4a"
6.6,6.3,21.2606473594549,"#4daf4a"
6,5.5,0.647359454855196,"#AAAAAA"
6.2,5,0.647359454855196,"#AAAAAA"
6.4,5,0.647359454855196,"#AAAAAA"
7,1,0.647359454855196,"#4daf4a"
6.8,1.5,0.647359454855196,"#4daf4a"
6.6,1.5,0.647359454855196,"#4daf4a"
6,5.5,51.618398637138,"#4daf4a"
6.2,5.5,51.618398637138,"#4daf4a"
6.4,5.5,51.618398637138,"#4daf4a"
7,5.5,51.618398637138,"#4daf4a"
6.8,5.5,51.618398637138,"#4daf4a"
6.6,5.5,51.618398637138,"#4daf4a"
6,2.8,0.0340715502555366,"#AAAAAA"
6.2,2.6,0.0340715502555366,"#AAAAAA"
6.4,2.6,0.0340715502555366,"#AAAAAA"
7,1,0.0340715502555366,"#377eb8"
6.8,1.2,0.0340715502555366,"#377eb8"
6.6,1.2,0.0340715502555366,"#377eb8"
7,6.4,0.30664395229983,"#ffd300"
7.2,6.4,0.30664395229983,"#ffd300"
7.4,6.4,0.30664395229983,"#ffd300"
8,6.4,0.30664395229983,"#ffd300"
7.8,6.4,0.30664395229983,"#ffd300"
7.6,6.4,0.30664395229983,"#ffd300"
7,6.4,0.0340715502555366,"#AAAAAA"
7.2,5.8,0.0340715502555366,"#AAAAAA"
7.4,5.8,0.0340715502555366,"#AAAAAA"
8,1,0.0340715502555366,"#ffd300"
7.8,1.6,0.0340715502555366,"#ffd300"
7.6,1.6,0.0340715502555366,"#ffd300"
7,6.4,21.0902896081772,"#4daf4a"
7.2,6.3,21.0902896081772,"#4daf4a"
7.4,6.3,21.0902896081772,"#4daf4a"
8,5.5,21.0902896081772,"#ffd300"
7.8,5.6,21.0902896081772,"#ffd300"
7.6,5.6,21.0902896081772,"#ffd300"
7,6.4,0.0340715502555366,"#377eb8"
7.2,6,0.0340715502555366,"#377eb8"
7.4,6,0.0340715502555366,"#377eb8"
8,2.8,0.0340715502555366,"#ffd300"
7.8,3.2,0.0340715502555366,"#ffd300"
7.6,3.2,0.0340715502555366,"#ffd300"
7,4.6,0.10221465076661,"#f781bf"
7.2,4.6,0.10221465076661,"#f781bf"
7.4,4.6,0.10221465076661,"#f781bf"
8,4.6,0.10221465076661,"#f781bf"
7.8,4.6,0.10221465076661,"#f781bf"
7.6,4.6,0.10221465076661,"#f781bf"
7,4.6,0.10221465076661,"#AAAAAA"
7.2,4.2,0.10221465076661,"#AAAAAA"
7.4,4.2,0.10221465076661,"#AAAAAA"
8,1,0.10221465076661,"#f781bf"
7.8,1.4,0.10221465076661,"#f781bf"
7.6,1.4,0.10221465076661,"#f781bf"
7,4.6,0.0340715502555366,"#4daf4a"
7.2,4.7,0.0340715502555366,"#4daf4a"
7.4,4.7,0.0340715502555366,"#4daf4a"
8,5.5,0.0340715502555366,"#f781bf"
7.8,5.4,0.0340715502555366,"#f781bf"
7.6,5.4,0.0340715502555366,"#f781bf"
7,1,0.272572402044293,"#ffd300"
7.2,1.6,0.272572402044293,"#ffd300"
7.4,1.6,0.272572402044293,"#ffd300"
8,6.4,0.272572402044293,"#AAAAAA"
7.8,5.8,0.272572402044293,"#AAAAAA"
7.6,5.8,0.272572402044293,"#AAAAAA"
7,1,0.0681431005110733,"#f781bf"
7.2,1.4,0.0681431005110733,"#f781bf"
7.4,1.4,0.0681431005110733,"#f781bf"
8,4.6,0.0681431005110733,"#AAAAAA"
7.8,4.2,0.0681431005110733,"#AAAAAA"
7.6,4.2,0.0681431005110733,"#AAAAAA"
7,1,14.5144804088586,"#AAAAAA"
7.2,1,14.5144804088586,"#AAAAAA"
7.4,1,14.5144804088586,"#AAAAAA"
8,1,14.5144804088586,"#AAAAAA"
7.8,1,14.5144804088586,"#AAAAAA"
7.6,1,14.5144804088586,"#AAAAAA"
7,1,0.374787052810903,"#4daf4a"
7.2,1.5,0.374787052810903,"#4daf4a"
7.4,1.5,0.374787052810903,"#4daf4a"
8,5.5,0.374787052810903,"#AAAAAA"
7.8,5,0.374787052810903,"#AAAAAA"
7.6,5,0.374787052810903,"#AAAAAA"
7,5.5,27.4957410562181,"#ffd300"
7.2,5.6,27.4957410562181,"#ffd300"
7.4,5.6,27.4957410562181,"#ffd300"
8,6.4,27.4957410562181,"#4daf4a"
7.8,6.3,27.4957410562181,"#4daf4a"
7.6,6.3,27.4957410562181,"#4daf4a"
7,5.5,0.20442930153322,"#e41a1c"
7.2,5.1,0.20442930153322,"#e41a1c"
7.4,5.1,0.20442930153322,"#e41a1c"
8,1.9,0.20442930153322,"#4daf4a"
7.8,2.3,0.20442930153322,"#4daf4a"
7.6,2.3,0.20442930153322,"#4daf4a"
7,5.5,0.0681431005110733,"#f781bf"
7.2,5.4,0.0681431005110733,"#f781bf"
7.4,5.4,0.0681431005110733,"#f781bf"
8,4.6,0.0681431005110733,"#4daf4a"
7.8,4.7,0.0681431005110733,"#4daf4a"
7.6,4.7,0.0681431005110733,"#4daf4a"
7,5.5,30.4940374787053,"#AAAAAA"
7.2,5,30.4940374787053,"#AAAAAA"
7.4,5,30.4940374787053,"#AAAAAA"
8,1,30.4940374787053,"#4daf4a"
7.8,1.5,30.4940374787053,"#4daf4a"
7.6,1.5,30.4940374787053,"#4daf4a"
7,5.5,4.73594548551959,"#4daf4a"
7.2,5.5,4.73594548551959,"#4daf4a"
7.4,5.5,4.73594548551959,"#4daf4a"
8,5.5,4.73594548551959,"#4daf4a"
7.8,5.5,4.73594548551959,"#4daf4a"
7.6,5.5,4.73594548551959,"#4daf4a"
7,5.5,0.0681431005110733,"#377eb8"
7.2,5.2,0.0681431005110733,"#377eb8"
7.4,5.2,0.0681431005110733,"#377eb8"
8,2.8,0.0681431005110733,"#4daf4a"
7.8,3.1,0.0681431005110733,"#4daf4a"
7.6,3.1,0.0681431005110733,"#4daf4a"
8,6.4,26.2350936967632,"#ffd300"
8.2,6.4,26.2350936967632,"#ffd300"
8.4,6.4,26.2350936967632,"#ffd300"
9,6.4,26.2350936967632,"#ffd300"
8.8,6.4,26.2350936967632,"#ffd300"
8.6,6.4,26.2350936967632,"#ffd300"
8,6.4,0.0681431005110733,"#AAAAAA"
8.2,5.8,0.0681431005110733,"#AAAAAA"
8.4,5.8,0.0681431005110733,"#AAAAAA"
9,1,0.0681431005110733,"#ffd300"
8.8,1.6,0.0681431005110733,"#ffd300"
8.6,1.6,0.0681431005110733,"#ffd300"
8,6.4,1.32879045996593,"#4daf4a"
8.2,6.3,1.32879045996593,"#4daf4a"
8.4,6.3,1.32879045996593,"#4daf4a"
9,5.5,1.32879045996593,"#ffd300"
8.8,5.6,1.32879045996593,"#ffd300"
8.6,5.6,1.32879045996593,"#ffd300"
8,6.4,0.40885860306644,"#a65628"
8.2,6.1,0.40885860306644,"#a65628"
8.4,6.1,0.40885860306644,"#a65628"
9,3.7,0.40885860306644,"#ffd300"
8.8,4,0.40885860306644,"#ffd300"
8.6,4,0.40885860306644,"#ffd300"
8,6.4,0.0340715502555366,"#377eb8"
8.2,6,0.0340715502555366,"#377eb8"
8.4,6,0.0340715502555366,"#377eb8"
9,2.8,0.0340715502555366,"#ffd300"
8.8,3.2,0.0340715502555366,"#ffd300"
8.6,3.2,0.0340715502555366,"#ffd300"
8,1.9,0.136286201022147,"#ffd300"
8.2,2.4,0.136286201022147,"#ffd300"
8.4,2.4,0.136286201022147,"#ffd300"
9,6.4,0.136286201022147,"#e41a1c"
8.8,5.9,0.136286201022147,"#e41a1c"
8.6,5.9,0.136286201022147,"#e41a1c"
8,1.9,0.0681431005110733,"#a65628"
8.2,2.1,0.0681431005110733,"#a65628"
8.4,2.1,0.0681431005110733,"#a65628"
9,3.7,0.0681431005110733,"#e41a1c"
8.8,3.5,0.0681431005110733,"#e41a1c"
8.6,3.5,0.0681431005110733,"#e41a1c"
8,4.6,0.0340715502555366,"#ffd300"
8.2,4.8,0.0340715502555366,"#ffd300"
8.4,4.8,0.0340715502555366,"#ffd300"
9,6.4,0.0340715502555366,"#f781bf"
8.8,6.2,0.0340715502555366,"#f781bf"
8.6,6.2,0.0340715502555366,"#f781bf"
8,4.6,0.10221465076661,"#f781bf"
8.2,4.6,0.10221465076661,"#f781bf"
8.4,4.6,0.10221465076661,"#f781bf"
9,4.6,0.10221465076661,"#f781bf"
8.8,4.6,0.10221465076661,"#f781bf"
8.6,4.6,0.10221465076661,"#f781bf"
8,4.6,0.0681431005110733,"#AAAAAA"
8.2,4.2,0.0681431005110733,"#AAAAAA"
8.4,4.2,0.0681431005110733,"#AAAAAA"
9,1,0.0681431005110733,"#f781bf"
8.8,1.4,0.0681431005110733,"#f781bf"
8.6,1.4,0.0681431005110733,"#f781bf"
8,4.6,0.0340715502555366,"#a65628"
8.2,4.5,0.0340715502555366,"#a65628"
8.4,4.5,0.0340715502555366,"#a65628"
9,3.7,0.0340715502555366,"#f781bf"
8.8,3.8,0.0340715502555366,"#f781bf"
8.6,3.8,0.0340715502555366,"#f781bf"
8,1,14.5144804088586,"#ffd300"
8.2,1.6,14.5144804088586,"#ffd300"
8.4,1.6,14.5144804088586,"#ffd300"
9,6.4,14.5144804088586,"#AAAAAA"
8.8,5.8,14.5144804088586,"#AAAAAA"
8.6,5.8,14.5144804088586,"#AAAAAA"
8,1,13.96933560477,"#AAAAAA"
8.2,1,13.96933560477,"#AAAAAA"
8.4,1,13.96933560477,"#AAAAAA"
9,1,13.96933560477,"#AAAAAA"
8.8,1,13.96933560477,"#AAAAAA"
8.6,1,13.96933560477,"#AAAAAA"
8,1,0.136286201022147,"#4daf4a"
8.2,1.5,0.136286201022147,"#4daf4a"
8.4,1.5,0.136286201022147,"#4daf4a"
9,5.5,0.136286201022147,"#AAAAAA"
8.8,5,0.136286201022147,"#AAAAAA"
8.6,5,0.136286201022147,"#AAAAAA"
8,1,16.5247018739353,"#a65628"
8.2,1.3,16.5247018739353,"#a65628"
8.4,1.3,16.5247018739353,"#a65628"
9,3.7,16.5247018739353,"#AAAAAA"
8.8,3.4,16.5247018739353,"#AAAAAA"
8.6,3.4,16.5247018739353,"#AAAAAA"
8,5.5,23.8500851788756,"#ffd300"
8.2,5.6,23.8500851788756,"#ffd300"
8.4,5.6,23.8500851788756,"#ffd300"
9,6.4,23.8500851788756,"#4daf4a"
8.8,6.3,23.8500851788756,"#4daf4a"
8.6,6.3,23.8500851788756,"#4daf4a"
8,5.5,0.170357751277683,"#AAAAAA"
8.2,5,0.170357751277683,"#AAAAAA"
8.4,5,0.170357751277683,"#AAAAAA"
9,1,0.170357751277683,"#4daf4a"
8.8,1.5,0.170357751277683,"#4daf4a"
8.6,1.5,0.170357751277683,"#4daf4a"
8,5.5,0.136286201022147,"#4daf4a"
8.2,5.5,0.136286201022147,"#4daf4a"
8.4,5.5,0.136286201022147,"#4daf4a"
9,5.5,0.136286201022147,"#4daf4a"
8.8,5.5,0.136286201022147,"#4daf4a"
8.6,5.5,0.136286201022147,"#4daf4a"
8,5.5,2.07836456558773,"#a65628"
8.2,5.3,2.07836456558773,"#a65628"
8.4,5.3,2.07836456558773,"#a65628"
9,3.7,2.07836456558773,"#4daf4a"
8.8,3.9,2.07836456558773,"#4daf4a"
8.6,3.9,2.07836456558773,"#4daf4a"
8,2.8,0.0340715502555366,"#ffd300"
8.2,3.2,0.0340715502555366,"#ffd300"
8.4,3.2,0.0340715502555366,"#ffd300"
9,6.4,0.0340715502555366,"#377eb8"
8.8,6,0.0340715502555366,"#377eb8"
8.6,6,0.0340715502555366,"#377eb8"
8,2.8,0.0681431005110733,"#a65628"
8.2,2.9,0.0681431005110733,"#a65628"
8.4,2.9,0.0681431005110733,"#a65628"
9,3.7,0.0681431005110733,"#377eb8"
8.8,3.6,0.0681431005110733,"#377eb8"
8.6,3.6,0.0681431005110733,"#377eb8"
9,6.4,0.442930153321976,"#ffd300"
9.2,6.4,0.442930153321976,"#ffd300"
9.4,6.4,0.442930153321976,"#ffd300"
10,6.4,0.442930153321976,"#ffd300"
9.8,6.4,0.442930153321976,"#ffd300"
9.6,6.4,0.442930153321976,"#ffd300"
9,6.4,0.340715502555366,"#AAAAAA"
9.2,5.8,0.340715502555366,"#AAAAAA"
9.4,5.8,0.340715502555366,"#AAAAAA"
10,1,0.340715502555366,"#ffd300"
9.8,1.6,0.340715502555366,"#ffd300"
9.6,1.6,0.340715502555366,"#ffd300"
9,6.4,64.0204429301533,"#4daf4a"
9.2,6.3,64.0204429301533,"#4daf4a"
9.4,6.3,64.0204429301533,"#4daf4a"
10,5.5,64.0204429301533,"#ffd300"
9.8,5.6,64.0204429301533,"#ffd300"
9.6,5.6,64.0204429301533,"#ffd300"
9,4.6,0.170357751277683,"#f781bf"
9.2,4.6,0.170357751277683,"#f781bf"
9.4,4.6,0.170357751277683,"#f781bf"
10,4.6,0.170357751277683,"#f781bf"
9.8,4.6,0.170357751277683,"#f781bf"
9.6,4.6,0.170357751277683,"#f781bf"
9,1,0.0681431005110733,"#ffd300"
9.2,1.6,0.0681431005110733,"#ffd300"
9.4,1.6,0.0681431005110733,"#ffd300"
10,6.4,0.0681431005110733,"#AAAAAA"
9.8,5.8,0.0681431005110733,"#AAAAAA"
9.6,5.8,0.0681431005110733,"#AAAAAA"
9,1,0.0340715502555366,"#f781bf"
9.2,1.4,0.0340715502555366,"#f781bf"
9.4,1.4,0.0340715502555366,"#f781bf"
10,4.6,0.0340715502555366,"#AAAAAA"
9.8,4.2,0.0340715502555366,"#AAAAAA"
9.6,4.2,0.0340715502555366,"#AAAAAA"
9,1,13.7989778534923,"#AAAAAA"
9.2,1,13.7989778534923,"#AAAAAA"
9.4,1,13.7989778534923,"#AAAAAA"
10,1,13.7989778534923,"#AAAAAA"
9.8,1,13.7989778534923,"#AAAAAA"
9.6,1,13.7989778534923,"#AAAAAA"
9,1,0.30664395229983,"#4daf4a"
9.2,1.5,0.30664395229983,"#4daf4a"
9.4,1.5,0.30664395229983,"#4daf4a"
10,5.5,0.30664395229983,"#AAAAAA"
9.8,5,0.30664395229983,"#AAAAAA"
9.6,5,0.30664395229983,"#AAAAAA"
9,5.5,0.0340715502555366,"#f781bf"
9.2,5.4,0.0340715502555366,"#f781bf"
9.4,5.4,0.0340715502555366,"#f781bf"
10,4.6,0.0340715502555366,"#4daf4a"
9.8,4.7,0.0340715502555366,"#4daf4a"
9.6,4.7,0.0340715502555366,"#4daf4a"
9,5.5,0.10221465076661,"#AAAAAA"
9.2,5,0.10221465076661,"#AAAAAA"
9.4,5,0.10221465076661,"#AAAAAA"
10,1,0.10221465076661,"#4daf4a"
9.8,1.5,0.10221465076661,"#4daf4a"
9.6,1.5,0.10221465076661,"#4daf4a"
9,5.5,1.46507666098807,"#4daf4a"
9.2,5.5,1.46507666098807,"#4daf4a"
9.4,5.5,1.46507666098807,"#4daf4a"
10,5.5,1.46507666098807,"#4daf4a"
9.8,5.5,1.46507666098807,"#4daf4a"
9.6,5.5,1.46507666098807,"#4daf4a"
9,3.7,4.42930153321976,"#ffd300"
9.2,4,4.42930153321976,"#ffd300"
9.4,4,4.42930153321976,"#ffd300"
10,6.4,4.42930153321976,"#a65628"
9.8,6.1,4.42930153321976,"#a65628"
9.6,6.1,4.42930153321976,"#a65628"
9,3.7,0.0340715502555366,"#e41a1c"
9.2,3.5,0.0340715502555366,"#e41a1c"
9.4,3.5,0.0340715502555366,"#e41a1c"
10,1.9,0.0340715502555366,"#a65628"
9.8,2.1,0.0340715502555366,"#a65628"
9.6,2.1,0.0340715502555366,"#a65628"
9,3.7,0.0681431005110733,"#f781bf"
9.2,3.8,0.0681431005110733,"#f781bf"
9.4,3.8,0.0681431005110733,"#f781bf"
10,4.6,0.0681431005110733,"#a65628"
9.8,4.5,0.0681431005110733,"#a65628"
9.6,4.5,0.0681431005110733,"#a65628"
9,3.7,0.170357751277683,"#AAAAAA"
9.2,3.4,0.170357751277683,"#AAAAAA"
9.4,3.4,0.170357751277683,"#AAAAAA"
10,1,0.170357751277683,"#a65628"
9.8,1.3,0.170357751277683,"#a65628"
9.6,1.3,0.170357751277683,"#a65628"
9,3.7,14.4804088586031,"#4daf4a"
9.2,3.9,14.4804088586031,"#4daf4a"
9.4,3.9,14.4804088586031,"#4daf4a"
10,5.5,14.4804088586031,"#a65628"
9.8,5.3,14.4804088586031,"#a65628"
9.6,5.3,14.4804088586031,"#a65628"
9,2.8,0.0340715502555366,"#4daf4a"
9.2,3.1,0.0340715502555366,"#4daf4a"
9.4,3.1,0.0340715502555366,"#4daf4a"
10,5.5,0.0340715502555366,"#377eb8"
9.8,5.2,0.0340715502555366,"#377eb8"
9.6,5.2,0.0340715502555366,"#377eb8"
10,6.4,2.28279386712095,"#ffd300"
10.2,6.4,2.28279386712095,"#ffd300"
10.4,6.4,2.28279386712095,"#ffd300"
11,6.4,2.28279386712095,"#ffd300"
10.8,6.4,2.28279386712095,"#ffd300"
10.6,6.4,2.28279386712095,"#ffd300"
10,6.4,2.65758091993186,"#a65628"
10.2,6.1,2.65758091993186,"#a65628"
10.4,6.1,2.65758091993186,"#a65628"
11,3.7,2.65758091993186,"#ffd300"
10.8,4,2.65758091993186,"#ffd300"
10.6,4,2.65758091993186,"#ffd300"
10,1.9,0.0340715502555366,"#ffd300"
10.2,2.4,0.0340715502555366,"#ffd300"
10.4,2.4,0.0340715502555366,"#ffd300"
11,6.4,0.0340715502555366,"#e41a1c"
10.8,5.9,0.0340715502555366,"#e41a1c"
10.6,5.9,0.0340715502555366,"#e41a1c"
10,4.6,0.136286201022147,"#ffd300"
10.2,4.8,0.136286201022147,"#ffd300"
10.4,4.8,0.136286201022147,"#ffd300"
11,6.4,0.136286201022147,"#f781bf"
10.8,6.2,0.136286201022147,"#f781bf"
10.6,6.2,0.136286201022147,"#f781bf"
10,4.6,0.10221465076661,"#f781bf"
10.2,4.6,0.10221465076661,"#f781bf"
10.4,4.6,0.10221465076661,"#f781bf"
11,4.6,0.10221465076661,"#f781bf"
10.8,4.6,0.10221465076661,"#f781bf"
10.6,4.6,0.10221465076661,"#f781bf"
10,1,0.0681431005110733,"#ffd300"
10.2,1.6,0.0681431005110733,"#ffd300"
10.4,1.6,0.0681431005110733,"#ffd300"
11,6.4,0.0681431005110733,"#AAAAAA"
10.8,5.8,0.0681431005110733,"#AAAAAA"
10.6,5.8,0.0681431005110733,"#AAAAAA"
10,1,14.412265758092,"#AAAAAA"
10.2,1,14.412265758092,"#AAAAAA"
10.4,1,14.412265758092,"#AAAAAA"
11,1,14.412265758092,"#AAAAAA"
10.8,1,14.412265758092,"#AAAAAA"
10.6,1,14.412265758092,"#AAAAAA"
10,5.5,74.9914821124361,"#ffd300"
10.2,5.6,74.9914821124361,"#ffd300"
10.4,5.6,74.9914821124361,"#ffd300"
11,6.4,74.9914821124361,"#4daf4a"
10.8,6.3,74.9914821124361,"#4daf4a"
10.6,6.3,74.9914821124361,"#4daf4a"
10,5.5,0.10221465076661,"#AAAAAA"
10.2,5,0.10221465076661,"#AAAAAA"
10.4,5,0.10221465076661,"#AAAAAA"
11,1,0.10221465076661,"#4daf4a"
10.8,1.5,0.10221465076661,"#4daf4a"
10.6,1.5,0.10221465076661,"#4daf4a"
10,5.5,0.272572402044293,"#4daf4a"
10.2,5.5,0.272572402044293,"#4daf4a"
10.4,5.5,0.272572402044293,"#4daf4a"
11,5.5,0.272572402044293,"#4daf4a"
10.8,5.5,0.272572402044293,"#4daf4a"
10.6,5.5,0.272572402044293,"#4daf4a"
10,5.5,4.90630323679727,"#a65628"
10.2,5.3,4.90630323679727,"#a65628"
10.4,5.3,4.90630323679727,"#a65628"
11,3.7,4.90630323679727,"#4daf4a"
10.8,3.9,4.90630323679727,"#4daf4a"
10.6,3.9,4.90630323679727,"#4daf4a"
10,5.5,0.0340715502555366,"#377eb8"
10.2,5.2,0.0340715502555366,"#377eb8"
10.4,5.2,0.0340715502555366,"#377eb8"
11,2.8,0.0340715502555366,"#4daf4a"
10.8,3.1,0.0340715502555366,"#4daf4a"
10.6,3.1,0.0340715502555366,"#4daf4a"
11,6.4,1.36286201022147,"#ffd300"
11.2,6.4,1.36286201022147,"#ffd300"
11.4,6.4,1.36286201022147,"#ffd300"
12,6.4,1.36286201022147,"#ffd300"
11.8,6.4,1.36286201022147,"#ffd300"
11.6,6.4,1.36286201022147,"#ffd300"
11,6.4,0.0340715502555366,"#e41a1c"
11.2,5.9,0.0340715502555366,"#e41a1c"
11.4,5.9,0.0340715502555366,"#e41a1c"
12,1.9,0.0340715502555366,"#ffd300"
11.8,2.4,0.0340715502555366,"#ffd300"
11.6,2.4,0.0340715502555366,"#ffd300"
11,6.4,0.0681431005110733,"#f781bf"
11.2,6.2,0.0681431005110733,"#f781bf"
11.4,6.2,0.0681431005110733,"#f781bf"
12,4.6,0.0681431005110733,"#ffd300"
11.8,4.8,0.0681431005110733,"#ffd300"
11.6,4.8,0.0681431005110733,"#ffd300"
11,6.4,0.20442930153322,"#AAAAAA"
11.2,5.8,0.20442930153322,"#AAAAAA"
11.4,5.8,0.20442930153322,"#AAAAAA"
12,1,0.20442930153322,"#ffd300"
11.8,1.6,0.20442930153322,"#ffd300"
11.6,1.6,0.20442930153322,"#ffd300"
11,6.4,75.809199318569,"#4daf4a"
11.2,6.3,75.809199318569,"#4daf4a"
11.4,6.3,75.809199318569,"#4daf4a"
12,5.5,75.809199318569,"#ffd300"
11.8,5.6,75.809199318569,"#ffd300"
11.6,5.6,75.809199318569,"#ffd300"
11,6.4,0.0340715502555366,"#a65628"
11.2,6.1,0.0340715502555366,"#a65628"
11.4,6.1,0.0340715502555366,"#a65628"
12,3.7,0.0340715502555366,"#ffd300"
11.8,4,0.0340715502555366,"#ffd300"
11.6,4,0.0340715502555366,"#ffd300"
11,4.6,0.136286201022147,"#f781bf"
11.2,4.6,0.136286201022147,"#f781bf"
11.4,4.6,0.136286201022147,"#f781bf"
12,4.6,0.136286201022147,"#f781bf"
11.8,4.6,0.136286201022147,"#f781bf"
11.6,4.6,0.136286201022147,"#f781bf"
11,1,13.2879045996593,"#AAAAAA"
11.2,1,13.2879045996593,"#AAAAAA"
11.4,1,13.2879045996593,"#AAAAAA"
12,1,13.2879045996593,"#AAAAAA"
11.8,1,13.2879045996593,"#AAAAAA"
11.6,1,13.2879045996593,"#AAAAAA"
11,1,1.19250425894378,"#4daf4a"
11.2,1.5,1.19250425894378,"#4daf4a"
11.4,1.5,1.19250425894378,"#4daf4a"
12,5.5,1.19250425894378,"#AAAAAA"
11.8,5,1.19250425894378,"#AAAAAA"
11.6,5,1.19250425894378,"#AAAAAA"
11,5.5,0.238500851788756,"#AAAAAA"
11.2,5,0.238500851788756,"#AAAAAA"
11.4,5,0.238500851788756,"#AAAAAA"
12,1,0.238500851788756,"#4daf4a"
11.8,1.5,0.238500851788756,"#4daf4a"
11.6,1.5,0.238500851788756,"#4daf4a"
11,5.5,0.0340715502555366,"#4daf4a"
11.2,5.5,0.0340715502555366,"#4daf4a"
11.4,5.5,0.0340715502555366,"#4daf4a"
12,5.5,0.0340715502555366,"#4daf4a"
11.8,5.5,0.0340715502555366,"#4daf4a"
11.6,5.5,0.0340715502555366,"#4daf4a"
11,3.7,0.340715502555366,"#ffd300"
11.2,4,0.340715502555366,"#ffd300"
11.4,4,0.340715502555366,"#ffd300"
12,6.4,0.340715502555366,"#a65628"
11.8,6.1,0.340715502555366,"#a65628"
11.6,6.1,0.340715502555366,"#a65628"
11,3.7,0.681431005110733,"#AAAAAA"
11.2,3.4,0.681431005110733,"#AAAAAA"
11.4,3.4,0.681431005110733,"#AAAAAA"
12,1,0.681431005110733,"#a65628"
11.8,1.3,0.681431005110733,"#a65628"
11.6,1.3,0.681431005110733,"#a65628"
11,3.7,6.54173764906303,"#4daf4a"
11.2,3.9,6.54173764906303,"#4daf4a"
11.4,3.9,6.54173764906303,"#4daf4a"
12,5.5,6.54173764906303,"#a65628"
11.8,5.3,6.54173764906303,"#a65628"
11.6,5.3,6.54173764906303,"#a65628"
11,2.8,0.0340715502555366,"#4daf4a"
11.2,3.1,0.0340715502555366,"#4daf4a"
11.4,3.1,0.0340715502555366,"#4daf4a"
12,5.5,0.0340715502555366,"#377eb8"
11.8,5.2,0.0340715502555366,"#377eb8"
11.6,5.2,0.0340715502555366,"#377eb8"
12,6.4,0.647359454855196,"#ffd300"
12.2,6.4,0.647359454855196,"#ffd300"
12.4,6.4,0.647359454855196,"#ffd300"
13,6.4,0.647359454855196,"#ffd300"
12.8,6.4,0.647359454855196,"#ffd300"
12.6,6.4,0.647359454855196,"#ffd300"
12,6.4,0.40885860306644,"#AAAAAA"
12.2,5.8,0.40885860306644,"#AAAAAA"
12.4,5.8,0.40885860306644,"#AAAAAA"
13,1,0.40885860306644,"#ffd300"
12.8,1.6,0.40885860306644,"#ffd300"
12.6,1.6,0.40885860306644,"#ffd300"
12,6.4,0.647359454855196,"#a65628"
12.2,6.1,0.647359454855196,"#a65628"
12.4,6.1,0.647359454855196,"#a65628"
13,3.7,0.647359454855196,"#ffd300"
12.8,4,0.647359454855196,"#ffd300"
12.6,4,0.647359454855196,"#ffd300"
12,1.9,0.0340715502555366,"#4daf4a"
12.2,2.3,0.0340715502555366,"#4daf4a"
12.4,2.3,0.0340715502555366,"#4daf4a"
13,5.5,0.0340715502555366,"#e41a1c"
12.8,5.1,0.0340715502555366,"#e41a1c"
12.6,5.1,0.0340715502555366,"#e41a1c"
12,4.6,0.20442930153322,"#f781bf"
12.2,4.6,0.20442930153322,"#f781bf"
12.4,4.6,0.20442930153322,"#f781bf"
13,4.6,0.20442930153322,"#f781bf"
12.8,4.6,0.20442930153322,"#f781bf"
12.6,4.6,0.20442930153322,"#f781bf"
12,4.6,0.0340715502555366,"#AAAAAA"
12.2,4.2,0.0340715502555366,"#AAAAAA"
12.4,4.2,0.0340715502555366,"#AAAAAA"
13,1,0.0340715502555366,"#f781bf"
12.8,1.4,0.0340715502555366,"#f781bf"
12.6,1.4,0.0340715502555366,"#f781bf"
12,1,0.0340715502555366,"#ffd300"
12.2,1.6,0.0340715502555366,"#ffd300"
12.4,1.6,0.0340715502555366,"#ffd300"
13,6.4,0.0340715502555366,"#AAAAAA"
12.8,5.8,0.0340715502555366,"#AAAAAA"
12.6,5.8,0.0340715502555366,"#AAAAAA"
12,1,14.2759795570698,"#AAAAAA"
12.2,1,14.2759795570698,"#AAAAAA"
12.4,1,14.2759795570698,"#AAAAAA"
13,1,14.2759795570698,"#AAAAAA"
12.8,1,14.2759795570698,"#AAAAAA"
12.6,1,14.2759795570698,"#AAAAAA"
12,1,0.0681431005110733,"#4daf4a"
12.2,1.5,0.0681431005110733,"#4daf4a"
12.4,1.5,0.0681431005110733,"#4daf4a"
13,5.5,0.0681431005110733,"#AAAAAA"
12.8,5,0.0681431005110733,"#AAAAAA"
12.6,5,0.0681431005110733,"#AAAAAA"
12,5.5,24.2930153321976,"#ffd300"
12.2,5.6,24.2930153321976,"#ffd300"
12.4,5.6,24.2930153321976,"#ffd300"
13,6.4,24.2930153321976,"#4daf4a"
12.8,6.3,24.2930153321976,"#4daf4a"
12.6,6.3,24.2930153321976,"#4daf4a"
12,5.5,0.0340715502555366,"#f781bf"
12.2,5.4,0.0340715502555366,"#f781bf"
12.4,5.4,0.0340715502555366,"#f781bf"
13,4.6,0.0340715502555366,"#4daf4a"
12.8,4.7,0.0340715502555366,"#4daf4a"
12.6,4.7,0.0340715502555366,"#4daf4a"
12,5.5,0.170357751277683,"#AAAAAA"
12.2,5,0.170357751277683,"#AAAAAA"
12.4,5,0.170357751277683,"#AAAAAA"
13,1,0.170357751277683,"#4daf4a"
12.8,1.5,0.170357751277683,"#4daf4a"
12.6,1.5,0.170357751277683,"#4daf4a"
12,5.5,0.30664395229983,"#4daf4a"
12.2,5.5,0.30664395229983,"#4daf4a"
12.4,5.5,0.30664395229983,"#4daf4a"
13,5.5,0.30664395229983,"#4daf4a"
12.8,5.5,0.30664395229983,"#4daf4a"
12.6,5.5,0.30664395229983,"#4daf4a"
12,5.5,58.8074957410562,"#a65628"
12.2,5.3,58.8074957410562,"#a65628"
12.4,5.3,58.8074957410562,"#a65628"
13,3.7,58.8074957410562,"#4daf4a"
12.8,3.9,58.8074957410562,"#4daf4a"
12.6,3.9,58.8074957410562,"#4daf4a"
12,3.7,0.0340715502555366,"#4daf4a"
12.2,3.9,0.0340715502555366,"#4daf4a"
12.4,3.9,0.0340715502555366,"#4daf4a"
13,5.5,0.0340715502555366,"#a65628"
12.8,5.3,0.0340715502555366,"#a65628"
12.6,5.3,0.0340715502555366,"#a65628"
13,6.4,0.0681431005110733,"#ffd300"
13.2,6.4,0.0681431005110733,"#ffd300"
13.4,6.4,0.0681431005110733,"#ffd300"
14,6.4,0.0681431005110733,"#ffd300"
13.8,6.4,0.0681431005110733,"#ffd300"
13.6,6.4,0.0681431005110733,"#ffd300"
13,6.4,24.9063032367973,"#4daf4a"
13.2,6.3,24.9063032367973,"#4daf4a"
13.4,6.3,24.9063032367973,"#4daf4a"
14,5.5,24.9063032367973,"#ffd300"
13.8,5.6,24.9063032367973,"#ffd300"
13.6,5.6,24.9063032367973,"#ffd300"
13,4.6,0.0340715502555366,"#ffd300"
13.2,4.8,0.0340715502555366,"#ffd300"
13.4,4.8,0.0340715502555366,"#ffd300"
14,6.4,0.0340715502555366,"#f781bf"
13.8,6.2,0.0340715502555366,"#f781bf"
13.6,6.2,0.0340715502555366,"#f781bf"
13,4.6,0.238500851788756,"#f781bf"
13.2,4.6,0.238500851788756,"#f781bf"
13.4,4.6,0.238500851788756,"#f781bf"
14,4.6,0.238500851788756,"#f781bf"
13.8,4.6,0.238500851788756,"#f781bf"
13.6,4.6,0.238500851788756,"#f781bf"
13,4.6,0.0340715502555366,"#AAAAAA"
13.2,4.2,0.0340715502555366,"#AAAAAA"
13.4,4.2,0.0340715502555366,"#AAAAAA"
14,1,0.0340715502555366,"#f781bf"
13.8,1.4,0.0340715502555366,"#f781bf"
13.6,1.4,0.0340715502555366,"#f781bf"
13,1,0.10221465076661,"#ffd300"
13.2,1.6,0.10221465076661,"#ffd300"
13.4,1.6,0.10221465076661,"#ffd300"
14,6.4,0.10221465076661,"#AAAAAA"
13.8,5.8,0.10221465076661,"#AAAAAA"
13.6,5.8,0.10221465076661,"#AAAAAA"
13,1,14.5144804088586,"#AAAAAA"
13.2,1,14.5144804088586,"#AAAAAA"
13.4,1,14.5144804088586,"#AAAAAA"
14,1,14.5144804088586,"#AAAAAA"
13.8,1,14.5144804088586,"#AAAAAA"
13.6,1,14.5144804088586,"#AAAAAA"
13,1,0.170357751277683,"#4daf4a"
13.2,1.5,0.170357751277683,"#4daf4a"
13.4,1.5,0.170357751277683,"#4daf4a"
14,5.5,0.170357751277683,"#AAAAAA"
13.8,5,0.170357751277683,"#AAAAAA"
13.6,5,0.170357751277683,"#AAAAAA"
13,1,0.0340715502555366,"#a65628"
13.2,1.3,0.0340715502555366,"#a65628"
13.4,1.3,0.0340715502555366,"#a65628"
14,3.7,0.0340715502555366,"#AAAAAA"
13.8,3.4,0.0340715502555366,"#AAAAAA"
13.6,3.4,0.0340715502555366,"#AAAAAA"
13,5.5,0.0340715502555366,"#ffd300"
13.2,5.6,0.0340715502555366,"#ffd300"
13.4,5.6,0.0340715502555366,"#ffd300"
14,6.4,0.0340715502555366,"#4daf4a"
13.8,6.3,0.0340715502555366,"#4daf4a"
13.6,6.3,0.0340715502555366,"#4daf4a"
13,5.5,0.40885860306644,"#4daf4a"
13.2,5.5,0.40885860306644,"#4daf4a"
13.4,5.5,0.40885860306644,"#4daf4a"
14,5.5,0.40885860306644,"#4daf4a"
13.8,5.5,0.40885860306644,"#4daf4a"
13.6,5.5,0.40885860306644,"#4daf4a"
13,3.7,58.7734241908007,"#ffd300"
13.2,4,58.7734241908007,"#ffd300"
13.4,4,58.7734241908007,"#ffd300"
14,6.4,58.7734241908007,"#a65628"
13.8,6.1,58.7734241908007,"#a65628"
13.6,6.1,58.7734241908007,"#a65628"
13,3.7,0.0340715502555366,"#AAAAAA"
13.2,3.4,0.0340715502555366,"#AAAAAA"
13.4,3.4,0.0340715502555366,"#AAAAAA"
14,1,0.0340715502555366,"#a65628"
13.8,1.3,0.0340715502555366,"#a65628"
13.6,1.3,0.0340715502555366,"#a65628"
13,3.7,0.647359454855196,"#4daf4a"
13.2,3.9,0.647359454855196,"#4daf4a"
13.4,3.9,0.647359454855196,"#4daf4a"
14,5.5,0.647359454855196,"#a65628"
13.8,5.3,0.647359454855196,"#a65628"
13.6,5.3,0.647359454855196,"#a65628"
