"xCoords","yCoords","width","colorToUse"
1,6.4,0.795847750865052,"#ffd300"
1.2,6.4,0.795847750865052,"#ffd300"
1.4,6.4,0.795847750865052,"#ffd300"
2,6.4,0.795847750865052,"#ffd300"
1.8,6.4,0.795847750865052,"#ffd300"
1.6,6.4,0.795847750865052,"#ffd300"
1,6.4,1.280276816609,"#AAAAAA"
1.2,5.8,1.280276816609,"#AAAAAA"
1.4,5.8,1.280276816609,"#AAAAAA"
2,1,1.280276816609,"#ffd300"
1.8,1.6,1.280276816609,"#ffd300"
1.6,1.6,1.280276816609,"#ffd300"
1,6.4,38.3391003460208,"#4daf4a"
1.2,6.3,38.3391003460208,"#4daf4a"
1.4,6.3,38.3391003460208,"#4daf4a"
2,5.5,38.3391003460208,"#ffd300"
1.8,5.6,38.3391003460208,"#ffd300"
1.6,5.6,38.3391003460208,"#ffd300"
1,4.6,0.0692041522491349,"#AAAAAA"
1.2,4.2,0.0692041522491349,"#AAAAAA"
1.4,4.2,0.0692041522491349,"#AAAAAA"
2,1,0.0692041522491349,"#f781bf"
1.8,1.4,0.0692041522491349,"#f781bf"
1.6,1.4,0.0692041522491349,"#f781bf"
1,1,0.484429065743945,"#ffd300"
1.2,1.6,0.484429065743945,"#ffd300"
1.4,1.6,0.484429065743945,"#ffd300"
2,6.4,0.484429065743945,"#AAAAAA"
1.8,5.8,0.484429065743945,"#AAAAAA"
1.6,5.8,0.484429065743945,"#AAAAAA"
1,1,24.5674740484429,"#AAAAAA"
1.2,1,24.5674740484429,"#AAAAAA"
1.4,1,24.5674740484429,"#AAAAAA"
2,1,24.5674740484429,"#AAAAAA"
1.8,1,24.5674740484429,"#AAAAAA"
1.6,1,24.5674740484429,"#AAAAAA"
1,1,0.242214532871972,"#4daf4a"
1.2,1.5,0.242214532871972,"#4daf4a"
1.4,1.5,0.242214532871972,"#4daf4a"
2,5.5,0.242214532871972,"#AAAAAA"
1.8,5,0.242214532871972,"#AAAAAA"
1.6,5,0.242214532871972,"#AAAAAA"
1,5.5,29.6539792387543,"#ffd300"
1.2,5.6,29.6539792387543,"#ffd300"
1.4,5.6,29.6539792387543,"#ffd300"
2,6.4,29.6539792387543,"#4daf4a"
1.8,6.3,29.6539792387543,"#4daf4a"
1.6,6.3,29.6539792387543,"#4daf4a"
1,5.5,0.795847750865052,"#AAAAAA"
1.2,5,0.795847750865052,"#AAAAAA"
1.4,5,0.795847750865052,"#AAAAAA"
2,1,0.795847750865052,"#4daf4a"
1.8,1.5,0.795847750865052,"#4daf4a"
1.6,1.5,0.795847750865052,"#4daf4a"
1,5.5,3.77162629757785,"#4daf4a"
1.2,5.5,3.77162629757785,"#4daf4a"
1.4,5.5,3.77162629757785,"#4daf4a"
2,5.5,3.77162629757785,"#4daf4a"
1.8,5.5,3.77162629757785,"#4daf4a"
1.6,5.5,3.77162629757785,"#4daf4a"
2,6.4,0.899653979238754,"#ffd300"
2.2,6.4,0.899653979238754,"#ffd300"
2.4,6.4,0.899653979238754,"#ffd300"
3,6.4,0.899653979238754,"#ffd300"
2.8,6.4,0.899653979238754,"#ffd300"
2.6,6.4,0.899653979238754,"#ffd300"
2,6.4,0.899653979238754,"#AAAAAA"
2.2,5.8,0.899653979238754,"#AAAAAA"
2.4,5.8,0.899653979238754,"#AAAAAA"
3,1,0.899653979238754,"#ffd300"
2.8,1.6,0.899653979238754,"#ffd300"
2.6,1.6,0.899653979238754,"#ffd300"
2,6.4,29.1349480968858,"#4daf4a"
2.2,6.3,29.1349480968858,"#4daf4a"
2.4,6.3,29.1349480968858,"#4daf4a"
3,5.5,29.1349480968858,"#ffd300"
2.8,5.6,29.1349480968858,"#ffd300"
2.6,5.6,29.1349480968858,"#ffd300"
2,1,0.657439446366782,"#ffd300"
2.2,1.6,0.657439446366782,"#ffd300"
2.4,1.6,0.657439446366782,"#ffd300"
3,6.4,0.657439446366782,"#AAAAAA"
2.8,5.8,0.657439446366782,"#AAAAAA"
2.6,5.8,0.657439446366782,"#AAAAAA"
2,1,25.8477508650519,"#AAAAAA"
2.2,1,25.8477508650519,"#AAAAAA"
2.4,1,25.8477508650519,"#AAAAAA"
3,1,25.8477508650519,"#AAAAAA"
2.8,1,25.8477508650519,"#AAAAAA"
2.6,1,25.8477508650519,"#AAAAAA"
2,1,0.173010380622837,"#4daf4a"
2.2,1.5,0.173010380622837,"#4daf4a"
2.4,1.5,0.173010380622837,"#4daf4a"
3,5.5,0.173010380622837,"#AAAAAA"
2.8,5,0.173010380622837,"#AAAAAA"
2.6,5,0.173010380622837,"#AAAAAA"
2,1,0.0346020761245675,"#a65628"
2.2,1.3,0.0346020761245675,"#a65628"
2.4,1.3,0.0346020761245675,"#a65628"
3,3.7,0.0346020761245675,"#AAAAAA"
2.8,3.4,0.0346020761245675,"#AAAAAA"
2.6,3.4,0.0346020761245675,"#AAAAAA"
2,5.5,37.7162629757785,"#ffd300"
2.2,5.6,37.7162629757785,"#ffd300"
2.4,5.6,37.7162629757785,"#ffd300"
3,6.4,37.7162629757785,"#4daf4a"
2.8,6.3,37.7162629757785,"#4daf4a"
2.6,6.3,37.7162629757785,"#4daf4a"
2,5.5,1.10726643598616,"#AAAAAA"
2.2,5,1.10726643598616,"#AAAAAA"
2.4,5,1.10726643598616,"#AAAAAA"
3,1,1.10726643598616,"#4daf4a"
2.8,1.5,1.10726643598616,"#4daf4a"
2.6,1.5,1.10726643598616,"#4daf4a"
2,5.5,3.52941176470588,"#4daf4a"
2.2,5.5,3.52941176470588,"#4daf4a"
2.4,5.5,3.52941176470588,"#4daf4a"
3,5.5,3.52941176470588,"#4daf4a"
2.8,5.5,3.52941176470588,"#4daf4a"
2.6,5.5,3.52941176470588,"#4daf4a"
3,6.4,1.21107266435986,"#ffd300"
3.2,6.4,1.21107266435986,"#ffd300"
3.4,6.4,1.21107266435986,"#ffd300"
4,6.4,1.21107266435986,"#ffd300"
3.8,6.4,1.21107266435986,"#ffd300"
3.6,6.4,1.21107266435986,"#ffd300"
3,6.4,0.622837370242215,"#AAAAAA"
3.2,5.8,0.622837370242215,"#AAAAAA"
3.4,5.8,0.622837370242215,"#AAAAAA"
4,1,0.622837370242215,"#ffd300"
3.8,1.6,0.622837370242215,"#ffd300"
3.6,1.6,0.622837370242215,"#ffd300"
3,6.4,37.439446366782,"#4daf4a"
3.2,6.3,37.439446366782,"#4daf4a"
3.4,6.3,37.439446366782,"#4daf4a"
4,5.5,37.439446366782,"#ffd300"
3.8,5.6,37.439446366782,"#ffd300"
3.6,5.6,37.439446366782,"#ffd300"
3,1,1.66089965397924,"#ffd300"
3.2,1.6,1.66089965397924,"#ffd300"
3.4,1.6,1.66089965397924,"#ffd300"
4,6.4,1.66089965397924,"#AAAAAA"
3.8,5.8,1.66089965397924,"#AAAAAA"
3.6,5.8,1.66089965397924,"#AAAAAA"
3,1,0.0692041522491349,"#f781bf"
3.2,1.4,0.0692041522491349,"#f781bf"
3.4,1.4,0.0692041522491349,"#f781bf"
4,4.6,0.0692041522491349,"#AAAAAA"
3.8,4.2,0.0692041522491349,"#AAAAAA"
3.6,4.2,0.0692041522491349,"#AAAAAA"
3,1,24.5674740484429,"#AAAAAA"
3.2,1,24.5674740484429,"#AAAAAA"
3.4,1,24.5674740484429,"#AAAAAA"
4,1,24.5674740484429,"#AAAAAA"
3.8,1,24.5674740484429,"#AAAAAA"
3.6,1,24.5674740484429,"#AAAAAA"
3,1,1.55709342560554,"#4daf4a"
3.2,1.5,1.55709342560554,"#4daf4a"
3.4,1.5,1.55709342560554,"#4daf4a"
4,5.5,1.55709342560554,"#AAAAAA"
3.8,5,1.55709342560554,"#AAAAAA"
3.6,5,1.55709342560554,"#AAAAAA"
3,5.5,30.7266435986159,"#ffd300"
3.2,5.6,30.7266435986159,"#ffd300"
3.4,5.6,30.7266435986159,"#ffd300"
4,6.4,30.7266435986159,"#4daf4a"
3.8,6.3,30.7266435986159,"#4daf4a"
3.6,6.3,30.7266435986159,"#4daf4a"
3,5.5,0.0692041522491349,"#AAAAAA"
3.2,5,0.0692041522491349,"#AAAAAA"
3.4,5,0.0692041522491349,"#AAAAAA"
4,1,0.0692041522491349,"#4daf4a"
3.8,1.5,0.0692041522491349,"#4daf4a"
3.6,1.5,0.0692041522491349,"#4daf4a"
3,5.5,2.04152249134948,"#4daf4a"
3.2,5.5,2.04152249134948,"#4daf4a"
3.4,5.5,2.04152249134948,"#4daf4a"
4,5.5,2.04152249134948,"#4daf4a"
3.8,5.5,2.04152249134948,"#4daf4a"
3.6,5.5,2.04152249134948,"#4daf4a"
3,3.7,0.0346020761245675,"#AAAAAA"
3.2,3.4,0.0346020761245675,"#AAAAAA"
3.4,3.4,0.0346020761245675,"#AAAAAA"
4,1,0.0346020761245675,"#a65628"
3.8,1.3,0.0346020761245675,"#a65628"
3.6,1.3,0.0346020761245675,"#a65628"
4,6.4,2.8719723183391,"#ffd300"
4.2,6.4,2.8719723183391,"#ffd300"
4.4,6.4,2.8719723183391,"#ffd300"
5,6.4,2.8719723183391,"#ffd300"
4.8,6.4,2.8719723183391,"#ffd300"
4.6,6.4,2.8719723183391,"#ffd300"
4,6.4,0.380622837370242,"#AAAAAA"
4.2,5.8,0.380622837370242,"#AAAAAA"
4.4,5.8,0.380622837370242,"#AAAAAA"
5,1,0.380622837370242,"#ffd300"
4.8,1.6,0.380622837370242,"#ffd300"
4.6,1.6,0.380622837370242,"#ffd300"
4,6.4,30.3460207612457,"#4daf4a"
4.2,6.3,30.3460207612457,"#4daf4a"
4.4,6.3,30.3460207612457,"#4daf4a"
5,5.5,30.3460207612457,"#ffd300"
4.8,5.6,30.3460207612457,"#ffd300"
4.6,5.6,30.3460207612457,"#ffd300"
4,4.6,0.311418685121107,"#f781bf"
4.2,4.6,0.311418685121107,"#f781bf"
4.4,4.6,0.311418685121107,"#f781bf"
5,4.6,0.311418685121107,"#f781bf"
4.8,4.6,0.311418685121107,"#f781bf"
4.6,4.6,0.311418685121107,"#f781bf"
4,4.6,0.0692041522491349,"#AAAAAA"
4.2,4.2,0.0692041522491349,"#AAAAAA"
4.4,4.2,0.0692041522491349,"#AAAAAA"
5,1,0.0692041522491349,"#f781bf"
4.8,1.4,0.0692041522491349,"#f781bf"
4.6,1.4,0.0692041522491349,"#f781bf"
4,1,0.588235294117647,"#ffd300"
4.2,1.6,0.588235294117647,"#ffd300"
4.4,1.6,0.588235294117647,"#ffd300"
5,6.4,0.588235294117647,"#AAAAAA"
4.8,5.8,0.588235294117647,"#AAAAAA"
4.6,5.8,0.588235294117647,"#AAAAAA"
4,1,0.0346020761245675,"#f781bf"
4.2,1.4,0.0346020761245675,"#f781bf"
4.4,1.4,0.0346020761245675,"#f781bf"
5,4.6,0.0346020761245675,"#AAAAAA"
4.8,4.2,0.0346020761245675,"#AAAAAA"
4.6,4.2,0.0346020761245675,"#AAAAAA"
4,1,24.1868512110727,"#AAAAAA"
4.2,1,24.1868512110727,"#AAAAAA"
4.4,1,24.1868512110727,"#AAAAAA"
5,1,24.1868512110727,"#AAAAAA"
4.8,1,24.1868512110727,"#AAAAAA"
4.6,1,24.1868512110727,"#AAAAAA"
4,1,0.173010380622837,"#4daf4a"
4.2,1.5,0.173010380622837,"#4daf4a"
4.4,1.5,0.173010380622837,"#4daf4a"
5,5.5,0.173010380622837,"#AAAAAA"
4.8,5,0.173010380622837,"#AAAAAA"
4.6,5,0.173010380622837,"#AAAAAA"
4,5.5,36.9896193771626,"#ffd300"
4.2,5.6,36.9896193771626,"#ffd300"
4.4,5.6,36.9896193771626,"#ffd300"
5,6.4,36.9896193771626,"#4daf4a"
4.8,6.3,36.9896193771626,"#4daf4a"
4.6,6.3,36.9896193771626,"#4daf4a"
4,5.5,0.55363321799308,"#AAAAAA"
4.2,5,0.55363321799308,"#AAAAAA"
4.4,5,0.55363321799308,"#AAAAAA"
5,1,0.55363321799308,"#4daf4a"
4.8,1.5,0.55363321799308,"#4daf4a"
4.6,1.5,0.55363321799308,"#4daf4a"
4,5.5,3.49480968858132,"#4daf4a"
4.2,5.5,3.49480968858132,"#4daf4a"
4.4,5.5,3.49480968858132,"#4daf4a"
5,5.5,3.49480968858132,"#4daf4a"
4.8,5.5,3.49480968858132,"#4daf4a"
4.6,5.5,3.49480968858132,"#4daf4a"
5,6.4,4.1522491349481,"#ffd300"
5.2,6.4,4.1522491349481,"#ffd300"
5.4,6.4,4.1522491349481,"#ffd300"
6,6.4,4.1522491349481,"#ffd300"
5.8,6.4,4.1522491349481,"#ffd300"
5.6,6.4,4.1522491349481,"#ffd300"
5,6.4,0.588235294117647,"#AAAAAA"
5.2,5.8,0.588235294117647,"#AAAAAA"
5.4,5.8,0.588235294117647,"#AAAAAA"
6,1,0.588235294117647,"#ffd300"
5.8,1.6,0.588235294117647,"#ffd300"
5.6,1.6,0.588235294117647,"#ffd300"
5,6.4,35.7093425605536,"#4daf4a"
5.2,6.3,35.7093425605536,"#4daf4a"
5.4,6.3,35.7093425605536,"#4daf4a"
6,5.5,35.7093425605536,"#ffd300"
5.8,5.6,35.7093425605536,"#ffd300"
5.6,5.6,35.7093425605536,"#ffd300"
5,4.6,0.0346020761245675,"#ffd300"
5.2,4.8,0.0346020761245675,"#ffd300"
5.4,4.8,0.0346020761245675,"#ffd300"
6,6.4,0.0346020761245675,"#f781bf"
5.8,6.2,0.0346020761245675,"#f781bf"
5.6,6.2,0.0346020761245675,"#f781bf"
5,1,0.449826989619377,"#ffd300"
5.2,1.6,0.449826989619377,"#ffd300"
5.4,1.6,0.449826989619377,"#ffd300"
6,6.4,0.449826989619377,"#AAAAAA"
5.8,5.8,0.449826989619377,"#AAAAAA"
5.6,5.8,0.449826989619377,"#AAAAAA"
5,1,24.5674740484429,"#AAAAAA"
5.2,1,24.5674740484429,"#AAAAAA"
5.4,1,24.5674740484429,"#AAAAAA"
6,1,24.5674740484429,"#AAAAAA"
5.8,1,24.5674740484429,"#AAAAAA"
5.6,1,24.5674740484429,"#AAAAAA"
5,1,0.484429065743945,"#4daf4a"
5.2,1.5,0.484429065743945,"#4daf4a"
5.4,1.5,0.484429065743945,"#4daf4a"
6,5.5,0.484429065743945,"#AAAAAA"
5.8,5,0.484429065743945,"#AAAAAA"
5.6,5,0.484429065743945,"#AAAAAA"
5,5.5,30.9342560553633,"#ffd300"
5.2,5.6,30.9342560553633,"#ffd300"
5.4,5.6,30.9342560553633,"#ffd300"
6,6.4,30.9342560553633,"#4daf4a"
5.8,6.3,30.9342560553633,"#4daf4a"
5.6,6.3,30.9342560553633,"#4daf4a"
5,5.5,0.0346020761245675,"#AAAAAA"
5.2,5,0.0346020761245675,"#AAAAAA"
5.4,5,0.0346020761245675,"#AAAAAA"
6,1,0.0346020761245675,"#4daf4a"
5.8,1.5,0.0346020761245675,"#4daf4a"
5.6,1.5,0.0346020761245675,"#4daf4a"
5,5.5,3.04498269896194,"#4daf4a"
5.2,5.5,3.04498269896194,"#4daf4a"
5.4,5.5,3.04498269896194,"#4daf4a"
6,5.5,3.04498269896194,"#4daf4a"
5.8,5.5,3.04498269896194,"#4daf4a"
5.6,5.5,3.04498269896194,"#4daf4a"
6,6.4,3.25259515570934,"#ffd300"
6.2,6.4,3.25259515570934,"#ffd300"
6.4,6.4,3.25259515570934,"#ffd300"
7,6.4,3.25259515570934,"#ffd300"
6.8,6.4,3.25259515570934,"#ffd300"
6.6,6.4,3.25259515570934,"#ffd300"
6,6.4,0.207612456747405,"#AAAAAA"
6.2,5.8,0.207612456747405,"#AAAAAA"
6.4,5.8,0.207612456747405,"#AAAAAA"
7,1,0.207612456747405,"#ffd300"
6.8,1.6,0.207612456747405,"#ffd300"
6.6,1.6,0.207612456747405,"#ffd300"
6,6.4,32.1107266435986,"#4daf4a"
6.2,6.3,32.1107266435986,"#4daf4a"
6.4,6.3,32.1107266435986,"#4daf4a"
7,5.5,32.1107266435986,"#ffd300"
6.8,5.6,32.1107266435986,"#ffd300"
6.6,5.6,32.1107266435986,"#ffd300"
6,4.6,0.41522491349481,"#f781bf"
6.2,4.6,0.41522491349481,"#f781bf"
6.4,4.6,0.41522491349481,"#f781bf"
7,4.6,0.41522491349481,"#f781bf"
6.8,4.6,0.41522491349481,"#f781bf"
6.6,4.6,0.41522491349481,"#f781bf"
6,1,2.28373702422145,"#ffd300"
6.2,1.6,2.28373702422145,"#ffd300"
6.4,1.6,2.28373702422145,"#ffd300"
7,6.4,2.28373702422145,"#AAAAAA"
6.8,5.8,2.28373702422145,"#AAAAAA"
6.6,5.8,2.28373702422145,"#AAAAAA"
6,1,0.0346020761245675,"#f781bf"
6.2,1.4,0.0346020761245675,"#f781bf"
6.4,1.4,0.0346020761245675,"#f781bf"
7,4.6,0.0346020761245675,"#AAAAAA"
6.8,4.2,0.0346020761245675,"#AAAAAA"
6.6,4.2,0.0346020761245675,"#AAAAAA"
6,1,22.3529411764706,"#AAAAAA"
6.2,1,22.3529411764706,"#AAAAAA"
6.4,1,22.3529411764706,"#AAAAAA"
7,1,22.3529411764706,"#AAAAAA"
6.8,1,22.3529411764706,"#AAAAAA"
6.6,1,22.3529411764706,"#AAAAAA"
6,1,0.103806228373702,"#4daf4a"
6.2,1.5,0.103806228373702,"#4daf4a"
6.4,1.5,0.103806228373702,"#4daf4a"
7,5.5,0.103806228373702,"#AAAAAA"
6.8,5,0.103806228373702,"#AAAAAA"
6.6,5,0.103806228373702,"#AAAAAA"
6,5.5,36.1937716262976,"#ffd300"
6.2,5.6,36.1937716262976,"#ffd300"
6.4,5.6,36.1937716262976,"#ffd300"
7,6.4,36.1937716262976,"#4daf4a"
6.8,6.3,36.1937716262976,"#4daf4a"
6.6,6.3,36.1937716262976,"#4daf4a"
6,5.5,0.55363321799308,"#AAAAAA"
6.2,5,0.55363321799308,"#AAAAAA"
6.4,5,0.55363321799308,"#AAAAAA"
7,1,0.55363321799308,"#4daf4a"
6.8,1.5,0.55363321799308,"#4daf4a"
6.6,1.5,0.55363321799308,"#4daf4a"
6,5.5,2.49134948096886,"#4daf4a"
6.2,5.5,2.49134948096886,"#4daf4a"
6.4,5.5,2.49134948096886,"#4daf4a"
7,5.5,2.49134948096886,"#4daf4a"
6.8,5.5,2.49134948096886,"#4daf4a"
6.6,5.5,2.49134948096886,"#4daf4a"
7,6.4,2.24913494809689,"#ffd300"
7.2,6.4,2.24913494809689,"#ffd300"
7.4,6.4,2.24913494809689,"#ffd300"
8,6.4,2.24913494809689,"#ffd300"
7.8,6.4,2.24913494809689,"#ffd300"
7.6,6.4,2.24913494809689,"#ffd300"
7,6.4,0.0692041522491349,"#f781bf"
7.2,6.2,0.0692041522491349,"#f781bf"
7.4,6.2,0.0692041522491349,"#f781bf"
8,4.6,0.0692041522491349,"#ffd300"
7.8,4.8,0.0692041522491349,"#ffd300"
7.6,4.8,0.0692041522491349,"#ffd300"
7,6.4,2.11072664359862,"#AAAAAA"
7.2,5.8,2.11072664359862,"#AAAAAA"
7.4,5.8,2.11072664359862,"#AAAAAA"
8,1,2.11072664359862,"#ffd300"
7.8,1.6,2.11072664359862,"#ffd300"
7.6,1.6,2.11072664359862,"#ffd300"
7,6.4,37.2664359861592,"#4daf4a"
7.2,6.3,37.2664359861592,"#4daf4a"
7.4,6.3,37.2664359861592,"#4daf4a"
8,5.5,37.2664359861592,"#ffd300"
7.8,5.6,37.2664359861592,"#ffd300"
7.6,5.6,37.2664359861592,"#ffd300"
7,6.4,0.0346020761245675,"#a65628"
7.2,6.1,0.0346020761245675,"#a65628"
7.4,6.1,0.0346020761245675,"#a65628"
8,3.7,0.0346020761245675,"#ffd300"
7.8,4,0.0346020761245675,"#ffd300"
7.6,4,0.0346020761245675,"#ffd300"
7,4.6,0.519031141868512,"#f781bf"
7.2,4.6,0.519031141868512,"#f781bf"
7.4,4.6,0.519031141868512,"#f781bf"
8,4.6,0.519031141868512,"#f781bf"
7.8,4.6,0.519031141868512,"#f781bf"
7.6,4.6,0.519031141868512,"#f781bf"
7,4.6,0.0346020761245675,"#AAAAAA"
7.2,4.2,0.0346020761245675,"#AAAAAA"
7.4,4.2,0.0346020761245675,"#AAAAAA"
8,1,0.0346020761245675,"#f781bf"
7.8,1.4,0.0346020761245675,"#f781bf"
7.6,1.4,0.0346020761245675,"#f781bf"
7,4.6,0.103806228373702,"#a65628"
7.2,4.5,0.103806228373702,"#a65628"
7.4,4.5,0.103806228373702,"#a65628"
8,3.7,0.103806228373702,"#f781bf"
7.8,3.8,0.103806228373702,"#f781bf"
7.6,3.8,0.103806228373702,"#f781bf"
7,1,0.173010380622837,"#ffd300"
7.2,1.6,0.173010380622837,"#ffd300"
7.4,1.6,0.173010380622837,"#ffd300"
8,6.4,0.173010380622837,"#AAAAAA"
7.8,5.8,0.173010380622837,"#AAAAAA"
7.6,5.8,0.173010380622837,"#AAAAAA"
7,1,0.0692041522491349,"#f781bf"
7.2,1.4,0.0692041522491349,"#f781bf"
7.4,1.4,0.0692041522491349,"#f781bf"
8,4.6,0.0692041522491349,"#AAAAAA"
7.8,4.2,0.0692041522491349,"#AAAAAA"
7.6,4.2,0.0692041522491349,"#AAAAAA"
7,1,22.4913494809689,"#AAAAAA"
7.2,1,22.4913494809689,"#AAAAAA"
7.4,1,22.4913494809689,"#AAAAAA"
8,1,22.4913494809689,"#AAAAAA"
7.8,1,22.4913494809689,"#AAAAAA"
7.6,1,22.4913494809689,"#AAAAAA"
7,1,0.103806228373702,"#4daf4a"
7.2,1.5,0.103806228373702,"#4daf4a"
7.4,1.5,0.103806228373702,"#4daf4a"
8,5.5,0.103806228373702,"#AAAAAA"
7.8,5,0.103806228373702,"#AAAAAA"
7.6,5,0.103806228373702,"#AAAAAA"
7,1,0.0692041522491349,"#a65628"
7.2,1.3,0.0692041522491349,"#a65628"
7.4,1.3,0.0692041522491349,"#a65628"
8,3.7,0.0692041522491349,"#AAAAAA"
7.8,3.4,0.0692041522491349,"#AAAAAA"
7.6,3.4,0.0692041522491349,"#AAAAAA"
7,5.5,32.076124567474,"#ffd300"
7.2,5.6,32.076124567474,"#ffd300"
7.4,5.6,32.076124567474,"#ffd300"
8,6.4,32.076124567474,"#4daf4a"
7.8,6.3,32.076124567474,"#4daf4a"
7.6,6.3,32.076124567474,"#4daf4a"
7,5.5,0.0346020761245675,"#f781bf"
7.2,5.4,0.0346020761245675,"#f781bf"
7.4,5.4,0.0346020761245675,"#f781bf"
8,4.6,0.0346020761245675,"#4daf4a"
7.8,4.7,0.0346020761245675,"#4daf4a"
7.6,4.7,0.0346020761245675,"#4daf4a"
7,5.5,0.726643598615917,"#AAAAAA"
7.2,5,0.726643598615917,"#AAAAAA"
7.4,5,0.726643598615917,"#AAAAAA"
8,1,0.726643598615917,"#4daf4a"
7.8,1.5,0.726643598615917,"#4daf4a"
7.6,1.5,0.726643598615917,"#4daf4a"
7,5.5,1.79930795847751,"#4daf4a"
7.2,5.5,1.79930795847751,"#4daf4a"
7.4,5.5,1.79930795847751,"#4daf4a"
8,5.5,1.79930795847751,"#4daf4a"
7.8,5.5,1.79930795847751,"#4daf4a"
7.6,5.5,1.79930795847751,"#4daf4a"
7,5.5,0.0692041522491349,"#a65628"
7.2,5.3,0.0692041522491349,"#a65628"
7.4,5.3,0.0692041522491349,"#a65628"
8,3.7,0.0692041522491349,"#4daf4a"
7.8,3.9,0.0692041522491349,"#4daf4a"
7.6,3.9,0.0692041522491349,"#4daf4a"
8,6.4,2.56055363321799,"#ffd300"
8.2,6.4,2.56055363321799,"#ffd300"
8.4,6.4,2.56055363321799,"#ffd300"
9,6.4,2.56055363321799,"#ffd300"
8.8,6.4,2.56055363321799,"#ffd300"
8.6,6.4,2.56055363321799,"#ffd300"
8,6.4,0.0692041522491349,"#f781bf"
8.2,6.2,0.0692041522491349,"#f781bf"
8.4,6.2,0.0692041522491349,"#f781bf"
9,4.6,0.0692041522491349,"#ffd300"
8.8,4.8,0.0692041522491349,"#ffd300"
8.6,4.8,0.0692041522491349,"#ffd300"
8,6.4,0.103806228373702,"#AAAAAA"
8.2,5.8,0.103806228373702,"#AAAAAA"
8.4,5.8,0.103806228373702,"#AAAAAA"
9,1,0.103806228373702,"#ffd300"
8.8,1.6,0.103806228373702,"#ffd300"
8.6,1.6,0.103806228373702,"#ffd300"
8,6.4,31.7647058823529,"#4daf4a"
8.2,6.3,31.7647058823529,"#4daf4a"
8.4,6.3,31.7647058823529,"#4daf4a"
9,5.5,31.7647058823529,"#ffd300"
8.8,5.6,31.7647058823529,"#ffd300"
8.6,5.6,31.7647058823529,"#ffd300"
8,4.6,0.0346020761245675,"#f781bf"
8.2,4.6,0.0346020761245675,"#f781bf"
8.4,4.6,0.0346020761245675,"#f781bf"
9,4.6,0.0346020761245675,"#f781bf"
8.8,4.6,0.0346020761245675,"#f781bf"
8.6,4.6,0.0346020761245675,"#f781bf"
8,4.6,0.13840830449827,"#4daf4a"
8.2,4.7,0.13840830449827,"#4daf4a"
8.4,4.7,0.13840830449827,"#4daf4a"
9,5.5,0.13840830449827,"#f781bf"
8.8,5.4,0.13840830449827,"#f781bf"
8.6,5.4,0.13840830449827,"#f781bf"
8,1,0.934256055363322,"#ffd300"
8.2,1.6,0.934256055363322,"#ffd300"
8.4,1.6,0.934256055363322,"#ffd300"
9,6.4,0.934256055363322,"#AAAAAA"
8.8,5.8,0.934256055363322,"#AAAAAA"
8.6,5.8,0.934256055363322,"#AAAAAA"
8,1,0.0692041522491349,"#f781bf"
8.2,1.4,0.0692041522491349,"#f781bf"
8.4,1.4,0.0692041522491349,"#f781bf"
9,4.6,0.0692041522491349,"#AAAAAA"
8.8,4.2,0.0692041522491349,"#AAAAAA"
8.6,4.2,0.0692041522491349,"#AAAAAA"
8,1,24.3598615916955,"#AAAAAA"
8.2,1,24.3598615916955,"#AAAAAA"
8.4,1,24.3598615916955,"#AAAAAA"
9,1,24.3598615916955,"#AAAAAA"
8.8,1,24.3598615916955,"#AAAAAA"
8.6,1,24.3598615916955,"#AAAAAA"
8,1,0.519031141868512,"#4daf4a"
8.2,1.5,0.519031141868512,"#4daf4a"
8.4,1.5,0.519031141868512,"#4daf4a"
9,5.5,0.519031141868512,"#AAAAAA"
8.8,5,0.519031141868512,"#AAAAAA"
8.6,5,0.519031141868512,"#AAAAAA"
8,5.5,38.6159169550173,"#ffd300"
8.2,5.6,38.6159169550173,"#ffd300"
8.4,5.6,38.6159169550173,"#ffd300"
9,6.4,38.6159169550173,"#4daf4a"
8.8,6.3,38.6159169550173,"#4daf4a"
8.6,6.3,38.6159169550173,"#4daf4a"
8,5.5,0.0346020761245675,"#f781bf"
8.2,5.4,0.0346020761245675,"#f781bf"
8.4,5.4,0.0346020761245675,"#f781bf"
9,4.6,0.0346020761245675,"#4daf4a"
8.8,4.7,0.0346020761245675,"#4daf4a"
8.6,4.7,0.0346020761245675,"#4daf4a"
8,5.5,0.103806228373702,"#AAAAAA"
8.2,5,0.103806228373702,"#AAAAAA"
8.4,5,0.103806228373702,"#AAAAAA"
9,1,0.103806228373702,"#4daf4a"
8.8,1.5,0.103806228373702,"#4daf4a"
8.6,1.5,0.103806228373702,"#4daf4a"
8,5.5,0.41522491349481,"#4daf4a"
8.2,5.5,0.41522491349481,"#4daf4a"
8.4,5.5,0.41522491349481,"#4daf4a"
9,5.5,0.41522491349481,"#4daf4a"
8.8,5.5,0.41522491349481,"#4daf4a"
8.6,5.5,0.41522491349481,"#4daf4a"
8,3.7,0.0346020761245675,"#ffd300"
8.2,4,0.0346020761245675,"#ffd300"
8.4,4,0.0346020761245675,"#ffd300"
9,6.4,0.0346020761245675,"#a65628"
8.8,6.1,0.0346020761245675,"#a65628"
8.6,6.1,0.0346020761245675,"#a65628"
8,3.7,0.242214532871972,"#4daf4a"
8.2,3.9,0.242214532871972,"#4daf4a"
8.4,3.9,0.242214532871972,"#4daf4a"
9,5.5,0.242214532871972,"#a65628"
8.8,5.3,0.242214532871972,"#a65628"
8.6,5.3,0.242214532871972,"#a65628"
9,6.4,3.42560553633218,"#ffd300"
9.2,6.4,3.42560553633218,"#ffd300"
9.4,6.4,3.42560553633218,"#ffd300"
10,6.4,3.42560553633218,"#ffd300"
9.8,6.4,3.42560553633218,"#ffd300"
9.6,6.4,3.42560553633218,"#ffd300"
9,6.4,0.103806228373702,"#AAAAAA"
9.2,5.8,0.103806228373702,"#AAAAAA"
9.4,5.8,0.103806228373702,"#AAAAAA"
10,1,0.103806228373702,"#ffd300"
9.8,1.6,0.103806228373702,"#ffd300"
9.6,1.6,0.103806228373702,"#ffd300"
9,6.4,38.6159169550173,"#4daf4a"
9.2,6.3,38.6159169550173,"#4daf4a"
9.4,6.3,38.6159169550173,"#4daf4a"
10,5.5,38.6159169550173,"#ffd300"
9.8,5.6,38.6159169550173,"#ffd300"
9.6,5.6,38.6159169550173,"#ffd300"
9,4.6,0.0692041522491349,"#ffd300"
9.2,4.8,0.0692041522491349,"#ffd300"
9.4,4.8,0.0692041522491349,"#ffd300"
10,6.4,0.0692041522491349,"#f781bf"
9.8,6.2,0.0692041522491349,"#f781bf"
9.6,6.2,0.0692041522491349,"#f781bf"
9,4.6,0.0692041522491349,"#f781bf"
9.2,4.6,0.0692041522491349,"#f781bf"
9.4,4.6,0.0692041522491349,"#f781bf"
10,4.6,0.0692041522491349,"#f781bf"
9.8,4.6,0.0692041522491349,"#f781bf"
9.6,4.6,0.0692041522491349,"#f781bf"
9,4.6,0.0692041522491349,"#4daf4a"
9.2,4.7,0.0692041522491349,"#4daf4a"
9.4,4.7,0.0692041522491349,"#4daf4a"
10,5.5,0.0692041522491349,"#f781bf"
9.8,5.4,0.0692041522491349,"#f781bf"
9.6,5.4,0.0692041522491349,"#f781bf"
9,1,0.0346020761245675,"#ffd300"
9.2,1.6,0.0346020761245675,"#ffd300"
9.4,1.6,0.0346020761245675,"#ffd300"
10,6.4,0.0346020761245675,"#AAAAAA"
9.8,5.8,0.0346020761245675,"#AAAAAA"
9.6,5.8,0.0346020761245675,"#AAAAAA"
9,1,24.4636678200692,"#AAAAAA"
9.2,1,24.4636678200692,"#AAAAAA"
9.4,1,24.4636678200692,"#AAAAAA"
10,1,24.4636678200692,"#AAAAAA"
9.8,1,24.4636678200692,"#AAAAAA"
9.6,1,24.4636678200692,"#AAAAAA"
9,1,0.0692041522491349,"#4daf4a"
9.2,1.5,0.0692041522491349,"#4daf4a"
9.4,1.5,0.0692041522491349,"#4daf4a"
10,5.5,0.0692041522491349,"#AAAAAA"
9.8,5,0.0692041522491349,"#AAAAAA"
9.6,5,0.0692041522491349,"#AAAAAA"
9,5.5,30.4844290657439,"#ffd300"
9.2,5.6,30.4844290657439,"#ffd300"
9.4,5.6,30.4844290657439,"#ffd300"
10,6.4,30.4844290657439,"#4daf4a"
9.8,6.3,30.4844290657439,"#4daf4a"
9.6,6.3,30.4844290657439,"#4daf4a"
9,5.5,0.0692041522491349,"#f781bf"
9.2,5.4,0.0692041522491349,"#f781bf"
9.4,5.4,0.0692041522491349,"#f781bf"
10,4.6,0.0692041522491349,"#4daf4a"
9.8,4.7,0.0692041522491349,"#4daf4a"
9.6,4.7,0.0692041522491349,"#4daf4a"
9,5.5,2.52595155709343,"#4daf4a"
9.2,5.5,2.52595155709343,"#4daf4a"
9.4,5.5,2.52595155709343,"#4daf4a"
10,5.5,2.52595155709343,"#4daf4a"
9.8,5.5,2.52595155709343,"#4daf4a"
9.6,5.5,2.52595155709343,"#4daf4a"
10,6.4,1.52249134948097,"#ffd300"
10.2,6.4,1.52249134948097,"#ffd300"
10.4,6.4,1.52249134948097,"#ffd300"
11,6.4,1.52249134948097,"#ffd300"
10.8,6.4,1.52249134948097,"#ffd300"
10.6,6.4,1.52249134948097,"#ffd300"
10,6.4,0.13840830449827,"#AAAAAA"
10.2,5.8,0.13840830449827,"#AAAAAA"
10.4,5.8,0.13840830449827,"#AAAAAA"
11,1,0.13840830449827,"#ffd300"
10.8,1.6,0.13840830449827,"#ffd300"
10.6,1.6,0.13840830449827,"#ffd300"
10,6.4,32.3529411764706,"#4daf4a"
10.2,6.3,32.3529411764706,"#4daf4a"
10.4,6.3,32.3529411764706,"#4daf4a"
11,5.5,32.3529411764706,"#ffd300"
10.8,5.6,32.3529411764706,"#ffd300"
10.6,5.6,32.3529411764706,"#ffd300"
10,4.6,0.0346020761245675,"#ffd300"
10.2,4.8,0.0346020761245675,"#ffd300"
10.4,4.8,0.0346020761245675,"#ffd300"
11,6.4,0.0346020761245675,"#f781bf"
10.8,6.2,0.0346020761245675,"#f781bf"
10.6,6.2,0.0346020761245675,"#f781bf"
10,4.6,0.0346020761245675,"#f781bf"
10.2,4.6,0.0346020761245675,"#f781bf"
10.4,4.6,0.0346020761245675,"#f781bf"
11,4.6,0.0346020761245675,"#f781bf"
10.8,4.6,0.0346020761245675,"#f781bf"
10.6,4.6,0.0346020761245675,"#f781bf"
10,4.6,0.0692041522491349,"#4daf4a"
10.2,4.7,0.0692041522491349,"#4daf4a"
10.4,4.7,0.0692041522491349,"#4daf4a"
11,5.5,0.0692041522491349,"#f781bf"
10.8,5.4,0.0692041522491349,"#f781bf"
10.6,5.4,0.0692041522491349,"#f781bf"
10,1,0.173010380622837,"#ffd300"
10.2,1.6,0.173010380622837,"#ffd300"
10.4,1.6,0.173010380622837,"#ffd300"
11,6.4,0.173010380622837,"#AAAAAA"
10.8,5.8,0.173010380622837,"#AAAAAA"
10.6,5.8,0.173010380622837,"#AAAAAA"
10,1,24.3252595155709,"#AAAAAA"
10.2,1,24.3252595155709,"#AAAAAA"
10.4,1,24.3252595155709,"#AAAAAA"
11,1,24.3252595155709,"#AAAAAA"
10.8,1,24.3252595155709,"#AAAAAA"
10.6,1,24.3252595155709,"#AAAAAA"
10,1,0.0692041522491349,"#4daf4a"
10.2,1.5,0.0692041522491349,"#4daf4a"
10.4,1.5,0.0692041522491349,"#4daf4a"
11,5.5,0.0692041522491349,"#AAAAAA"
10.8,5,0.0692041522491349,"#AAAAAA"
10.6,5,0.0692041522491349,"#AAAAAA"
10,5.5,39.0657439446367,"#ffd300"
10.2,5.6,39.0657439446367,"#ffd300"
10.4,5.6,39.0657439446367,"#ffd300"
11,6.4,39.0657439446367,"#4daf4a"
10.8,6.3,39.0657439446367,"#4daf4a"
10.6,6.3,39.0657439446367,"#4daf4a"
10,5.5,0.13840830449827,"#f781bf"
10.2,5.4,0.13840830449827,"#f781bf"
10.4,5.4,0.13840830449827,"#f781bf"
11,4.6,0.13840830449827,"#4daf4a"
10.8,4.7,0.13840830449827,"#4daf4a"
10.6,4.7,0.13840830449827,"#4daf4a"
10,5.5,0.173010380622837,"#AAAAAA"
10.2,5,0.173010380622837,"#AAAAAA"
10.4,5,0.173010380622837,"#AAAAAA"
11,1,0.173010380622837,"#4daf4a"
10.8,1.5,0.173010380622837,"#4daf4a"
10.6,1.5,0.173010380622837,"#4daf4a"
10,5.5,1.90311418685121,"#4daf4a"
10.2,5.5,1.90311418685121,"#4daf4a"
10.4,5.5,1.90311418685121,"#4daf4a"
11,5.5,1.90311418685121,"#4daf4a"
10.8,5.5,1.90311418685121,"#4daf4a"
10.6,5.5,1.90311418685121,"#4daf4a"
11,6.4,1.17647058823529,"#ffd300"
11.2,6.4,1.17647058823529,"#ffd300"
11.4,6.4,1.17647058823529,"#ffd300"
12,6.4,1.17647058823529,"#ffd300"
11.8,6.4,1.17647058823529,"#ffd300"
11.6,6.4,1.17647058823529,"#ffd300"
11,6.4,0.55363321799308,"#AAAAAA"
11.2,5.8,0.55363321799308,"#AAAAAA"
11.4,5.8,0.55363321799308,"#AAAAAA"
12,1,0.55363321799308,"#ffd300"
11.8,1.6,0.55363321799308,"#ffd300"
11.6,1.6,0.55363321799308,"#ffd300"
11,6.4,39.0657439446367,"#4daf4a"
11.2,6.3,39.0657439446367,"#4daf4a"
11.4,6.3,39.0657439446367,"#4daf4a"
12,5.5,39.0657439446367,"#ffd300"
11.8,5.6,39.0657439446367,"#ffd300"
11.6,5.6,39.0657439446367,"#ffd300"
11,4.6,0.0346020761245675,"#f781bf"
11.2,4.6,0.0346020761245675,"#f781bf"
11.4,4.6,0.0346020761245675,"#f781bf"
12,4.6,0.0346020761245675,"#f781bf"
11.8,4.6,0.0346020761245675,"#f781bf"
11.6,4.6,0.0346020761245675,"#f781bf"
11,4.6,0.0692041522491349,"#AAAAAA"
11.2,4.2,0.0692041522491349,"#AAAAAA"
11.4,4.2,0.0692041522491349,"#AAAAAA"
12,1,0.0692041522491349,"#f781bf"
11.8,1.4,0.0692041522491349,"#f781bf"
11.6,1.4,0.0692041522491349,"#f781bf"
11,4.6,0.0692041522491349,"#4daf4a"
11.2,4.7,0.0692041522491349,"#4daf4a"
11.4,4.7,0.0692041522491349,"#4daf4a"
12,5.5,0.0692041522491349,"#f781bf"
11.8,5.4,0.0692041522491349,"#f781bf"
11.6,5.4,0.0692041522491349,"#f781bf"
11,1,0.207612456747405,"#ffd300"
11.2,1.6,0.207612456747405,"#ffd300"
11.4,1.6,0.207612456747405,"#ffd300"
12,6.4,0.207612456747405,"#AAAAAA"
11.8,5.8,0.207612456747405,"#AAAAAA"
11.6,5.8,0.207612456747405,"#AAAAAA"
11,1,23.9446366782007,"#AAAAAA"
11.2,1,23.9446366782007,"#AAAAAA"
11.4,1,23.9446366782007,"#AAAAAA"
12,1,23.9446366782007,"#AAAAAA"
11.8,1,23.9446366782007,"#AAAAAA"
11.6,1,23.9446366782007,"#AAAAAA"
11,1,0.484429065743945,"#4daf4a"
11.2,1.5,0.484429065743945,"#4daf4a"
11.4,1.5,0.484429065743945,"#4daf4a"
12,5.5,0.484429065743945,"#AAAAAA"
11.8,5,0.484429065743945,"#AAAAAA"
11.6,5,0.484429065743945,"#AAAAAA"
11,5.5,23.5640138408305,"#ffd300"
11.2,5.6,23.5640138408305,"#ffd300"
11.4,5.6,23.5640138408305,"#ffd300"
12,6.4,23.5640138408305,"#4daf4a"
11.8,6.3,23.5640138408305,"#4daf4a"
11.6,6.3,23.5640138408305,"#4daf4a"
11,5.5,0.0692041522491349,"#f781bf"
11.2,5.4,0.0692041522491349,"#f781bf"
11.4,5.4,0.0692041522491349,"#f781bf"
12,4.6,0.0692041522491349,"#4daf4a"
11.8,4.7,0.0692041522491349,"#4daf4a"
11.6,4.7,0.0692041522491349,"#4daf4a"
11,5.5,9.8961937716263,"#AAAAAA"
11.2,5,9.8961937716263,"#AAAAAA"
11.4,5,9.8961937716263,"#AAAAAA"
12,1,9.8961937716263,"#4daf4a"
11.8,1.5,9.8961937716263,"#4daf4a"
11.6,1.5,9.8961937716263,"#4daf4a"
11,5.5,0.865051903114187,"#4daf4a"
11.2,5.5,0.865051903114187,"#4daf4a"
11.4,5.5,0.865051903114187,"#4daf4a"
12,5.5,0.865051903114187,"#4daf4a"
11.8,5.5,0.865051903114187,"#4daf4a"
11.6,5.5,0.865051903114187,"#4daf4a"
12,6.4,1.280276816609,"#ffd300"
12.2,6.4,1.280276816609,"#ffd300"
12.4,6.4,1.280276816609,"#ffd300"
13,6.4,1.280276816609,"#ffd300"
12.8,6.4,1.280276816609,"#ffd300"
12.6,6.4,1.280276816609,"#ffd300"
12,6.4,0.0692041522491349,"#f781bf"
12.2,6.2,0.0692041522491349,"#f781bf"
12.4,6.2,0.0692041522491349,"#f781bf"
13,4.6,0.0692041522491349,"#ffd300"
12.8,4.8,0.0692041522491349,"#ffd300"
12.6,4.8,0.0692041522491349,"#ffd300"
12,6.4,0.13840830449827,"#AAAAAA"
12.2,5.8,0.13840830449827,"#AAAAAA"
12.4,5.8,0.13840830449827,"#AAAAAA"
13,1,0.13840830449827,"#ffd300"
12.8,1.6,0.13840830449827,"#ffd300"
12.6,1.6,0.13840830449827,"#ffd300"
12,6.4,23.4602076124567,"#4daf4a"
12.2,6.3,23.4602076124567,"#4daf4a"
12.4,6.3,23.4602076124567,"#4daf4a"
13,5.5,23.4602076124567,"#ffd300"
12.8,5.6,23.4602076124567,"#ffd300"
12.6,5.6,23.4602076124567,"#ffd300"
12,4.6,0.0346020761245675,"#ffd300"
12.2,4.8,0.0346020761245675,"#ffd300"
12.4,4.8,0.0346020761245675,"#ffd300"
13,6.4,0.0346020761245675,"#f781bf"
12.8,6.2,0.0346020761245675,"#f781bf"
12.6,6.2,0.0346020761245675,"#f781bf"
12,4.6,0.0692041522491349,"#f781bf"
12.2,4.6,0.0692041522491349,"#f781bf"
12.4,4.6,0.0692041522491349,"#f781bf"
13,4.6,0.0692041522491349,"#f781bf"
12.8,4.6,0.0692041522491349,"#f781bf"
12.6,4.6,0.0692041522491349,"#f781bf"
12,4.6,0.0346020761245675,"#4daf4a"
12.2,4.7,0.0346020761245675,"#4daf4a"
12.4,4.7,0.0346020761245675,"#4daf4a"
13,5.5,0.0346020761245675,"#f781bf"
12.8,5.4,0.0346020761245675,"#f781bf"
12.6,5.4,0.0346020761245675,"#f781bf"
12,1,9.65397923875432,"#ffd300"
12.2,1.6,9.65397923875432,"#ffd300"
12.4,1.6,9.65397923875432,"#ffd300"
13,6.4,9.65397923875432,"#AAAAAA"
12.8,5.8,9.65397923875432,"#AAAAAA"
12.6,5.8,9.65397923875432,"#AAAAAA"
12,1,0.0692041522491349,"#f781bf"
12.2,1.4,0.0692041522491349,"#f781bf"
12.4,1.4,0.0692041522491349,"#f781bf"
13,4.6,0.0692041522491349,"#AAAAAA"
12.8,4.2,0.0692041522491349,"#AAAAAA"
12.6,4.2,0.0692041522491349,"#AAAAAA"
12,1,24.636678200692,"#AAAAAA"
12.2,1,24.636678200692,"#AAAAAA"
12.4,1,24.636678200692,"#AAAAAA"
13,1,24.636678200692,"#AAAAAA"
12.8,1,24.636678200692,"#AAAAAA"
12.6,1,24.636678200692,"#AAAAAA"
12,1,0.0692041522491349,"#4daf4a"
12.2,1.5,0.0692041522491349,"#4daf4a"
12.4,1.5,0.0692041522491349,"#4daf4a"
13,5.5,0.0692041522491349,"#AAAAAA"
12.8,5,0.0692041522491349,"#AAAAAA"
12.6,5,0.0692041522491349,"#AAAAAA"
12,5.5,39.4117647058824,"#ffd300"
12.2,5.6,39.4117647058824,"#ffd300"
12.4,5.6,39.4117647058824,"#ffd300"
13,6.4,39.4117647058824,"#4daf4a"
12.8,6.3,39.4117647058824,"#4daf4a"
12.6,6.3,39.4117647058824,"#4daf4a"
12,5.5,0.27681660899654,"#f781bf"
12.2,5.4,0.27681660899654,"#f781bf"
12.4,5.4,0.27681660899654,"#f781bf"
13,4.6,0.27681660899654,"#4daf4a"
12.8,4.7,0.27681660899654,"#4daf4a"
12.6,4.7,0.27681660899654,"#4daf4a"
12,5.5,0.13840830449827,"#AAAAAA"
12.2,5,0.13840830449827,"#AAAAAA"
12.4,5,0.13840830449827,"#AAAAAA"
13,1,0.13840830449827,"#4daf4a"
12.8,1.5,0.13840830449827,"#4daf4a"
12.6,1.5,0.13840830449827,"#4daf4a"
12,5.5,0.657439446366782,"#4daf4a"
12.2,5.5,0.657439446366782,"#4daf4a"
12.4,5.5,0.657439446366782,"#4daf4a"
13,5.5,0.657439446366782,"#4daf4a"
12.8,5.5,0.657439446366782,"#4daf4a"
12.6,5.5,0.657439446366782,"#4daf4a"
13,6.4,0.519031141868512,"#ffd300"
13.2,6.4,0.519031141868512,"#ffd300"
13.4,6.4,0.519031141868512,"#ffd300"
14,6.4,0.519031141868512,"#ffd300"
13.8,6.4,0.519031141868512,"#ffd300"
13.6,6.4,0.519031141868512,"#ffd300"
13,6.4,0.103806228373702,"#f781bf"
13.2,6.2,0.103806228373702,"#f781bf"
13.4,6.2,0.103806228373702,"#f781bf"
14,4.6,0.103806228373702,"#ffd300"
13.8,4.8,0.103806228373702,"#ffd300"
13.6,4.8,0.103806228373702,"#ffd300"
13,6.4,0.449826989619377,"#AAAAAA"
13.2,5.8,0.449826989619377,"#AAAAAA"
13.4,5.8,0.449826989619377,"#AAAAAA"
14,1,0.449826989619377,"#ffd300"
13.8,1.6,0.449826989619377,"#ffd300"
13.6,1.6,0.449826989619377,"#ffd300"
13,6.4,49.3079584775086,"#4daf4a"
13.2,6.3,49.3079584775086,"#4daf4a"
13.4,6.3,49.3079584775086,"#4daf4a"
14,5.5,49.3079584775086,"#ffd300"
13.8,5.6,49.3079584775086,"#ffd300"
13.6,5.6,49.3079584775086,"#ffd300"
13,4.6,0.207612456747405,"#f781bf"
13.2,4.6,0.207612456747405,"#f781bf"
13.4,4.6,0.207612456747405,"#f781bf"
14,4.6,0.207612456747405,"#f781bf"
13.8,4.6,0.207612456747405,"#f781bf"
13.6,4.6,0.207612456747405,"#f781bf"
13,4.6,0.173010380622837,"#AAAAAA"
13.2,4.2,0.173010380622837,"#AAAAAA"
13.4,4.2,0.173010380622837,"#AAAAAA"
14,1,0.173010380622837,"#f781bf"
13.8,1.4,0.173010380622837,"#f781bf"
13.6,1.4,0.173010380622837,"#f781bf"
13,4.6,0.13840830449827,"#4daf4a"
13.2,4.7,0.13840830449827,"#4daf4a"
13.4,4.7,0.13840830449827,"#4daf4a"
14,5.5,0.13840830449827,"#f781bf"
13.8,5.4,0.13840830449827,"#f781bf"
13.6,5.4,0.13840830449827,"#f781bf"
13,1,0.13840830449827,"#ffd300"
13.2,1.6,0.13840830449827,"#ffd300"
13.4,1.6,0.13840830449827,"#ffd300"
14,6.4,0.13840830449827,"#AAAAAA"
13.8,5.8,0.13840830449827,"#AAAAAA"
13.6,5.8,0.13840830449827,"#AAAAAA"
13,1,24.6020761245675,"#AAAAAA"
13.2,1,24.6020761245675,"#AAAAAA"
13.4,1,24.6020761245675,"#AAAAAA"
14,1,24.6020761245675,"#AAAAAA"
13.8,1,24.6020761245675,"#AAAAAA"
13.6,1,24.6020761245675,"#AAAAAA"
13,1,0.13840830449827,"#4daf4a"
13.2,1.5,0.13840830449827,"#4daf4a"
13.4,1.5,0.13840830449827,"#4daf4a"
14,5.5,0.13840830449827,"#AAAAAA"
13.8,5,0.13840830449827,"#AAAAAA"
13.6,5,0.13840830449827,"#AAAAAA"
13,5.5,22.80276816609,"#ffd300"
13.2,5.6,22.80276816609,"#ffd300"
13.4,5.6,22.80276816609,"#ffd300"
14,6.4,22.80276816609,"#4daf4a"
13.8,6.3,22.80276816609,"#4daf4a"
13.6,6.3,22.80276816609,"#4daf4a"
13,5.5,0.207612456747405,"#AAAAAA"
13.2,5,0.207612456747405,"#AAAAAA"
13.4,5,0.207612456747405,"#AAAAAA"
14,1,0.207612456747405,"#4daf4a"
13.8,1.5,0.207612456747405,"#4daf4a"
13.6,1.5,0.207612456747405,"#4daf4a"
13,5.5,1.21107266435986,"#4daf4a"
13.2,5.5,1.21107266435986,"#4daf4a"
13.4,5.5,1.21107266435986,"#4daf4a"
14,5.5,1.21107266435986,"#4daf4a"
13.8,5.5,1.21107266435986,"#4daf4a"
13.6,5.5,1.21107266435986,"#4daf4a"
