"xCoords","yCoords","width","colorToUse"
1,6.4,0.0706464146944542,"#ffd300"
1.2,6.4,0.0706464146944542,"#ffd300"
1.4,6.4,0.0706464146944542,"#ffd300"
2,6.4,0.0706464146944542,"#ffd300"
1.8,6.4,0.0706464146944542,"#ffd300"
1.6,6.4,0.0706464146944542,"#ffd300"
1,6.4,0.24726245143059,"#AAAAAA"
1.2,5.8,0.24726245143059,"#AAAAAA"
1.4,5.8,0.24726245143059,"#AAAAAA"
2,1,0.24726245143059,"#ffd300"
1.8,1.6,0.24726245143059,"#ffd300"
1.6,1.6,0.24726245143059,"#ffd300"
1,6.4,0.282585658777817,"#a65628"
1.2,6.1,0.282585658777817,"#a65628"
1.4,6.1,0.282585658777817,"#a65628"
2,3.7,0.282585658777817,"#ffd300"
1.8,4,0.282585658777817,"#ffd300"
1.6,4,0.282585658777817,"#ffd300"
1,1.9,0.0706464146944542,"#a65628"
1.2,2.1,0.0706464146944542,"#a65628"
1.4,2.1,0.0706464146944542,"#a65628"
2,3.7,0.0706464146944542,"#e41a1c"
1.8,3.5,0.0706464146944542,"#e41a1c"
1.6,3.5,0.0706464146944542,"#e41a1c"
1,4.6,0.0353232073472271,"#ffd300"
1.2,4.8,0.0353232073472271,"#ffd300"
1.4,4.8,0.0353232073472271,"#ffd300"
2,6.4,0.0353232073472271,"#f781bf"
1.8,6.2,0.0353232073472271,"#f781bf"
1.6,6.2,0.0353232073472271,"#f781bf"
1,4.6,0.282585658777817,"#f781bf"
1.2,4.6,0.282585658777817,"#f781bf"
1.4,4.6,0.282585658777817,"#f781bf"
2,4.6,0.282585658777817,"#f781bf"
1.8,4.6,0.282585658777817,"#f781bf"
1.6,4.6,0.282585658777817,"#f781bf"
1,4.6,0.49452490286118,"#AAAAAA"
1.2,4.2,0.49452490286118,"#AAAAAA"
1.4,4.2,0.49452490286118,"#AAAAAA"
2,1,0.49452490286118,"#f781bf"
1.8,1.4,0.49452490286118,"#f781bf"
1.6,1.4,0.49452490286118,"#f781bf"
1,4.6,0.105969622041681,"#4daf4a"
1.2,4.7,0.105969622041681,"#4daf4a"
1.4,4.7,0.105969622041681,"#4daf4a"
2,5.5,0.105969622041681,"#f781bf"
1.8,5.4,0.105969622041681,"#f781bf"
1.6,5.4,0.105969622041681,"#f781bf"
1,4.6,0.317908866125044,"#a65628"
1.2,4.5,0.317908866125044,"#a65628"
1.4,4.5,0.317908866125044,"#a65628"
2,3.7,0.317908866125044,"#f781bf"
1.8,3.8,0.317908866125044,"#f781bf"
1.6,3.8,0.317908866125044,"#f781bf"
1,1,0.141292829388908,"#ffd300"
1.2,1.6,0.141292829388908,"#ffd300"
1.4,1.6,0.141292829388908,"#ffd300"
2,6.4,0.141292829388908,"#AAAAAA"
1.8,5.8,0.141292829388908,"#AAAAAA"
1.6,5.8,0.141292829388908,"#AAAAAA"
1,1,0.0706464146944542,"#f781bf"
1.2,1.4,0.0706464146944542,"#f781bf"
1.4,1.4,0.0706464146944542,"#f781bf"
2,4.6,0.0706464146944542,"#AAAAAA"
1.8,4.2,0.0706464146944542,"#AAAAAA"
1.6,4.2,0.0706464146944542,"#AAAAAA"
1,1,11.1621335217238,"#AAAAAA"
1.2,1,11.1621335217238,"#AAAAAA"
1.4,1,11.1621335217238,"#AAAAAA"
2,1,11.1621335217238,"#AAAAAA"
1.8,1,11.1621335217238,"#AAAAAA"
1.6,1,11.1621335217238,"#AAAAAA"
1,1,0.847756976333451,"#4daf4a"
1.2,1.5,0.847756976333451,"#4daf4a"
1.4,1.5,0.847756976333451,"#4daf4a"
2,5.5,0.847756976333451,"#AAAAAA"
1.8,5,0.847756976333451,"#AAAAAA"
1.6,5,0.847756976333451,"#AAAAAA"
1,1,0.0706464146944542,"#a65628"
1.2,1.3,0.0706464146944542,"#a65628"
1.4,1.3,0.0706464146944542,"#a65628"
2,3.7,0.0706464146944542,"#AAAAAA"
1.8,3.4,0.0706464146944542,"#AAAAAA"
1.6,3.4,0.0706464146944542,"#AAAAAA"
1,5.5,0.141292829388908,"#ffd300"
1.2,5.6,0.141292829388908,"#ffd300"
1.4,5.6,0.141292829388908,"#ffd300"
2,6.4,0.141292829388908,"#4daf4a"
1.8,6.3,0.141292829388908,"#4daf4a"
1.6,6.3,0.141292829388908,"#4daf4a"
1,5.5,0.141292829388908,"#f781bf"
1.2,5.4,0.141292829388908,"#f781bf"
1.4,5.4,0.141292829388908,"#f781bf"
2,4.6,0.141292829388908,"#4daf4a"
1.8,4.7,0.141292829388908,"#4daf4a"
1.6,4.7,0.141292829388908,"#4daf4a"
1,5.5,0.953726598375133,"#AAAAAA"
1.2,5,0.953726598375133,"#AAAAAA"
1.4,5,0.953726598375133,"#AAAAAA"
2,1,0.953726598375133,"#4daf4a"
1.8,1.5,0.953726598375133,"#4daf4a"
1.6,1.5,0.953726598375133,"#4daf4a"
1,5.5,0.565171317555634,"#4daf4a"
1.2,5.5,0.565171317555634,"#4daf4a"
1.4,5.5,0.565171317555634,"#4daf4a"
2,5.5,0.565171317555634,"#4daf4a"
1.8,5.5,0.565171317555634,"#4daf4a"
1.6,5.5,0.565171317555634,"#4daf4a"
1,5.5,31.7555634051572,"#a65628"
1.2,5.3,31.7555634051572,"#a65628"
1.4,5.3,31.7555634051572,"#a65628"
2,3.7,31.7555634051572,"#4daf4a"
1.8,3.9,31.7555634051572,"#4daf4a"
1.6,3.9,31.7555634051572,"#4daf4a"
1,3.7,0.282585658777817,"#ffd300"
1.2,4,0.282585658777817,"#ffd300"
1.4,4,0.282585658777817,"#ffd300"
2,6.4,0.282585658777817,"#a65628"
1.8,6.1,0.282585658777817,"#a65628"
1.6,6.1,0.282585658777817,"#a65628"
1,3.7,0.0353232073472271,"#e41a1c"
1.2,3.5,0.0353232073472271,"#e41a1c"
1.4,3.5,0.0353232073472271,"#e41a1c"
2,1.9,0.0353232073472271,"#a65628"
1.8,2.1,0.0353232073472271,"#a65628"
1.6,2.1,0.0353232073472271,"#a65628"
1,3.7,0.105969622041681,"#f781bf"
1.2,3.8,0.105969622041681,"#f781bf"
1.4,3.8,0.105969622041681,"#f781bf"
2,4.6,0.105969622041681,"#a65628"
1.8,4.5,0.105969622041681,"#a65628"
1.6,4.5,0.105969622041681,"#a65628"
1,3.7,2.01342281879195,"#AAAAAA"
1.2,3.4,2.01342281879195,"#AAAAAA"
1.4,3.4,2.01342281879195,"#AAAAAA"
2,1,2.01342281879195,"#a65628"
1.8,1.3,2.01342281879195,"#a65628"
1.6,1.3,2.01342281879195,"#a65628"
1,3.7,48.675379724479,"#4daf4a"
1.2,3.9,48.675379724479,"#4daf4a"
1.4,3.9,48.675379724479,"#4daf4a"
2,5.5,48.675379724479,"#a65628"
1.8,5.3,48.675379724479,"#a65628"
1.6,5.3,48.675379724479,"#a65628"
1,3.7,1.13034263511127,"#a65628"
1.2,3.7,1.13034263511127,"#a65628"
1.4,3.7,1.13034263511127,"#a65628"
2,3.7,1.13034263511127,"#a65628"
1.8,3.7,1.13034263511127,"#a65628"
1.6,3.7,1.13034263511127,"#a65628"
2,6.4,0.0706464146944542,"#f781bf"
2.2,6.2,0.0706464146944542,"#f781bf"
2.4,6.2,0.0706464146944542,"#f781bf"
3,4.6,0.0706464146944542,"#ffd300"
2.8,4.8,0.0706464146944542,"#ffd300"
2.6,4.8,0.0706464146944542,"#ffd300"
2,6.4,0.282585658777817,"#AAAAAA"
2.2,5.8,0.282585658777817,"#AAAAAA"
2.4,5.8,0.282585658777817,"#AAAAAA"
3,1,0.282585658777817,"#ffd300"
2.8,1.6,0.282585658777817,"#ffd300"
2.6,1.6,0.282585658777817,"#ffd300"
2,6.4,0.176616036736136,"#4daf4a"
2.2,6.3,0.176616036736136,"#4daf4a"
2.4,6.3,0.176616036736136,"#4daf4a"
3,5.5,0.176616036736136,"#ffd300"
2.8,5.6,0.176616036736136,"#ffd300"
2.6,5.6,0.176616036736136,"#ffd300"
2,6.4,0.141292829388908,"#a65628"
2.2,6.1,0.141292829388908,"#a65628"
2.4,6.1,0.141292829388908,"#a65628"
3,3.7,0.141292829388908,"#ffd300"
2.8,4,0.141292829388908,"#ffd300"
2.6,4,0.141292829388908,"#ffd300"
2,1.9,0.0353232073472271,"#AAAAAA"
2.2,1.8,0.0353232073472271,"#AAAAAA"
2.4,1.8,0.0353232073472271,"#AAAAAA"
3,1,0.0353232073472271,"#e41a1c"
2.8,1.1,0.0353232073472271,"#e41a1c"
2.6,1.1,0.0353232073472271,"#e41a1c"
2,4.6,0.353232073472271,"#f781bf"
2.2,4.6,0.353232073472271,"#f781bf"
2.4,4.6,0.353232073472271,"#f781bf"
3,4.6,0.353232073472271,"#f781bf"
2.8,4.6,0.353232073472271,"#f781bf"
2.6,4.6,0.353232073472271,"#f781bf"
2,4.6,0.423878488166726,"#AAAAAA"
2.2,4.2,0.423878488166726,"#AAAAAA"
2.4,4.2,0.423878488166726,"#AAAAAA"
3,1,0.423878488166726,"#f781bf"
2.8,1.4,0.423878488166726,"#f781bf"
2.6,1.4,0.423878488166726,"#f781bf"
2,4.6,0.0353232073472271,"#a65628"
2.2,4.5,0.0353232073472271,"#a65628"
2.4,4.5,0.0353232073472271,"#a65628"
3,3.7,0.0353232073472271,"#f781bf"
2.8,3.8,0.0353232073472271,"#f781bf"
2.6,3.8,0.0353232073472271,"#f781bf"
2,1,0.105969622041681,"#f781bf"
2.2,1.4,0.105969622041681,"#f781bf"
2.4,1.4,0.105969622041681,"#f781bf"
3,4.6,0.105969622041681,"#AAAAAA"
2.8,4.2,0.105969622041681,"#AAAAAA"
2.6,4.2,0.105969622041681,"#AAAAAA"
2,1,13.069586718474,"#AAAAAA"
2.2,1,13.069586718474,"#AAAAAA"
2.4,1,13.069586718474,"#AAAAAA"
3,1,13.069586718474,"#AAAAAA"
2.8,1,13.069586718474,"#AAAAAA"
2.6,1,13.069586718474,"#AAAAAA"
2,1,0.671140939597315,"#4daf4a"
2.2,1.5,0.671140939597315,"#4daf4a"
2.4,1.5,0.671140939597315,"#4daf4a"
3,5.5,0.671140939597315,"#AAAAAA"
2.8,5,0.671140939597315,"#AAAAAA"
2.6,5,0.671140939597315,"#AAAAAA"
2,1,0.812433768986224,"#a65628"
2.2,1.3,0.812433768986224,"#a65628"
2.4,1.3,0.812433768986224,"#a65628"
3,3.7,0.812433768986224,"#AAAAAA"
2.8,3.4,0.812433768986224,"#AAAAAA"
2.6,3.4,0.812433768986224,"#AAAAAA"
2,5.5,0.0353232073472271,"#f781bf"
2.2,5.4,0.0353232073472271,"#f781bf"
2.4,5.4,0.0353232073472271,"#f781bf"
3,4.6,0.0353232073472271,"#4daf4a"
2.8,4.7,0.0353232073472271,"#4daf4a"
2.6,4.7,0.0353232073472271,"#4daf4a"
2,5.5,2.82585658777817,"#AAAAAA"
2.2,5,2.82585658777817,"#AAAAAA"
2.4,5,2.82585658777817,"#AAAAAA"
3,1,2.82585658777817,"#4daf4a"
2.8,1.5,2.82585658777817,"#4daf4a"
2.6,1.5,2.82585658777817,"#4daf4a"
2,5.5,0.883080183680678,"#4daf4a"
2.2,5.5,0.883080183680678,"#4daf4a"
2.4,5.5,0.883080183680678,"#4daf4a"
3,5.5,0.883080183680678,"#4daf4a"
2.8,5.5,0.883080183680678,"#4daf4a"
2.6,5.5,0.883080183680678,"#4daf4a"
2,5.5,46.4500176616037,"#a65628"
2.2,5.3,46.4500176616037,"#a65628"
2.4,5.3,46.4500176616037,"#a65628"
3,3.7,46.4500176616037,"#4daf4a"
2.8,3.9,46.4500176616037,"#4daf4a"
2.6,3.9,46.4500176616037,"#4daf4a"
2,3.7,0.0353232073472271,"#ffd300"
2.2,4,0.0353232073472271,"#ffd300"
2.4,4,0.0353232073472271,"#ffd300"
3,6.4,0.0353232073472271,"#a65628"
2.8,6.1,0.0353232073472271,"#a65628"
2.6,6.1,0.0353232073472271,"#a65628"
2,3.7,1.94277640409749,"#AAAAAA"
2.2,3.4,1.94277640409749,"#AAAAAA"
2.4,3.4,1.94277640409749,"#AAAAAA"
3,1,1.94277640409749,"#a65628"
2.8,1.3,1.94277640409749,"#a65628"
2.6,1.3,1.94277640409749,"#a65628"
2,3.7,30.8724832214765,"#4daf4a"
2.2,3.9,30.8724832214765,"#4daf4a"
2.4,3.9,30.8724832214765,"#4daf4a"
3,5.5,30.8724832214765,"#a65628"
2.8,5.3,30.8724832214765,"#a65628"
2.6,5.3,30.8724832214765,"#a65628"
2,3.7,0.777110561638997,"#a65628"
2.2,3.7,0.777110561638997,"#a65628"
2.4,3.7,0.777110561638997,"#a65628"
3,3.7,0.777110561638997,"#a65628"
2.8,3.7,0.777110561638997,"#a65628"
2.6,3.7,0.777110561638997,"#a65628"
3,6.4,0.0353232073472271,"#a65628"
3.2,6.1,0.0353232073472271,"#a65628"
3.4,6.1,0.0353232073472271,"#a65628"
4,3.7,0.0353232073472271,"#ffd300"
3.8,4,0.0353232073472271,"#ffd300"
3.6,4,0.0353232073472271,"#ffd300"
3,4.6,0.211939244083363,"#f781bf"
3.2,4.6,0.211939244083363,"#f781bf"
3.4,4.6,0.211939244083363,"#f781bf"
4,4.6,0.211939244083363,"#f781bf"
3.8,4.6,0.211939244083363,"#f781bf"
3.6,4.6,0.211939244083363,"#f781bf"
3,4.6,0.0353232073472271,"#AAAAAA"
3.2,4.2,0.0353232073472271,"#AAAAAA"
3.4,4.2,0.0353232073472271,"#AAAAAA"
4,1,0.0353232073472271,"#f781bf"
3.8,1.4,0.0353232073472271,"#f781bf"
3.6,1.4,0.0353232073472271,"#f781bf"
3,4.6,0.0353232073472271,"#a65628"
3.2,4.5,0.0353232073472271,"#a65628"
3.4,4.5,0.0353232073472271,"#a65628"
4,3.7,0.0353232073472271,"#f781bf"
3.8,3.8,0.0353232073472271,"#f781bf"
3.6,3.8,0.0353232073472271,"#f781bf"
3,1,0.0353232073472271,"#ffd300"
3.2,1.6,0.0353232073472271,"#ffd300"
3.4,1.6,0.0353232073472271,"#ffd300"
4,6.4,0.0353232073472271,"#AAAAAA"
3.8,5.8,0.0353232073472271,"#AAAAAA"
3.6,5.8,0.0353232073472271,"#AAAAAA"
3,1,0.98904980572236,"#f781bf"
3.2,1.4,0.98904980572236,"#f781bf"
3.4,1.4,0.98904980572236,"#f781bf"
4,4.6,0.98904980572236,"#AAAAAA"
3.8,4.2,0.98904980572236,"#AAAAAA"
3.6,4.2,0.98904980572236,"#AAAAAA"
3,1,12.5397386082656,"#AAAAAA"
3.2,1,12.5397386082656,"#AAAAAA"
3.4,1,12.5397386082656,"#AAAAAA"
4,1,12.5397386082656,"#AAAAAA"
3.8,1,12.5397386082656,"#AAAAAA"
3.6,1,12.5397386082656,"#AAAAAA"
3,1,1.66019074531967,"#4daf4a"
3.2,1.5,1.66019074531967,"#4daf4a"
3.4,1.5,1.66019074531967,"#4daf4a"
4,5.5,1.66019074531967,"#AAAAAA"
3.8,5,1.66019074531967,"#AAAAAA"
3.6,5,1.66019074531967,"#AAAAAA"
3,1,3.63829035676439,"#a65628"
3.2,1.3,3.63829035676439,"#a65628"
3.4,1.3,3.63829035676439,"#a65628"
4,3.7,3.63829035676439,"#AAAAAA"
3.8,3.4,3.63829035676439,"#AAAAAA"
3.6,3.4,3.63829035676439,"#AAAAAA"
3,5.5,0.105969622041681,"#ffd300"
3.2,5.6,0.105969622041681,"#ffd300"
3.4,5.6,0.105969622041681,"#ffd300"
4,6.4,0.105969622041681,"#4daf4a"
3.8,6.3,0.105969622041681,"#4daf4a"
3.6,6.3,0.105969622041681,"#4daf4a"
3,5.5,0.0353232073472271,"#f781bf"
3.2,5.4,0.0353232073472271,"#f781bf"
3.4,5.4,0.0353232073472271,"#f781bf"
4,4.6,0.0353232073472271,"#4daf4a"
3.8,4.7,0.0353232073472271,"#4daf4a"
3.6,4.7,0.0353232073472271,"#4daf4a"
3,5.5,0.105969622041681,"#AAAAAA"
3.2,5,0.105969622041681,"#AAAAAA"
3.4,5,0.105969622041681,"#AAAAAA"
4,1,0.105969622041681,"#4daf4a"
3.8,1.5,0.105969622041681,"#4daf4a"
3.6,1.5,0.105969622041681,"#4daf4a"
3,5.5,2.40197809961145,"#4daf4a"
3.2,5.5,2.40197809961145,"#4daf4a"
3.4,5.5,2.40197809961145,"#4daf4a"
4,5.5,2.40197809961145,"#4daf4a"
3.8,5.5,2.40197809961145,"#4daf4a"
3.6,5.5,2.40197809961145,"#4daf4a"
3,5.5,29.9540798304486,"#a65628"
3.2,5.3,29.9540798304486,"#a65628"
3.4,5.3,29.9540798304486,"#a65628"
4,3.7,29.9540798304486,"#4daf4a"
3.8,3.9,29.9540798304486,"#4daf4a"
3.6,3.9,29.9540798304486,"#4daf4a"
3,3.7,0.317908866125044,"#ffd300"
3.2,4,0.317908866125044,"#ffd300"
3.4,4,0.317908866125044,"#ffd300"
4,6.4,0.317908866125044,"#a65628"
3.8,6.1,0.317908866125044,"#a65628"
3.6,6.1,0.317908866125044,"#a65628"
3,3.7,0.0353232073472271,"#f781bf"
3.2,3.8,0.0353232073472271,"#f781bf"
3.4,3.8,0.0353232073472271,"#f781bf"
4,4.6,0.0353232073472271,"#a65628"
3.8,4.5,0.0353232073472271,"#a65628"
3.6,4.5,0.0353232073472271,"#a65628"
3,3.7,0.282585658777817,"#AAAAAA"
3.2,3.4,0.282585658777817,"#AAAAAA"
3.4,3.4,0.282585658777817,"#AAAAAA"
4,1,0.282585658777817,"#a65628"
3.8,1.3,0.282585658777817,"#a65628"
3.6,1.3,0.282585658777817,"#a65628"
3,3.7,46.4500176616037,"#4daf4a"
3.2,3.9,46.4500176616037,"#4daf4a"
3.4,3.9,46.4500176616037,"#4daf4a"
4,5.5,46.4500176616037,"#a65628"
3.8,5.3,46.4500176616037,"#a65628"
3.6,5.3,46.4500176616037,"#a65628"
3,3.7,1.13034263511127,"#a65628"
3.2,3.7,1.13034263511127,"#a65628"
3.4,3.7,1.13034263511127,"#a65628"
4,3.7,1.13034263511127,"#a65628"
3.8,3.7,1.13034263511127,"#a65628"
3.6,3.7,1.13034263511127,"#a65628"
4,6.4,0.0353232073472271,"#AAAAAA"
4.2,5.8,0.0353232073472271,"#AAAAAA"
4.4,5.8,0.0353232073472271,"#AAAAAA"
5,1,0.0353232073472271,"#ffd300"
4.8,1.6,0.0353232073472271,"#ffd300"
4.6,1.6,0.0353232073472271,"#ffd300"
4,6.4,0.105969622041681,"#4daf4a"
4.2,6.3,0.105969622041681,"#4daf4a"
4.4,6.3,0.105969622041681,"#4daf4a"
5,5.5,0.105969622041681,"#ffd300"
4.8,5.6,0.105969622041681,"#ffd300"
4.6,5.6,0.105969622041681,"#ffd300"
4,6.4,0.317908866125044,"#a65628"
4.2,6.1,0.317908866125044,"#a65628"
4.4,6.1,0.317908866125044,"#a65628"
5,3.7,0.317908866125044,"#ffd300"
4.8,4,0.317908866125044,"#ffd300"
4.6,4,0.317908866125044,"#ffd300"
4,4.6,0.0353232073472271,"#ffd300"
4.2,4.8,0.0353232073472271,"#ffd300"
4.4,4.8,0.0353232073472271,"#ffd300"
5,6.4,0.0353232073472271,"#f781bf"
4.8,6.2,0.0353232073472271,"#f781bf"
4.6,6.2,0.0353232073472271,"#f781bf"
4,4.6,0.0353232073472271,"#e41a1c"
4.2,4.3,0.0353232073472271,"#e41a1c"
4.4,4.3,0.0353232073472271,"#e41a1c"
5,1.9,0.0353232073472271,"#f781bf"
4.8,2.2,0.0353232073472271,"#f781bf"
4.6,2.2,0.0353232073472271,"#f781bf"
4,4.6,0.388555280819498,"#f781bf"
4.2,4.6,0.388555280819498,"#f781bf"
4.4,4.6,0.388555280819498,"#f781bf"
5,4.6,0.388555280819498,"#f781bf"
4.8,4.6,0.388555280819498,"#f781bf"
4.6,4.6,0.388555280819498,"#f781bf"
4,4.6,0.98904980572236,"#AAAAAA"
4.2,4.2,0.98904980572236,"#AAAAAA"
4.4,4.2,0.98904980572236,"#AAAAAA"
5,1,0.98904980572236,"#f781bf"
4.8,1.4,0.98904980572236,"#f781bf"
4.6,1.4,0.98904980572236,"#f781bf"
4,4.6,0.388555280819498,"#a65628"
4.2,4.5,0.388555280819498,"#a65628"
4.4,4.5,0.388555280819498,"#a65628"
5,3.7,0.388555280819498,"#f781bf"
4.8,3.8,0.388555280819498,"#f781bf"
4.6,3.8,0.388555280819498,"#f781bf"
4,1,0.0353232073472271,"#ffd300"
4.2,1.6,0.0353232073472271,"#ffd300"
4.4,1.6,0.0353232073472271,"#ffd300"
5,6.4,0.0353232073472271,"#AAAAAA"
4.8,5.8,0.0353232073472271,"#AAAAAA"
4.6,5.8,0.0353232073472271,"#AAAAAA"
4,1,0.0706464146944542,"#f781bf"
4.2,1.4,0.0706464146944542,"#f781bf"
4.4,1.4,0.0706464146944542,"#f781bf"
5,4.6,0.0706464146944542,"#AAAAAA"
4.8,4.2,0.0706464146944542,"#AAAAAA"
4.6,4.2,0.0706464146944542,"#AAAAAA"
4,1,11.3740727658071,"#AAAAAA"
4.2,1,11.3740727658071,"#AAAAAA"
4.4,1,11.3740727658071,"#AAAAAA"
5,1,11.3740727658071,"#AAAAAA"
4.8,1,11.3740727658071,"#AAAAAA"
4.6,1,11.3740727658071,"#AAAAAA"
4,1,0.105969622041681,"#4daf4a"
4.2,1.5,0.105969622041681,"#4daf4a"
4.4,1.5,0.105969622041681,"#4daf4a"
5,5.5,0.105969622041681,"#AAAAAA"
4.8,5,0.105969622041681,"#AAAAAA"
4.6,5,0.105969622041681,"#AAAAAA"
4,1,0.812433768986224,"#a65628"
4.2,1.3,0.812433768986224,"#a65628"
4.4,1.3,0.812433768986224,"#a65628"
5,3.7,0.812433768986224,"#AAAAAA"
4.8,3.4,0.812433768986224,"#AAAAAA"
4.6,3.4,0.812433768986224,"#AAAAAA"
4,5.5,0.0353232073472271,"#ffd300"
4.2,5.6,0.0353232073472271,"#ffd300"
4.4,5.6,0.0353232073472271,"#ffd300"
5,6.4,0.0353232073472271,"#4daf4a"
4.8,6.3,0.0353232073472271,"#4daf4a"
4.6,6.3,0.0353232073472271,"#4daf4a"
4,5.5,0.953726598375133,"#e41a1c"
4.2,5.1,0.953726598375133,"#e41a1c"
4.4,5.1,0.953726598375133,"#e41a1c"
5,1.9,0.953726598375133,"#4daf4a"
4.8,2.3,0.953726598375133,"#4daf4a"
4.6,2.3,0.953726598375133,"#4daf4a"
4,5.5,0.0706464146944542,"#f781bf"
4.2,5.4,0.0706464146944542,"#f781bf"
4.4,5.4,0.0706464146944542,"#f781bf"
5,4.6,0.0706464146944542,"#4daf4a"
4.8,4.7,0.0706464146944542,"#4daf4a"
4.6,4.7,0.0706464146944542,"#4daf4a"
4,5.5,0.423878488166726,"#AAAAAA"
4.2,5,0.423878488166726,"#AAAAAA"
4.4,5,0.423878488166726,"#AAAAAA"
5,1,0.423878488166726,"#4daf4a"
4.8,1.5,0.423878488166726,"#4daf4a"
4.6,1.5,0.423878488166726,"#4daf4a"
4,5.5,0.565171317555634,"#4daf4a"
4.2,5.5,0.565171317555634,"#4daf4a"
4.4,5.5,0.565171317555634,"#4daf4a"
5,5.5,0.565171317555634,"#4daf4a"
4.8,5.5,0.565171317555634,"#4daf4a"
4.6,5.5,0.565171317555634,"#4daf4a"
4,5.5,48.4634404803956,"#a65628"
4.2,5.3,48.4634404803956,"#a65628"
4.4,5.3,48.4634404803956,"#a65628"
5,3.7,48.4634404803956,"#4daf4a"
4.8,3.9,48.4634404803956,"#4daf4a"
4.6,3.9,48.4634404803956,"#4daf4a"
4,3.7,0.812433768986224,"#ffd300"
4.2,4,0.812433768986224,"#ffd300"
4.4,4,0.812433768986224,"#ffd300"
5,6.4,0.812433768986224,"#a65628"
4.8,6.1,0.812433768986224,"#a65628"
4.6,6.1,0.812433768986224,"#a65628"
4,3.7,19.4984104556694,"#e41a1c"
4.2,3.5,19.4984104556694,"#e41a1c"
4.4,3.5,19.4984104556694,"#e41a1c"
5,1.9,19.4984104556694,"#a65628"
4.8,2.1,19.4984104556694,"#a65628"
4.6,2.1,19.4984104556694,"#a65628"
4,3.7,0.105969622041681,"#f781bf"
4.2,3.8,0.105969622041681,"#f781bf"
4.4,3.8,0.105969622041681,"#f781bf"
5,4.6,0.105969622041681,"#a65628"
4.8,4.5,0.105969622041681,"#a65628"
4.6,4.5,0.105969622041681,"#a65628"
4,3.7,1.27163546450018,"#AAAAAA"
4.2,3.4,1.27163546450018,"#AAAAAA"
4.4,3.4,1.27163546450018,"#AAAAAA"
5,1,1.27163546450018,"#a65628"
4.8,1.3,1.27163546450018,"#a65628"
4.6,1.3,1.27163546450018,"#a65628"
4,3.7,12.0098904980572,"#4daf4a"
4.2,3.9,12.0098904980572,"#4daf4a"
4.4,3.9,12.0098904980572,"#4daf4a"
5,5.5,12.0098904980572,"#a65628"
4.8,5.3,12.0098904980572,"#a65628"
4.6,5.3,12.0098904980572,"#a65628"
4,3.7,1.09501942776404,"#a65628"
4.2,3.7,1.09501942776404,"#a65628"
4.4,3.7,1.09501942776404,"#a65628"
5,3.7,1.09501942776404,"#a65628"
4.8,3.7,1.09501942776404,"#a65628"
4.6,3.7,1.09501942776404,"#a65628"
5,6.4,0.0706464146944542,"#ffd300"
5.2,6.4,0.0706464146944542,"#ffd300"
5.4,6.4,0.0706464146944542,"#ffd300"
6,6.4,0.0706464146944542,"#ffd300"
5.8,6.4,0.0706464146944542,"#ffd300"
5.6,6.4,0.0706464146944542,"#ffd300"
5,6.4,0.0353232073472271,"#f781bf"
5.2,6.2,0.0353232073472271,"#f781bf"
5.4,6.2,0.0353232073472271,"#f781bf"
6,4.6,0.0353232073472271,"#ffd300"
5.8,4.8,0.0353232073472271,"#ffd300"
5.6,4.8,0.0353232073472271,"#ffd300"
5,6.4,0.105969622041681,"#AAAAAA"
5.2,5.8,0.105969622041681,"#AAAAAA"
5.4,5.8,0.105969622041681,"#AAAAAA"
6,1,0.105969622041681,"#ffd300"
5.8,1.6,0.105969622041681,"#ffd300"
5.6,1.6,0.105969622041681,"#ffd300"
5,6.4,0.706464146944543,"#a65628"
5.2,6.1,0.706464146944543,"#a65628"
5.4,6.1,0.706464146944543,"#a65628"
6,3.7,0.706464146944543,"#ffd300"
5.8,4,0.706464146944543,"#ffd300"
5.6,4,0.706464146944543,"#ffd300"
5,1.9,0.0353232073472271,"#AAAAAA"
5.2,1.8,0.0353232073472271,"#AAAAAA"
5.4,1.8,0.0353232073472271,"#AAAAAA"
6,1,0.0353232073472271,"#e41a1c"
5.8,1.1,0.0353232073472271,"#e41a1c"
5.6,1.1,0.0353232073472271,"#e41a1c"
5,1.9,0.211939244083363,"#4daf4a"
5.2,2.3,0.211939244083363,"#4daf4a"
5.4,2.3,0.211939244083363,"#4daf4a"
6,5.5,0.211939244083363,"#e41a1c"
5.8,5.1,0.211939244083363,"#e41a1c"
5.6,5.1,0.211939244083363,"#e41a1c"
5,1.9,20.2401978099611,"#a65628"
5.2,2.1,20.2401978099611,"#a65628"
5.4,2.1,20.2401978099611,"#a65628"
6,3.7,20.2401978099611,"#e41a1c"
5.8,3.5,20.2401978099611,"#e41a1c"
5.6,3.5,20.2401978099611,"#e41a1c"
5,4.6,0.317908866125044,"#ffd300"
5.2,4.8,0.317908866125044,"#ffd300"
5.4,4.8,0.317908866125044,"#ffd300"
6,6.4,0.317908866125044,"#f781bf"
5.8,6.2,0.317908866125044,"#f781bf"
5.6,6.2,0.317908866125044,"#f781bf"
5,4.6,0.74178735429177,"#f781bf"
5.2,4.6,0.74178735429177,"#f781bf"
5.4,4.6,0.74178735429177,"#f781bf"
6,4.6,0.74178735429177,"#f781bf"
5.8,4.6,0.74178735429177,"#f781bf"
5.6,4.6,0.74178735429177,"#f781bf"
5,4.6,0.141292829388908,"#AAAAAA"
5.2,4.2,0.141292829388908,"#AAAAAA"
5.4,4.2,0.141292829388908,"#AAAAAA"
6,1,0.141292829388908,"#f781bf"
5.8,1.4,0.141292829388908,"#f781bf"
5.6,1.4,0.141292829388908,"#f781bf"
5,4.6,0.353232073472271,"#4daf4a"
5.2,4.7,0.353232073472271,"#4daf4a"
5.4,4.7,0.353232073472271,"#4daf4a"
6,5.5,0.353232073472271,"#f781bf"
5.8,5.4,0.353232073472271,"#f781bf"
5.6,5.4,0.353232073472271,"#f781bf"
5,4.6,0.0353232073472271,"#a65628"
5.2,4.5,0.0353232073472271,"#a65628"
5.4,4.5,0.0353232073472271,"#a65628"
6,3.7,0.0353232073472271,"#f781bf"
5.8,3.8,0.0353232073472271,"#f781bf"
5.6,3.8,0.0353232073472271,"#f781bf"
5,1,0.529848110208407,"#ffd300"
5.2,1.6,0.529848110208407,"#ffd300"
5.4,1.6,0.529848110208407,"#ffd300"
6,6.4,0.529848110208407,"#AAAAAA"
5.8,5.8,0.529848110208407,"#AAAAAA"
5.6,5.8,0.529848110208407,"#AAAAAA"
5,1,0.0353232073472271,"#f781bf"
5.2,1.4,0.0353232073472271,"#f781bf"
5.4,1.4,0.0353232073472271,"#f781bf"
6,4.6,0.0353232073472271,"#AAAAAA"
5.8,4.2,0.0353232073472271,"#AAAAAA"
5.6,4.2,0.0353232073472271,"#AAAAAA"
5,1,11.8332744613211,"#AAAAAA"
5.2,1,11.8332744613211,"#AAAAAA"
5.4,1,11.8332744613211,"#AAAAAA"
6,1,11.8332744613211,"#AAAAAA"
5.8,1,11.8332744613211,"#AAAAAA"
5.6,1,11.8332744613211,"#AAAAAA"
5,1,0.635817732250088,"#4daf4a"
5.2,1.5,0.635817732250088,"#4daf4a"
5.4,1.5,0.635817732250088,"#4daf4a"
6,5.5,0.635817732250088,"#AAAAAA"
5.8,5,0.635817732250088,"#AAAAAA"
5.6,5,0.635817732250088,"#AAAAAA"
5,1,0.105969622041681,"#a65628"
5.2,1.3,0.105969622041681,"#a65628"
5.4,1.3,0.105969622041681,"#a65628"
6,3.7,0.105969622041681,"#AAAAAA"
5.8,3.4,0.105969622041681,"#AAAAAA"
5.6,3.4,0.105969622041681,"#AAAAAA"
5,5.5,0.317908866125044,"#ffd300"
5.2,5.6,0.317908866125044,"#ffd300"
5.4,5.6,0.317908866125044,"#ffd300"
6,6.4,0.317908866125044,"#4daf4a"
5.8,6.3,0.317908866125044,"#4daf4a"
5.6,6.3,0.317908866125044,"#4daf4a"
5,5.5,0.0353232073472271,"#f781bf"
5.2,5.4,0.0353232073472271,"#f781bf"
5.4,5.4,0.0353232073472271,"#f781bf"
6,4.6,0.0353232073472271,"#4daf4a"
5.8,4.7,0.0353232073472271,"#4daf4a"
5.6,4.7,0.0353232073472271,"#4daf4a"
5,5.5,0.0706464146944542,"#AAAAAA"
5.2,5,0.0706464146944542,"#AAAAAA"
5.4,5,0.0706464146944542,"#AAAAAA"
6,1,0.0706464146944542,"#4daf4a"
5.8,1.5,0.0706464146944542,"#4daf4a"
5.6,1.5,0.0706464146944542,"#4daf4a"
5,5.5,0.353232073472271,"#4daf4a"
5.2,5.5,0.353232073472271,"#4daf4a"
5.4,5.5,0.353232073472271,"#4daf4a"
6,5.5,0.353232073472271,"#4daf4a"
5.8,5.5,0.353232073472271,"#4daf4a"
5.6,5.5,0.353232073472271,"#4daf4a"
5,5.5,12.0098904980572,"#a65628"
5.2,5.3,12.0098904980572,"#a65628"
5.4,5.3,12.0098904980572,"#a65628"
6,3.7,12.0098904980572,"#4daf4a"
5.8,3.9,12.0098904980572,"#4daf4a"
5.6,3.9,12.0098904980572,"#4daf4a"
5,3.7,0.812433768986224,"#ffd300"
5.2,4,0.812433768986224,"#ffd300"
5.4,4,0.812433768986224,"#ffd300"
6,6.4,0.812433768986224,"#a65628"
5.8,6.1,0.812433768986224,"#a65628"
5.6,6.1,0.812433768986224,"#a65628"
5,3.7,0.0706464146944542,"#f781bf"
5.2,3.8,0.0706464146944542,"#f781bf"
5.4,3.8,0.0706464146944542,"#f781bf"
6,4.6,0.0706464146944542,"#a65628"
5.8,4.5,0.0706464146944542,"#a65628"
5.6,4.5,0.0706464146944542,"#a65628"
5,3.7,0.635817732250088,"#AAAAAA"
5.2,3.4,0.635817732250088,"#AAAAAA"
5.4,3.4,0.635817732250088,"#AAAAAA"
6,1,0.635817732250088,"#a65628"
5.8,1.3,0.635817732250088,"#a65628"
5.6,1.3,0.635817732250088,"#a65628"
5,3.7,49.0286117979513,"#4daf4a"
5.2,3.9,49.0286117979513,"#4daf4a"
5.4,3.9,49.0286117979513,"#4daf4a"
6,5.5,49.0286117979513,"#a65628"
5.8,5.3,49.0286117979513,"#a65628"
5.6,5.3,49.0286117979513,"#a65628"
5,3.7,0.529848110208407,"#a65628"
5.2,3.7,0.529848110208407,"#a65628"
5.4,3.7,0.529848110208407,"#a65628"
6,3.7,0.529848110208407,"#a65628"
5.8,3.7,0.529848110208407,"#a65628"
5.6,3.7,0.529848110208407,"#a65628"
6,6.4,0.635817732250088,"#ffd300"
6.2,6.4,0.635817732250088,"#ffd300"
6.4,6.4,0.635817732250088,"#ffd300"
7,6.4,0.635817732250088,"#ffd300"
6.8,6.4,0.635817732250088,"#ffd300"
6.6,6.4,0.635817732250088,"#ffd300"
6,6.4,0.0706464146944542,"#e41a1c"
6.2,5.9,0.0706464146944542,"#e41a1c"
6.4,5.9,0.0706464146944542,"#e41a1c"
7,1.9,0.0706464146944542,"#ffd300"
6.8,2.4,0.0706464146944542,"#ffd300"
6.6,2.4,0.0706464146944542,"#ffd300"
6,6.4,0.211939244083363,"#f781bf"
6.2,6.2,0.211939244083363,"#f781bf"
6.4,6.2,0.211939244083363,"#f781bf"
7,4.6,0.211939244083363,"#ffd300"
6.8,4.8,0.211939244083363,"#ffd300"
6.6,4.8,0.211939244083363,"#ffd300"
6,6.4,0.459201695513953,"#AAAAAA"
6.2,5.8,0.459201695513953,"#AAAAAA"
6.4,5.8,0.459201695513953,"#AAAAAA"
7,1,0.459201695513953,"#ffd300"
6.8,1.6,0.459201695513953,"#ffd300"
6.6,1.6,0.459201695513953,"#ffd300"
6,6.4,0.635817732250088,"#4daf4a"
6.2,6.3,0.635817732250088,"#4daf4a"
6.4,6.3,0.635817732250088,"#4daf4a"
7,5.5,0.635817732250088,"#ffd300"
6.8,5.6,0.635817732250088,"#ffd300"
6.6,5.6,0.635817732250088,"#ffd300"
6,6.4,0.0353232073472271,"#a65628"
6.2,6.1,0.0353232073472271,"#a65628"
6.4,6.1,0.0353232073472271,"#a65628"
7,3.7,0.0353232073472271,"#ffd300"
6.8,4,0.0353232073472271,"#ffd300"
6.6,4,0.0353232073472271,"#ffd300"
6,4.6,0.0706464146944542,"#ffd300"
6.2,4.8,0.0706464146944542,"#ffd300"
6.4,4.8,0.0706464146944542,"#ffd300"
7,6.4,0.0706464146944542,"#f781bf"
6.8,6.2,0.0706464146944542,"#f781bf"
6.6,6.2,0.0706464146944542,"#f781bf"
6,4.6,0.953726598375133,"#f781bf"
6.2,4.6,0.953726598375133,"#f781bf"
6.4,4.6,0.953726598375133,"#f781bf"
7,4.6,0.953726598375133,"#f781bf"
6.8,4.6,0.953726598375133,"#f781bf"
6.6,4.6,0.953726598375133,"#f781bf"
6,4.6,0.0353232073472271,"#AAAAAA"
6.2,4.2,0.0353232073472271,"#AAAAAA"
6.4,4.2,0.0353232073472271,"#AAAAAA"
7,1,0.0353232073472271,"#f781bf"
6.8,1.4,0.0353232073472271,"#f781bf"
6.6,1.4,0.0353232073472271,"#f781bf"
6,4.6,0.176616036736136,"#4daf4a"
6.2,4.7,0.176616036736136,"#4daf4a"
6.4,4.7,0.176616036736136,"#4daf4a"
7,5.5,0.176616036736136,"#f781bf"
6.8,5.4,0.176616036736136,"#f781bf"
6.6,5.4,0.176616036736136,"#f781bf"
6,1,0.0706464146944542,"#ffd300"
6.2,1.6,0.0706464146944542,"#ffd300"
6.4,1.6,0.0706464146944542,"#ffd300"
7,6.4,0.0706464146944542,"#AAAAAA"
6.8,5.8,0.0706464146944542,"#AAAAAA"
6.6,5.8,0.0706464146944542,"#AAAAAA"
6,1,0.211939244083363,"#f781bf"
6.2,1.4,0.211939244083363,"#f781bf"
6.4,1.4,0.211939244083363,"#f781bf"
7,4.6,0.211939244083363,"#AAAAAA"
6.8,4.2,0.211939244083363,"#AAAAAA"
6.6,4.2,0.211939244083363,"#AAAAAA"
6,1,11.7626280466266,"#AAAAAA"
6.2,1,11.7626280466266,"#AAAAAA"
6.4,1,11.7626280466266,"#AAAAAA"
7,1,11.7626280466266,"#AAAAAA"
6.8,1,11.7626280466266,"#AAAAAA"
6.6,1,11.7626280466266,"#AAAAAA"
6,1,0.459201695513953,"#4daf4a"
6.2,1.5,0.459201695513953,"#4daf4a"
6.4,1.5,0.459201695513953,"#4daf4a"
7,5.5,0.459201695513953,"#AAAAAA"
6.8,5,0.459201695513953,"#AAAAAA"
6.6,5,0.459201695513953,"#AAAAAA"
6,5.5,0.883080183680678,"#ffd300"
6.2,5.6,0.883080183680678,"#ffd300"
6.4,5.6,0.883080183680678,"#ffd300"
7,6.4,0.883080183680678,"#4daf4a"
6.8,6.3,0.883080183680678,"#4daf4a"
6.6,6.3,0.883080183680678,"#4daf4a"
6,5.5,0.317908866125044,"#e41a1c"
6.2,5.1,0.317908866125044,"#e41a1c"
6.4,5.1,0.317908866125044,"#e41a1c"
7,1.9,0.317908866125044,"#4daf4a"
6.8,2.3,0.317908866125044,"#4daf4a"
6.6,2.3,0.317908866125044,"#4daf4a"
6,5.5,0.49452490286118,"#f781bf"
6.2,5.4,0.49452490286118,"#f781bf"
6.4,5.4,0.49452490286118,"#f781bf"
7,4.6,0.49452490286118,"#4daf4a"
6.8,4.7,0.49452490286118,"#4daf4a"
6.6,4.7,0.49452490286118,"#4daf4a"
6,5.5,0.353232073472271,"#AAAAAA"
6.2,5,0.353232073472271,"#AAAAAA"
6.4,5,0.353232073472271,"#AAAAAA"
7,1,0.353232073472271,"#4daf4a"
6.8,1.5,0.353232073472271,"#4daf4a"
6.6,1.5,0.353232073472271,"#4daf4a"
6,5.5,1.37760508654186,"#4daf4a"
6.2,5.5,1.37760508654186,"#4daf4a"
6.4,5.5,1.37760508654186,"#4daf4a"
7,5.5,1.37760508654186,"#4daf4a"
6.8,5.5,1.37760508654186,"#4daf4a"
6.6,5.5,1.37760508654186,"#4daf4a"
6,5.5,47.1564818085482,"#a65628"
6.2,5.3,47.1564818085482,"#a65628"
6.4,5.3,47.1564818085482,"#a65628"
7,3.7,47.1564818085482,"#4daf4a"
6.8,3.9,47.1564818085482,"#4daf4a"
6.6,3.9,47.1564818085482,"#4daf4a"
6,3.7,0.176616036736136,"#ffd300"
6.2,4,0.176616036736136,"#ffd300"
6.4,4,0.176616036736136,"#ffd300"
7,6.4,0.176616036736136,"#a65628"
6.8,6.1,0.176616036736136,"#a65628"
6.6,6.1,0.176616036736136,"#a65628"
6,3.7,0.0353232073472271,"#f781bf"
6.2,3.8,0.0353232073472271,"#f781bf"
6.4,3.8,0.0353232073472271,"#f781bf"
7,4.6,0.0353232073472271,"#a65628"
6.8,4.5,0.0353232073472271,"#a65628"
6.6,4.5,0.0353232073472271,"#a65628"
6,3.7,0.0353232073472271,"#AAAAAA"
6.2,3.4,0.0353232073472271,"#AAAAAA"
6.4,3.4,0.0353232073472271,"#AAAAAA"
7,1,0.0353232073472271,"#a65628"
6.8,1.3,0.0353232073472271,"#a65628"
6.6,1.3,0.0353232073472271,"#a65628"
6,3.7,32.815259625574,"#4daf4a"
6.2,3.9,32.815259625574,"#4daf4a"
6.4,3.9,32.815259625574,"#4daf4a"
7,5.5,32.815259625574,"#a65628"
6.8,5.3,32.815259625574,"#a65628"
6.6,5.3,32.815259625574,"#a65628"
6,3.7,0.141292829388908,"#a65628"
6.2,3.7,0.141292829388908,"#a65628"
6.4,3.7,0.141292829388908,"#a65628"
7,3.7,0.141292829388908,"#a65628"
6.8,3.7,0.141292829388908,"#a65628"
6.6,3.7,0.141292829388908,"#a65628"
6,3.7,0.423878488166726,"#377eb8"
6.2,3.6,0.423878488166726,"#377eb8"
6.4,3.6,0.423878488166726,"#377eb8"
7,2.8,0.423878488166726,"#a65628"
6.8,2.9,0.423878488166726,"#a65628"
6.6,2.9,0.423878488166726,"#a65628"
7,6.4,0.141292829388908,"#ffd300"
7.2,6.4,0.141292829388908,"#ffd300"
7.4,6.4,0.141292829388908,"#ffd300"
8,6.4,0.141292829388908,"#ffd300"
7.8,6.4,0.141292829388908,"#ffd300"
7.6,6.4,0.141292829388908,"#ffd300"
7,6.4,0.0706464146944542,"#f781bf"
7.2,6.2,0.0706464146944542,"#f781bf"
7.4,6.2,0.0706464146944542,"#f781bf"
8,4.6,0.0706464146944542,"#ffd300"
7.8,4.8,0.0706464146944542,"#ffd300"
7.6,4.8,0.0706464146944542,"#ffd300"
7,6.4,0.0706464146944542,"#AAAAAA"
7.2,5.8,0.0706464146944542,"#AAAAAA"
7.4,5.8,0.0706464146944542,"#AAAAAA"
8,1,0.0706464146944542,"#ffd300"
7.8,1.6,0.0706464146944542,"#ffd300"
7.6,1.6,0.0706464146944542,"#ffd300"
7,6.4,1.3069586718474,"#4daf4a"
7.2,6.3,1.3069586718474,"#4daf4a"
7.4,6.3,1.3069586718474,"#4daf4a"
8,5.5,1.3069586718474,"#ffd300"
7.8,5.6,1.3069586718474,"#ffd300"
7.6,5.6,1.3069586718474,"#ffd300"
7,6.4,0.24726245143059,"#a65628"
7.2,6.1,0.24726245143059,"#a65628"
7.4,6.1,0.24726245143059,"#a65628"
8,3.7,0.24726245143059,"#ffd300"
7.8,4,0.24726245143059,"#ffd300"
7.6,4,0.24726245143059,"#ffd300"
7,1.9,0.353232073472271,"#4daf4a"
7.2,2.3,0.353232073472271,"#4daf4a"
7.4,2.3,0.353232073472271,"#4daf4a"
8,5.5,0.353232073472271,"#e41a1c"
7.8,5.1,0.353232073472271,"#e41a1c"
7.6,5.1,0.353232073472271,"#e41a1c"
7,1.9,0.0353232073472271,"#a65628"
7.2,2.1,0.0353232073472271,"#a65628"
7.4,2.1,0.0353232073472271,"#a65628"
8,3.7,0.0353232073472271,"#e41a1c"
7.8,3.5,0.0353232073472271,"#e41a1c"
7.6,3.5,0.0353232073472271,"#e41a1c"
7,4.6,0.105969622041681,"#ffd300"
7.2,4.8,0.105969622041681,"#ffd300"
7.4,4.8,0.105969622041681,"#ffd300"
8,6.4,0.105969622041681,"#f781bf"
7.8,6.2,0.105969622041681,"#f781bf"
7.6,6.2,0.105969622041681,"#f781bf"
7,4.6,0.565171317555634,"#f781bf"
7.2,4.6,0.565171317555634,"#f781bf"
7.4,4.6,0.565171317555634,"#f781bf"
8,4.6,0.565171317555634,"#f781bf"
7.8,4.6,0.565171317555634,"#f781bf"
7.6,4.6,0.565171317555634,"#f781bf"
7,4.6,0.141292829388908,"#AAAAAA"
7.2,4.2,0.141292829388908,"#AAAAAA"
7.4,4.2,0.141292829388908,"#AAAAAA"
8,1,0.141292829388908,"#f781bf"
7.8,1.4,0.141292829388908,"#f781bf"
7.6,1.4,0.141292829388908,"#f781bf"
7,4.6,0.671140939597315,"#4daf4a"
7.2,4.7,0.671140939597315,"#4daf4a"
7.4,4.7,0.671140939597315,"#4daf4a"
8,5.5,0.671140939597315,"#f781bf"
7.8,5.4,0.671140939597315,"#f781bf"
7.6,5.4,0.671140939597315,"#f781bf"
7,4.6,0.141292829388908,"#a65628"
7.2,4.5,0.141292829388908,"#a65628"
7.4,4.5,0.141292829388908,"#a65628"
8,3.7,0.141292829388908,"#f781bf"
7.8,3.8,0.141292829388908,"#f781bf"
7.6,3.8,0.141292829388908,"#f781bf"
7,1,0.141292829388908,"#ffd300"
7.2,1.6,0.141292829388908,"#ffd300"
7.4,1.6,0.141292829388908,"#ffd300"
8,6.4,0.141292829388908,"#AAAAAA"
7.8,5.8,0.141292829388908,"#AAAAAA"
7.6,5.8,0.141292829388908,"#AAAAAA"
7,1,0.0353232073472271,"#e41a1c"
7.2,1.1,0.0353232073472271,"#e41a1c"
7.4,1.1,0.0353232073472271,"#e41a1c"
8,1.9,0.0353232073472271,"#AAAAAA"
7.8,1.8,0.0353232073472271,"#AAAAAA"
7.6,1.8,0.0353232073472271,"#AAAAAA"
7,1,12.5397386082656,"#AAAAAA"
7.2,1,12.5397386082656,"#AAAAAA"
7.4,1,12.5397386082656,"#AAAAAA"
8,1,12.5397386082656,"#AAAAAA"
7.8,1,12.5397386082656,"#AAAAAA"
7.6,1,12.5397386082656,"#AAAAAA"
7,1,0.176616036736136,"#4daf4a"
7.2,1.5,0.176616036736136,"#4daf4a"
7.4,1.5,0.176616036736136,"#4daf4a"
8,5.5,0.176616036736136,"#AAAAAA"
7.8,5,0.176616036736136,"#AAAAAA"
7.6,5,0.176616036736136,"#AAAAAA"
7,1,0.0353232073472271,"#a65628"
7.2,1.3,0.0353232073472271,"#a65628"
7.4,1.3,0.0353232073472271,"#a65628"
8,3.7,0.0353232073472271,"#AAAAAA"
7.8,3.4,0.0353232073472271,"#AAAAAA"
7.6,3.4,0.0353232073472271,"#AAAAAA"
7,5.5,0.176616036736136,"#ffd300"
7.2,5.6,0.176616036736136,"#ffd300"
7.4,5.6,0.176616036736136,"#ffd300"
8,6.4,0.176616036736136,"#4daf4a"
7.8,6.3,0.176616036736136,"#4daf4a"
7.6,6.3,0.176616036736136,"#4daf4a"
7,5.5,0.0353232073472271,"#e41a1c"
7.2,5.1,0.0353232073472271,"#e41a1c"
7.4,5.1,0.0353232073472271,"#e41a1c"
8,1.9,0.0353232073472271,"#4daf4a"
7.8,2.3,0.0353232073472271,"#4daf4a"
7.6,2.3,0.0353232073472271,"#4daf4a"
7,5.5,0.0706464146944542,"#f781bf"
7.2,5.4,0.0706464146944542,"#f781bf"
7.4,5.4,0.0706464146944542,"#f781bf"
8,4.6,0.0706464146944542,"#4daf4a"
7.8,4.7,0.0706464146944542,"#4daf4a"
7.6,4.7,0.0706464146944542,"#4daf4a"
7,5.5,0.0706464146944542,"#AAAAAA"
7.2,5,0.0706464146944542,"#AAAAAA"
7.4,5,0.0706464146944542,"#AAAAAA"
8,1,0.0706464146944542,"#4daf4a"
7.8,1.5,0.0706464146944542,"#4daf4a"
7.6,1.5,0.0706464146944542,"#4daf4a"
7,5.5,5.29848110208407,"#4daf4a"
7.2,5.5,5.29848110208407,"#4daf4a"
7.4,5.5,5.29848110208407,"#4daf4a"
8,5.5,5.29848110208407,"#4daf4a"
7.8,5.5,5.29848110208407,"#4daf4a"
7.6,5.5,5.29848110208407,"#4daf4a"
7,5.5,29.8127870010597,"#a65628"
7.2,5.3,29.8127870010597,"#a65628"
7.4,5.3,29.8127870010597,"#a65628"
8,3.7,29.8127870010597,"#4daf4a"
7.8,3.9,29.8127870010597,"#4daf4a"
7.6,3.9,29.8127870010597,"#4daf4a"
7,3.7,0.24726245143059,"#ffd300"
7.2,4,0.24726245143059,"#ffd300"
7.4,4,0.24726245143059,"#ffd300"
8,6.4,0.24726245143059,"#a65628"
7.8,6.1,0.24726245143059,"#a65628"
7.6,6.1,0.24726245143059,"#a65628"
7,3.7,0.0706464146944542,"#e41a1c"
7.2,3.5,0.0706464146944542,"#e41a1c"
7.4,3.5,0.0706464146944542,"#e41a1c"
8,1.9,0.0706464146944542,"#a65628"
7.8,2.1,0.0706464146944542,"#a65628"
7.6,2.1,0.0706464146944542,"#a65628"
7,3.7,46.3793712469092,"#4daf4a"
7.2,3.9,46.3793712469092,"#4daf4a"
7.4,3.9,46.3793712469092,"#4daf4a"
8,5.5,46.3793712469092,"#a65628"
7.8,5.3,46.3793712469092,"#a65628"
7.6,5.3,46.3793712469092,"#a65628"
7,3.7,0.635817732250088,"#a65628"
7.2,3.7,0.635817732250088,"#a65628"
7.4,3.7,0.635817732250088,"#a65628"
8,3.7,0.635817732250088,"#a65628"
7.8,3.7,0.635817732250088,"#a65628"
7.6,3.7,0.635817732250088,"#a65628"
7,2.8,0.0353232073472271,"#4daf4a"
7.2,3.1,0.0353232073472271,"#4daf4a"
7.4,3.1,0.0353232073472271,"#4daf4a"
8,5.5,0.0353232073472271,"#377eb8"
7.8,5.2,0.0353232073472271,"#377eb8"
7.6,5.2,0.0353232073472271,"#377eb8"
7,2.8,0.388555280819498,"#a65628"
7.2,2.9,0.388555280819498,"#a65628"
7.4,2.9,0.388555280819498,"#a65628"
8,3.7,0.388555280819498,"#377eb8"
7.8,3.6,0.388555280819498,"#377eb8"
7.6,3.6,0.388555280819498,"#377eb8"
8,6.4,0.211939244083363,"#f781bf"
8.2,6.2,0.211939244083363,"#f781bf"
8.4,6.2,0.211939244083363,"#f781bf"
9,4.6,0.211939244083363,"#ffd300"
8.8,4.8,0.211939244083363,"#ffd300"
8.6,4.8,0.211939244083363,"#ffd300"
8,6.4,0.0706464146944542,"#AAAAAA"
8.2,5.8,0.0706464146944542,"#AAAAAA"
8.4,5.8,0.0706464146944542,"#AAAAAA"
9,1,0.0706464146944542,"#ffd300"
8.8,1.6,0.0706464146944542,"#ffd300"
8.6,1.6,0.0706464146944542,"#ffd300"
8,6.4,0.211939244083363,"#4daf4a"
8.2,6.3,0.211939244083363,"#4daf4a"
8.4,6.3,0.211939244083363,"#4daf4a"
9,5.5,0.211939244083363,"#ffd300"
8.8,5.6,0.211939244083363,"#ffd300"
8.6,5.6,0.211939244083363,"#ffd300"
8,6.4,0.317908866125044,"#a65628"
8.2,6.1,0.317908866125044,"#a65628"
8.4,6.1,0.317908866125044,"#a65628"
9,3.7,0.317908866125044,"#ffd300"
8.8,4,0.317908866125044,"#ffd300"
8.6,4,0.317908866125044,"#ffd300"
8,1.9,0.0706464146944542,"#4daf4a"
8.2,2.3,0.0706464146944542,"#4daf4a"
8.4,2.3,0.0706464146944542,"#4daf4a"
9,5.5,0.0706464146944542,"#e41a1c"
8.8,5.1,0.0706464146944542,"#e41a1c"
8.6,5.1,0.0706464146944542,"#e41a1c"
8,1.9,0.0706464146944542,"#a65628"
8.2,2.1,0.0706464146944542,"#a65628"
8.4,2.1,0.0706464146944542,"#a65628"
9,3.7,0.0706464146944542,"#e41a1c"
8.8,3.5,0.0706464146944542,"#e41a1c"
8.6,3.5,0.0706464146944542,"#e41a1c"
8,4.6,0.600494524902861,"#f781bf"
8.2,4.6,0.600494524902861,"#f781bf"
8.4,4.6,0.600494524902861,"#f781bf"
9,4.6,0.600494524902861,"#f781bf"
8.8,4.6,0.600494524902861,"#f781bf"
8.6,4.6,0.600494524902861,"#f781bf"
8,4.6,0.0353232073472271,"#AAAAAA"
8.2,4.2,0.0353232073472271,"#AAAAAA"
8.4,4.2,0.0353232073472271,"#AAAAAA"
9,1,0.0353232073472271,"#f781bf"
8.8,1.4,0.0353232073472271,"#f781bf"
8.6,1.4,0.0353232073472271,"#f781bf"
8,4.6,0.0353232073472271,"#4daf4a"
8.2,4.7,0.0353232073472271,"#4daf4a"
8.4,4.7,0.0353232073472271,"#4daf4a"
9,5.5,0.0353232073472271,"#f781bf"
8.8,5.4,0.0353232073472271,"#f781bf"
8.6,5.4,0.0353232073472271,"#f781bf"
8,1,0.0706464146944542,"#f781bf"
8.2,1.4,0.0706464146944542,"#f781bf"
8.4,1.4,0.0706464146944542,"#f781bf"
9,4.6,0.0706464146944542,"#AAAAAA"
8.8,4.2,0.0706464146944542,"#AAAAAA"
8.6,4.2,0.0706464146944542,"#AAAAAA"
8,1,12.6103850229601,"#AAAAAA"
8.2,1,12.6103850229601,"#AAAAAA"
8.4,1,12.6103850229601,"#AAAAAA"
9,1,12.6103850229601,"#AAAAAA"
8.8,1,12.6103850229601,"#AAAAAA"
8.6,1,12.6103850229601,"#AAAAAA"
8,1,0.0706464146944542,"#4daf4a"
8.2,1.5,0.0706464146944542,"#4daf4a"
8.4,1.5,0.0706464146944542,"#4daf4a"
9,5.5,0.0706464146944542,"#AAAAAA"
8.8,5,0.0706464146944542,"#AAAAAA"
8.6,5,0.0706464146944542,"#AAAAAA"
8,1,0.105969622041681,"#a65628"
8.2,1.3,0.105969622041681,"#a65628"
8.4,1.3,0.105969622041681,"#a65628"
9,3.7,0.105969622041681,"#AAAAAA"
8.8,3.4,0.105969622041681,"#AAAAAA"
8.6,3.4,0.105969622041681,"#AAAAAA"
8,5.5,0.0353232073472271,"#ffd300"
8.2,5.6,0.0353232073472271,"#ffd300"
8.4,5.6,0.0353232073472271,"#ffd300"
9,6.4,0.0353232073472271,"#4daf4a"
8.8,6.3,0.0353232073472271,"#4daf4a"
8.6,6.3,0.0353232073472271,"#4daf4a"
8,5.5,0.211939244083363,"#f781bf"
8.2,5.4,0.211939244083363,"#f781bf"
8.4,5.4,0.211939244083363,"#f781bf"
9,4.6,0.211939244083363,"#4daf4a"
8.8,4.7,0.211939244083363,"#4daf4a"
8.6,4.7,0.211939244083363,"#4daf4a"
8,5.5,0.105969622041681,"#AAAAAA"
8.2,5,0.105969622041681,"#AAAAAA"
8.4,5,0.105969622041681,"#AAAAAA"
9,1,0.105969622041681,"#4daf4a"
8.8,1.5,0.105969622041681,"#4daf4a"
8.6,1.5,0.105969622041681,"#4daf4a"
8,5.5,4.69798657718121,"#4daf4a"
8.2,5.5,4.69798657718121,"#4daf4a"
8.4,5.5,4.69798657718121,"#4daf4a"
9,5.5,4.69798657718121,"#4daf4a"
8.8,5.5,4.69798657718121,"#4daf4a"
8.6,5.5,4.69798657718121,"#4daf4a"
8,5.5,49.1699046273402,"#a65628"
8.2,5.3,49.1699046273402,"#a65628"
8.4,5.3,49.1699046273402,"#a65628"
9,3.7,49.1699046273402,"#4daf4a"
8.8,3.9,49.1699046273402,"#4daf4a"
8.6,3.9,49.1699046273402,"#4daf4a"
8,3.7,0.565171317555634,"#ffd300"
8.2,4,0.565171317555634,"#ffd300"
8.4,4,0.565171317555634,"#ffd300"
9,6.4,0.565171317555634,"#a65628"
8.8,6.1,0.565171317555634,"#a65628"
8.6,6.1,0.565171317555634,"#a65628"
8,3.7,0.211939244083363,"#f781bf"
8.2,3.8,0.211939244083363,"#f781bf"
8.4,3.8,0.211939244083363,"#f781bf"
9,4.6,0.211939244083363,"#a65628"
8.8,4.5,0.211939244083363,"#a65628"
8.6,4.5,0.211939244083363,"#a65628"
8,3.7,0.141292829388908,"#AAAAAA"
8.2,3.4,0.141292829388908,"#AAAAAA"
8.4,3.4,0.141292829388908,"#AAAAAA"
9,1,0.141292829388908,"#a65628"
8.8,1.3,0.141292829388908,"#a65628"
8.6,1.3,0.141292829388908,"#a65628"
8,3.7,29.388908512893,"#4daf4a"
8.2,3.9,29.388908512893,"#4daf4a"
8.4,3.9,29.388908512893,"#4daf4a"
9,5.5,29.388908512893,"#a65628"
8.8,5.3,29.388908512893,"#a65628"
8.6,5.3,29.388908512893,"#a65628"
8,3.7,0.98904980572236,"#a65628"
8.2,3.7,0.98904980572236,"#a65628"
8.4,3.7,0.98904980572236,"#a65628"
9,3.7,0.98904980572236,"#a65628"
8.8,3.7,0.98904980572236,"#a65628"
8.6,3.7,0.98904980572236,"#a65628"
9,6.4,0.600494524902861,"#ffd300"
9.2,6.4,0.600494524902861,"#ffd300"
9.4,6.4,0.600494524902861,"#ffd300"
10,6.4,0.600494524902861,"#ffd300"
9.8,6.4,0.600494524902861,"#ffd300"
9.6,6.4,0.600494524902861,"#ffd300"
9,4.6,0.0706464146944542,"#ffd300"
9.2,4.8,0.0706464146944542,"#ffd300"
9.4,4.8,0.0706464146944542,"#ffd300"
10,6.4,0.0706464146944542,"#f781bf"
9.8,6.2,0.0706464146944542,"#f781bf"
9.6,6.2,0.0706464146944542,"#f781bf"
9,4.6,0.529848110208407,"#f781bf"
9.2,4.6,0.529848110208407,"#f781bf"
9.4,4.6,0.529848110208407,"#f781bf"
10,4.6,0.529848110208407,"#f781bf"
9.8,4.6,0.529848110208407,"#f781bf"
9.6,4.6,0.529848110208407,"#f781bf"
9,4.6,0.459201695513953,"#AAAAAA"
9.2,4.2,0.459201695513953,"#AAAAAA"
9.4,4.2,0.459201695513953,"#AAAAAA"
10,1,0.459201695513953,"#f781bf"
9.8,1.4,0.459201695513953,"#f781bf"
9.6,1.4,0.459201695513953,"#f781bf"
9,4.6,0.176616036736136,"#4daf4a"
9.2,4.7,0.176616036736136,"#4daf4a"
9.4,4.7,0.176616036736136,"#4daf4a"
10,5.5,0.176616036736136,"#f781bf"
9.8,5.4,0.176616036736136,"#f781bf"
9.6,5.4,0.176616036736136,"#f781bf"
9,1,0.105969622041681,"#ffd300"
9.2,1.6,0.105969622041681,"#ffd300"
9.4,1.6,0.105969622041681,"#ffd300"
10,6.4,0.105969622041681,"#AAAAAA"
9.8,5.8,0.105969622041681,"#AAAAAA"
9.6,5.8,0.105969622041681,"#AAAAAA"
9,1,0.105969622041681,"#f781bf"
9.2,1.4,0.105969622041681,"#f781bf"
9.4,1.4,0.105969622041681,"#f781bf"
10,4.6,0.105969622041681,"#AAAAAA"
9.8,4.2,0.105969622041681,"#AAAAAA"
9.6,4.2,0.105969622041681,"#AAAAAA"
9,1,12.6810314376545,"#AAAAAA"
9.2,1,12.6810314376545,"#AAAAAA"
9.4,1,12.6810314376545,"#AAAAAA"
10,1,12.6810314376545,"#AAAAAA"
9.8,1,12.6810314376545,"#AAAAAA"
9.6,1,12.6810314376545,"#AAAAAA"
9,1,0.141292829388908,"#4daf4a"
9.2,1.5,0.141292829388908,"#4daf4a"
9.4,1.5,0.141292829388908,"#4daf4a"
10,5.5,0.141292829388908,"#AAAAAA"
9.8,5,0.141292829388908,"#AAAAAA"
9.6,5,0.141292829388908,"#AAAAAA"
9,5.5,27.6580713528788,"#ffd300"
9.2,5.6,27.6580713528788,"#ffd300"
9.4,5.6,27.6580713528788,"#ffd300"
10,6.4,27.6580713528788,"#4daf4a"
9.8,6.3,27.6580713528788,"#4daf4a"
9.6,6.3,27.6580713528788,"#4daf4a"
9,5.5,0.105969622041681,"#f781bf"
9.2,5.4,0.105969622041681,"#f781bf"
9.4,5.4,0.105969622041681,"#f781bf"
10,4.6,0.105969622041681,"#4daf4a"
9.8,4.7,0.105969622041681,"#4daf4a"
9.6,4.7,0.105969622041681,"#4daf4a"
9,5.5,6.71140939597315,"#4daf4a"
9.2,5.5,6.71140939597315,"#4daf4a"
9.4,5.5,6.71140939597315,"#4daf4a"
10,5.5,6.71140939597315,"#4daf4a"
9.8,5.5,6.71140939597315,"#4daf4a"
9.6,5.5,6.71140939597315,"#4daf4a"
9,3.7,0.282585658777817,"#ffd300"
9.2,4,0.282585658777817,"#ffd300"
9.4,4,0.282585658777817,"#ffd300"
10,6.4,0.282585658777817,"#a65628"
9.8,6.1,0.282585658777817,"#a65628"
9.6,6.1,0.282585658777817,"#a65628"
9,3.7,0.24726245143059,"#e41a1c"
9.2,3.5,0.24726245143059,"#e41a1c"
9.4,3.5,0.24726245143059,"#e41a1c"
10,1.9,0.24726245143059,"#a65628"
9.8,2.1,0.24726245143059,"#a65628"
9.6,2.1,0.24726245143059,"#a65628"
9,3.7,0.0353232073472271,"#f781bf"
9.2,3.8,0.0353232073472271,"#f781bf"
9.4,3.8,0.0353232073472271,"#f781bf"
10,4.6,0.0353232073472271,"#a65628"
9.8,4.5,0.0353232073472271,"#a65628"
9.6,4.5,0.0353232073472271,"#a65628"
9,3.7,0.105969622041681,"#AAAAAA"
9.2,3.4,0.105969622041681,"#AAAAAA"
9.4,3.4,0.105969622041681,"#AAAAAA"
10,1,0.105969622041681,"#a65628"
9.8,1.3,0.105969622041681,"#a65628"
9.6,1.3,0.105969622041681,"#a65628"
9,3.7,49.9823383963264,"#4daf4a"
9.2,3.9,49.9823383963264,"#4daf4a"
9.4,3.9,49.9823383963264,"#4daf4a"
10,5.5,49.9823383963264,"#a65628"
9.8,5.3,49.9823383963264,"#a65628"
9.6,5.3,49.9823383963264,"#a65628"
10,6.4,0.49452490286118,"#ffd300"
10.2,6.4,0.49452490286118,"#ffd300"
10.4,6.4,0.49452490286118,"#ffd300"
11,6.4,0.49452490286118,"#ffd300"
10.8,6.4,0.49452490286118,"#ffd300"
10.6,6.4,0.49452490286118,"#ffd300"
10,6.4,28.0113034263511,"#4daf4a"
10.2,6.3,28.0113034263511,"#4daf4a"
10.4,6.3,28.0113034263511,"#4daf4a"
11,5.5,28.0113034263511,"#ffd300"
10.8,5.6,28.0113034263511,"#ffd300"
10.6,5.6,28.0113034263511,"#ffd300"
10,6.4,0.211939244083363,"#a65628"
10.2,6.1,0.211939244083363,"#a65628"
10.4,6.1,0.211939244083363,"#a65628"
11,3.7,0.211939244083363,"#ffd300"
10.8,4,0.211939244083363,"#ffd300"
10.6,4,0.211939244083363,"#ffd300"
10,1.9,0.24726245143059,"#a65628"
10.2,2.1,0.24726245143059,"#a65628"
10.4,2.1,0.24726245143059,"#a65628"
11,3.7,0.24726245143059,"#e41a1c"
10.8,3.5,0.24726245143059,"#e41a1c"
10.6,3.5,0.24726245143059,"#e41a1c"
10,4.6,0.105969622041681,"#ffd300"
10.2,4.8,0.105969622041681,"#ffd300"
10.4,4.8,0.105969622041681,"#ffd300"
11,6.4,0.105969622041681,"#f781bf"
10.8,6.2,0.105969622041681,"#f781bf"
10.6,6.2,0.105969622041681,"#f781bf"
10,4.6,0.565171317555634,"#f781bf"
10.2,4.6,0.565171317555634,"#f781bf"
10.4,4.6,0.565171317555634,"#f781bf"
11,4.6,0.565171317555634,"#f781bf"
10.8,4.6,0.565171317555634,"#f781bf"
10.6,4.6,0.565171317555634,"#f781bf"
10,4.6,0.0353232073472271,"#AAAAAA"
10.2,4.2,0.0353232073472271,"#AAAAAA"
10.4,4.2,0.0353232073472271,"#AAAAAA"
11,1,0.0353232073472271,"#f781bf"
10.8,1.4,0.0353232073472271,"#f781bf"
10.6,1.4,0.0353232073472271,"#f781bf"
10,4.6,0.141292829388908,"#4daf4a"
10.2,4.7,0.141292829388908,"#4daf4a"
10.4,4.7,0.141292829388908,"#4daf4a"
11,5.5,0.141292829388908,"#f781bf"
10.8,5.4,0.141292829388908,"#f781bf"
10.6,5.4,0.141292829388908,"#f781bf"
10,4.6,0.0353232073472271,"#a65628"
10.2,4.5,0.0353232073472271,"#a65628"
10.4,4.5,0.0353232073472271,"#a65628"
11,3.7,0.0353232073472271,"#f781bf"
10.8,3.8,0.0353232073472271,"#f781bf"
10.6,3.8,0.0353232073472271,"#f781bf"
10,1,0.282585658777817,"#ffd300"
10.2,1.6,0.282585658777817,"#ffd300"
10.4,1.6,0.282585658777817,"#ffd300"
11,6.4,0.282585658777817,"#AAAAAA"
10.8,5.8,0.282585658777817,"#AAAAAA"
10.6,5.8,0.282585658777817,"#AAAAAA"
10,1,12.6103850229601,"#AAAAAA"
10.2,1,12.6103850229601,"#AAAAAA"
10.4,1,12.6103850229601,"#AAAAAA"
11,1,12.6103850229601,"#AAAAAA"
10.8,1,12.6103850229601,"#AAAAAA"
10.6,1,12.6103850229601,"#AAAAAA"
10,1,0.176616036736136,"#4daf4a"
10.2,1.5,0.176616036736136,"#4daf4a"
10.4,1.5,0.176616036736136,"#4daf4a"
11,5.5,0.176616036736136,"#AAAAAA"
10.8,5,0.176616036736136,"#AAAAAA"
10.6,5,0.176616036736136,"#AAAAAA"
10,1,0.0706464146944542,"#a65628"
10.2,1.3,0.0706464146944542,"#a65628"
10.4,1.3,0.0706464146944542,"#a65628"
11,3.7,0.0706464146944542,"#AAAAAA"
10.8,3.4,0.0706464146944542,"#AAAAAA"
10.6,3.4,0.0706464146944542,"#AAAAAA"
10,5.5,0.282585658777817,"#ffd300"
10.2,5.6,0.282585658777817,"#ffd300"
10.4,5.6,0.282585658777817,"#ffd300"
11,6.4,0.282585658777817,"#4daf4a"
10.8,6.3,0.282585658777817,"#4daf4a"
10.6,6.3,0.282585658777817,"#4daf4a"
10,5.5,0.105969622041681,"#e41a1c"
10.2,5.1,0.105969622041681,"#e41a1c"
10.4,5.1,0.105969622041681,"#e41a1c"
11,1.9,0.105969622041681,"#4daf4a"
10.8,2.3,0.105969622041681,"#4daf4a"
10.6,2.3,0.105969622041681,"#4daf4a"
10,5.5,0.0706464146944542,"#f781bf"
10.2,5.4,0.0706464146944542,"#f781bf"
10.4,5.4,0.0706464146944542,"#f781bf"
11,4.6,0.0706464146944542,"#4daf4a"
10.8,4.7,0.0706464146944542,"#4daf4a"
10.6,4.7,0.0706464146944542,"#4daf4a"
10,5.5,0.141292829388908,"#AAAAAA"
10.2,5,0.141292829388908,"#AAAAAA"
10.4,5,0.141292829388908,"#AAAAAA"
11,1,0.141292829388908,"#4daf4a"
10.8,1.5,0.141292829388908,"#4daf4a"
10.6,1.5,0.141292829388908,"#4daf4a"
10,5.5,6.32285411515366,"#4daf4a"
10.2,5.5,6.32285411515366,"#4daf4a"
10.4,5.5,6.32285411515366,"#4daf4a"
11,5.5,6.32285411515366,"#4daf4a"
10.8,5.5,6.32285411515366,"#4daf4a"
10.6,5.5,6.32285411515366,"#4daf4a"
10,5.5,50.0883080183681,"#a65628"
10.2,5.3,50.0883080183681,"#a65628"
10.4,5.3,50.0883080183681,"#a65628"
11,3.7,50.0883080183681,"#4daf4a"
10.8,3.9,50.0883080183681,"#4daf4a"
10.6,3.9,50.0883080183681,"#4daf4a"
11,6.4,0.0706464146944542,"#ffd300"
11.2,6.4,0.0706464146944542,"#ffd300"
11.4,6.4,0.0706464146944542,"#ffd300"
12,6.4,0.0706464146944542,"#ffd300"
11.8,6.4,0.0706464146944542,"#ffd300"
11.6,6.4,0.0706464146944542,"#ffd300"
11,6.4,0.0353232073472271,"#f781bf"
11.2,6.2,0.0353232073472271,"#f781bf"
11.4,6.2,0.0353232073472271,"#f781bf"
12,4.6,0.0353232073472271,"#ffd300"
11.8,4.8,0.0353232073472271,"#ffd300"
11.6,4.8,0.0353232073472271,"#ffd300"
11,6.4,0.353232073472271,"#AAAAAA"
11.2,5.8,0.353232073472271,"#AAAAAA"
11.4,5.8,0.353232073472271,"#AAAAAA"
12,1,0.353232073472271,"#ffd300"
11.8,1.6,0.353232073472271,"#ffd300"
11.6,1.6,0.353232073472271,"#ffd300"
11,6.4,0.388555280819498,"#4daf4a"
11.2,6.3,0.388555280819498,"#4daf4a"
11.4,6.3,0.388555280819498,"#4daf4a"
12,5.5,0.388555280819498,"#ffd300"
11.8,5.6,0.388555280819498,"#ffd300"
11.6,5.6,0.388555280819498,"#ffd300"
11,6.4,0.317908866125044,"#a65628"
11.2,6.1,0.317908866125044,"#a65628"
11.4,6.1,0.317908866125044,"#a65628"
12,3.7,0.317908866125044,"#ffd300"
11.8,4,0.317908866125044,"#ffd300"
11.6,4,0.317908866125044,"#ffd300"
11,1.9,0.105969622041681,"#4daf4a"
11.2,2.3,0.105969622041681,"#4daf4a"
11.4,2.3,0.105969622041681,"#4daf4a"
12,5.5,0.105969622041681,"#e41a1c"
11.8,5.1,0.105969622041681,"#e41a1c"
11.6,5.1,0.105969622041681,"#e41a1c"
11,4.6,0.565171317555634,"#f781bf"
11.2,4.6,0.565171317555634,"#f781bf"
11.4,4.6,0.565171317555634,"#f781bf"
12,4.6,0.565171317555634,"#f781bf"
11.8,4.6,0.565171317555634,"#f781bf"
11.6,4.6,0.565171317555634,"#f781bf"
11,4.6,0.105969622041681,"#AAAAAA"
11.2,4.2,0.105969622041681,"#AAAAAA"
11.4,4.2,0.105969622041681,"#AAAAAA"
12,1,0.105969622041681,"#f781bf"
11.8,1.4,0.105969622041681,"#f781bf"
11.6,1.4,0.105969622041681,"#f781bf"
11,4.6,0.0353232073472271,"#4daf4a"
11.2,4.7,0.0353232073472271,"#4daf4a"
11.4,4.7,0.0353232073472271,"#4daf4a"
12,5.5,0.0353232073472271,"#f781bf"
11.8,5.4,0.0353232073472271,"#f781bf"
11.6,5.4,0.0353232073472271,"#f781bf"
11,1,0.353232073472271,"#ffd300"
11.2,1.6,0.353232073472271,"#ffd300"
11.4,1.6,0.353232073472271,"#ffd300"
12,6.4,0.353232073472271,"#AAAAAA"
11.8,5.8,0.353232073472271,"#AAAAAA"
11.6,5.8,0.353232073472271,"#AAAAAA"
11,1,0.0353232073472271,"#e41a1c"
11.2,1.1,0.0353232073472271,"#e41a1c"
11.4,1.1,0.0353232073472271,"#e41a1c"
12,1.9,0.0353232073472271,"#AAAAAA"
11.8,1.8,0.0353232073472271,"#AAAAAA"
11.6,1.8,0.0353232073472271,"#AAAAAA"
11,1,0.0706464146944542,"#f781bf"
11.2,1.4,0.0706464146944542,"#f781bf"
11.4,1.4,0.0706464146944542,"#f781bf"
12,4.6,0.0706464146944542,"#AAAAAA"
11.8,4.2,0.0706464146944542,"#AAAAAA"
11.6,4.2,0.0706464146944542,"#AAAAAA"
11,1,9.71388202048746,"#AAAAAA"
11.2,1,9.71388202048746,"#AAAAAA"
11.4,1,9.71388202048746,"#AAAAAA"
12,1,9.71388202048746,"#AAAAAA"
11.8,1,9.71388202048746,"#AAAAAA"
11.6,1,9.71388202048746,"#AAAAAA"
11,1,1.20098904980572,"#4daf4a"
11.2,1.5,1.20098904980572,"#4daf4a"
11.4,1.5,1.20098904980572,"#4daf4a"
12,5.5,1.20098904980572,"#AAAAAA"
11.8,5,1.20098904980572,"#AAAAAA"
11.6,5,1.20098904980572,"#AAAAAA"
11,1,1.34228187919463,"#a65628"
11.2,1.3,1.34228187919463,"#a65628"
11.4,1.3,1.34228187919463,"#a65628"
12,3.7,1.34228187919463,"#AAAAAA"
11.8,3.4,1.34228187919463,"#AAAAAA"
11.6,3.4,1.34228187919463,"#AAAAAA"
11,5.5,0.529848110208407,"#ffd300"
11.2,5.6,0.529848110208407,"#ffd300"
11.4,5.6,0.529848110208407,"#ffd300"
12,6.4,0.529848110208407,"#4daf4a"
11.8,6.3,0.529848110208407,"#4daf4a"
11.6,6.3,0.529848110208407,"#4daf4a"
11,5.5,0.777110561638997,"#AAAAAA"
11.2,5,0.777110561638997,"#AAAAAA"
11.4,5,0.777110561638997,"#AAAAAA"
12,1,0.777110561638997,"#4daf4a"
11.8,1.5,0.777110561638997,"#4daf4a"
11.6,1.5,0.777110561638997,"#4daf4a"
11,5.5,4.06216884493112,"#4daf4a"
11.2,5.5,4.06216884493112,"#4daf4a"
11.4,5.5,4.06216884493112,"#4daf4a"
12,5.5,4.06216884493112,"#4daf4a"
11.8,5.5,4.06216884493112,"#4daf4a"
11.6,5.5,4.06216884493112,"#4daf4a"
11,5.5,29.2476156835041,"#a65628"
11.2,5.3,29.2476156835041,"#a65628"
11.4,5.3,29.2476156835041,"#a65628"
12,3.7,29.2476156835041,"#4daf4a"
11.8,3.9,29.2476156835041,"#4daf4a"
11.6,3.9,29.2476156835041,"#4daf4a"
11,5.5,0.0353232073472271,"#377eb8"
11.2,5.2,0.0353232073472271,"#377eb8"
11.4,5.2,0.0353232073472271,"#377eb8"
12,2.8,0.0353232073472271,"#4daf4a"
11.8,3.1,0.0353232073472271,"#4daf4a"
11.6,3.1,0.0353232073472271,"#4daf4a"
11,3.7,0.105969622041681,"#ffd300"
11.2,4,0.105969622041681,"#ffd300"
11.4,4,0.105969622041681,"#ffd300"
12,6.4,0.105969622041681,"#a65628"
11.8,6.1,0.105969622041681,"#a65628"
11.6,6.1,0.105969622041681,"#a65628"
11,3.7,0.0706464146944542,"#e41a1c"
11.2,3.5,0.0706464146944542,"#e41a1c"
11.4,3.5,0.0706464146944542,"#e41a1c"
12,1.9,0.0706464146944542,"#a65628"
11.8,2.1,0.0706464146944542,"#a65628"
11.6,2.1,0.0706464146944542,"#a65628"
11,3.7,0.0353232073472271,"#f781bf"
11.2,3.8,0.0353232073472271,"#f781bf"
11.4,3.8,0.0353232073472271,"#f781bf"
12,4.6,0.0353232073472271,"#a65628"
11.8,4.5,0.0353232073472271,"#a65628"
11.6,4.5,0.0353232073472271,"#a65628"
11,3.7,0.24726245143059,"#AAAAAA"
11.2,3.4,0.24726245143059,"#AAAAAA"
11.4,3.4,0.24726245143059,"#AAAAAA"
12,1,0.24726245143059,"#a65628"
11.8,1.3,0.24726245143059,"#a65628"
11.6,1.3,0.24726245143059,"#a65628"
11,3.7,49.8410455669375,"#4daf4a"
11.2,3.9,49.8410455669375,"#4daf4a"
11.4,3.9,49.8410455669375,"#4daf4a"
12,5.5,49.8410455669375,"#a65628"
11.8,5.3,49.8410455669375,"#a65628"
11.6,5.3,49.8410455669375,"#a65628"
11,3.7,0.353232073472271,"#a65628"
11.2,3.7,0.353232073472271,"#a65628"
11.4,3.7,0.353232073472271,"#a65628"
12,3.7,0.353232073472271,"#a65628"
11.8,3.7,0.353232073472271,"#a65628"
11.6,3.7,0.353232073472271,"#a65628"
12,6.4,0.0353232073472271,"#ffd300"
12.2,6.4,0.0353232073472271,"#ffd300"
12.4,6.4,0.0353232073472271,"#ffd300"
13,6.4,0.0353232073472271,"#ffd300"
12.8,6.4,0.0353232073472271,"#ffd300"
12.6,6.4,0.0353232073472271,"#ffd300"
12,6.4,0.0706464146944542,"#f781bf"
12.2,6.2,0.0706464146944542,"#f781bf"
12.4,6.2,0.0706464146944542,"#f781bf"
13,4.6,0.0706464146944542,"#ffd300"
12.8,4.8,0.0706464146944542,"#ffd300"
12.6,4.8,0.0706464146944542,"#ffd300"
12,6.4,0.141292829388908,"#AAAAAA"
12.2,5.8,0.141292829388908,"#AAAAAA"
12.4,5.8,0.141292829388908,"#AAAAAA"
13,1,0.141292829388908,"#ffd300"
12.8,1.6,0.141292829388908,"#ffd300"
12.6,1.6,0.141292829388908,"#ffd300"
12,6.4,0.529848110208407,"#4daf4a"
12.2,6.3,0.529848110208407,"#4daf4a"
12.4,6.3,0.529848110208407,"#4daf4a"
13,5.5,0.529848110208407,"#ffd300"
12.8,5.6,0.529848110208407,"#ffd300"
12.6,5.6,0.529848110208407,"#ffd300"
12,6.4,0.282585658777817,"#a65628"
12.2,6.1,0.282585658777817,"#a65628"
12.4,6.1,0.282585658777817,"#a65628"
13,3.7,0.282585658777817,"#ffd300"
12.8,4,0.282585658777817,"#ffd300"
12.6,4,0.282585658777817,"#ffd300"
12,1.9,0.0353232073472271,"#4daf4a"
12.2,2.3,0.0353232073472271,"#4daf4a"
12.4,2.3,0.0353232073472271,"#4daf4a"
13,5.5,0.0353232073472271,"#e41a1c"
12.8,5.1,0.0353232073472271,"#e41a1c"
12.6,5.1,0.0353232073472271,"#e41a1c"
12,1.9,0.0706464146944542,"#a65628"
12.2,2.1,0.0706464146944542,"#a65628"
12.4,2.1,0.0706464146944542,"#a65628"
13,3.7,0.0706464146944542,"#e41a1c"
12.8,3.5,0.0706464146944542,"#e41a1c"
12.6,3.5,0.0706464146944542,"#e41a1c"
12,4.6,0.635817732250088,"#f781bf"
12.2,4.6,0.635817732250088,"#f781bf"
12.4,4.6,0.635817732250088,"#f781bf"
13,4.6,0.635817732250088,"#f781bf"
12.8,4.6,0.635817732250088,"#f781bf"
12.6,4.6,0.635817732250088,"#f781bf"
12,4.6,0.0706464146944542,"#AAAAAA"
12.2,4.2,0.0706464146944542,"#AAAAAA"
12.4,4.2,0.0706464146944542,"#AAAAAA"
13,1,0.0706464146944542,"#f781bf"
12.8,1.4,0.0706464146944542,"#f781bf"
12.6,1.4,0.0706464146944542,"#f781bf"
12,1,0.105969622041681,"#f781bf"
12.2,1.4,0.105969622041681,"#f781bf"
12.4,1.4,0.105969622041681,"#f781bf"
13,4.6,0.105969622041681,"#AAAAAA"
12.8,4.2,0.105969622041681,"#AAAAAA"
12.6,4.2,0.105969622041681,"#AAAAAA"
12,1,10.7029318262098,"#AAAAAA"
12.2,1,10.7029318262098,"#AAAAAA"
12.4,1,10.7029318262098,"#AAAAAA"
13,1,10.7029318262098,"#AAAAAA"
12.8,1,10.7029318262098,"#AAAAAA"
12.6,1,10.7029318262098,"#AAAAAA"
12,1,0.24726245143059,"#4daf4a"
12.2,1.5,0.24726245143059,"#4daf4a"
12.4,1.5,0.24726245143059,"#4daf4a"
13,5.5,0.24726245143059,"#AAAAAA"
12.8,5,0.24726245143059,"#AAAAAA"
12.6,5,0.24726245143059,"#AAAAAA"
12,1,0.141292829388908,"#a65628"
12.2,1.3,0.141292829388908,"#a65628"
12.4,1.3,0.141292829388908,"#a65628"
13,3.7,0.141292829388908,"#AAAAAA"
12.8,3.4,0.141292829388908,"#AAAAAA"
12.6,3.4,0.141292829388908,"#AAAAAA"
12,5.5,0.141292829388908,"#ffd300"
12.2,5.6,0.141292829388908,"#ffd300"
12.4,5.6,0.141292829388908,"#ffd300"
13,6.4,0.141292829388908,"#4daf4a"
12.8,6.3,0.141292829388908,"#4daf4a"
12.6,6.3,0.141292829388908,"#4daf4a"
12,5.5,0.211939244083363,"#f781bf"
12.2,5.4,0.211939244083363,"#f781bf"
12.4,5.4,0.211939244083363,"#f781bf"
13,4.6,0.211939244083363,"#4daf4a"
12.8,4.7,0.211939244083363,"#4daf4a"
12.6,4.7,0.211939244083363,"#4daf4a"
12,5.5,0.282585658777817,"#AAAAAA"
12.2,5,0.282585658777817,"#AAAAAA"
12.4,5,0.282585658777817,"#AAAAAA"
13,1,0.282585658777817,"#4daf4a"
12.8,1.5,0.282585658777817,"#4daf4a"
12.6,1.5,0.282585658777817,"#4daf4a"
12,5.5,0.317908866125044,"#4daf4a"
12.2,5.5,0.317908866125044,"#4daf4a"
12.4,5.5,0.317908866125044,"#4daf4a"
13,5.5,0.317908866125044,"#4daf4a"
12.8,5.5,0.317908866125044,"#4daf4a"
12.6,5.5,0.317908866125044,"#4daf4a"
12,5.5,54.6450017661604,"#a65628"
12.2,5.3,54.6450017661604,"#a65628"
12.4,5.3,54.6450017661604,"#a65628"
13,3.7,54.6450017661604,"#4daf4a"
12.8,3.9,54.6450017661604,"#4daf4a"
12.6,3.9,54.6450017661604,"#4daf4a"
12,5.5,0.0353232073472271,"#377eb8"
12.2,5.2,0.0353232073472271,"#377eb8"
12.4,5.2,0.0353232073472271,"#377eb8"
13,2.8,0.0353232073472271,"#4daf4a"
12.8,3.1,0.0353232073472271,"#4daf4a"
12.6,3.1,0.0353232073472271,"#4daf4a"
12,3.7,0.0706464146944542,"#ffd300"
12.2,4,0.0706464146944542,"#ffd300"
12.4,4,0.0706464146944542,"#ffd300"
13,6.4,0.0706464146944542,"#a65628"
12.8,6.1,0.0706464146944542,"#a65628"
12.6,6.1,0.0706464146944542,"#a65628"
12,3.7,0.0706464146944542,"#f781bf"
12.2,3.8,0.0706464146944542,"#f781bf"
12.4,3.8,0.0706464146944542,"#f781bf"
13,4.6,0.0706464146944542,"#a65628"
12.8,4.5,0.0706464146944542,"#a65628"
12.6,4.5,0.0706464146944542,"#a65628"
12,3.7,0.0706464146944542,"#AAAAAA"
12.2,3.4,0.0706464146944542,"#AAAAAA"
12.4,3.4,0.0706464146944542,"#AAAAAA"
13,1,0.0706464146944542,"#a65628"
12.8,1.3,0.0706464146944542,"#a65628"
12.6,1.3,0.0706464146944542,"#a65628"
12,3.7,30.7311903920876,"#4daf4a"
12.2,3.9,30.7311903920876,"#4daf4a"
12.4,3.9,30.7311903920876,"#4daf4a"
13,5.5,30.7311903920876,"#a65628"
12.8,5.3,30.7311903920876,"#a65628"
12.6,5.3,30.7311903920876,"#a65628"
12,3.7,0.317908866125044,"#a65628"
12.2,3.7,0.317908866125044,"#a65628"
12.4,3.7,0.317908866125044,"#a65628"
13,3.7,0.317908866125044,"#a65628"
12.8,3.7,0.317908866125044,"#a65628"
12.6,3.7,0.317908866125044,"#a65628"
12,2.8,0.0353232073472271,"#4daf4a"
12.2,3.1,0.0353232073472271,"#4daf4a"
12.4,3.1,0.0353232073472271,"#4daf4a"
13,5.5,0.0353232073472271,"#377eb8"
12.8,5.2,0.0353232073472271,"#377eb8"
12.6,5.2,0.0353232073472271,"#377eb8"
13,6.4,0.0706464146944542,"#ffd300"
13.2,6.4,0.0706464146944542,"#ffd300"
13.4,6.4,0.0706464146944542,"#ffd300"
14,6.4,0.0706464146944542,"#ffd300"
13.8,6.4,0.0706464146944542,"#ffd300"
13.6,6.4,0.0706464146944542,"#ffd300"
13,6.4,0.0353232073472271,"#AAAAAA"
13.2,5.8,0.0353232073472271,"#AAAAAA"
13.4,5.8,0.0353232073472271,"#AAAAAA"
14,1,0.0353232073472271,"#ffd300"
13.8,1.6,0.0353232073472271,"#ffd300"
13.6,1.6,0.0353232073472271,"#ffd300"
13,6.4,0.105969622041681,"#4daf4a"
13.2,6.3,0.105969622041681,"#4daf4a"
13.4,6.3,0.105969622041681,"#4daf4a"
14,5.5,0.105969622041681,"#ffd300"
13.8,5.6,0.105969622041681,"#ffd300"
13.6,5.6,0.105969622041681,"#ffd300"
13,6.4,0.0353232073472271,"#a65628"
13.2,6.1,0.0353232073472271,"#a65628"
13.4,6.1,0.0353232073472271,"#a65628"
14,3.7,0.0353232073472271,"#ffd300"
13.8,4,0.0353232073472271,"#ffd300"
13.6,4,0.0353232073472271,"#ffd300"
13,4.6,0.0353232073472271,"#ffd300"
13.2,4.8,0.0353232073472271,"#ffd300"
13.4,4.8,0.0353232073472271,"#ffd300"
14,6.4,0.0353232073472271,"#f781bf"
13.8,6.2,0.0353232073472271,"#f781bf"
13.6,6.2,0.0353232073472271,"#f781bf"
13,4.6,0.706464146944543,"#f781bf"
13.2,4.6,0.706464146944543,"#f781bf"
13.4,4.6,0.706464146944543,"#f781bf"
14,4.6,0.706464146944543,"#f781bf"
13.8,4.6,0.706464146944543,"#f781bf"
13.6,4.6,0.706464146944543,"#f781bf"
13,4.6,0.105969622041681,"#AAAAAA"
13.2,4.2,0.105969622041681,"#AAAAAA"
13.4,4.2,0.105969622041681,"#AAAAAA"
14,1,0.105969622041681,"#f781bf"
13.8,1.4,0.105969622041681,"#f781bf"
13.6,1.4,0.105969622041681,"#f781bf"
13,4.6,0.211939244083363,"#4daf4a"
13.2,4.7,0.211939244083363,"#4daf4a"
13.4,4.7,0.211939244083363,"#4daf4a"
14,5.5,0.211939244083363,"#f781bf"
13.8,5.4,0.211939244083363,"#f781bf"
13.6,5.4,0.211939244083363,"#f781bf"
13,4.6,0.0353232073472271,"#a65628"
13.2,4.5,0.0353232073472271,"#a65628"
13.4,4.5,0.0353232073472271,"#a65628"
14,3.7,0.0353232073472271,"#f781bf"
13.8,3.8,0.0353232073472271,"#f781bf"
13.6,3.8,0.0353232073472271,"#f781bf"
13,1,0.0706464146944542,"#ffd300"
13.2,1.6,0.0706464146944542,"#ffd300"
13.4,1.6,0.0706464146944542,"#ffd300"
14,6.4,0.0706464146944542,"#AAAAAA"
13.8,5.8,0.0706464146944542,"#AAAAAA"
13.6,5.8,0.0706464146944542,"#AAAAAA"
13,1,10.7735782409043,"#AAAAAA"
13.2,1,10.7735782409043,"#AAAAAA"
13.4,1,10.7735782409043,"#AAAAAA"
14,1,10.7735782409043,"#AAAAAA"
13.8,1,10.7735782409043,"#AAAAAA"
13.6,1,10.7735782409043,"#AAAAAA"
13,1,0.423878488166726,"#4daf4a"
13.2,1.5,0.423878488166726,"#4daf4a"
13.4,1.5,0.423878488166726,"#4daf4a"
14,5.5,0.423878488166726,"#AAAAAA"
13.8,5,0.423878488166726,"#AAAAAA"
13.6,5,0.423878488166726,"#AAAAAA"
13,5.5,20.6287530907806,"#ffd300"
13.2,5.6,20.6287530907806,"#ffd300"
13.4,5.6,20.6287530907806,"#ffd300"
14,6.4,20.6287530907806,"#4daf4a"
13.8,6.3,20.6287530907806,"#4daf4a"
13.6,6.3,20.6287530907806,"#4daf4a"
13,5.5,0.0353232073472271,"#f781bf"
13.2,5.4,0.0353232073472271,"#f781bf"
13.4,5.4,0.0353232073472271,"#f781bf"
14,4.6,0.0353232073472271,"#4daf4a"
13.8,4.7,0.0353232073472271,"#4daf4a"
13.6,4.7,0.0353232073472271,"#4daf4a"
13,5.5,0.176616036736136,"#AAAAAA"
13.2,5,0.176616036736136,"#AAAAAA"
13.4,5,0.176616036736136,"#AAAAAA"
14,1,0.176616036736136,"#4daf4a"
13.8,1.5,0.176616036736136,"#4daf4a"
13.6,1.5,0.176616036736136,"#4daf4a"
13,5.5,0.529848110208407,"#4daf4a"
13.2,5.5,0.529848110208407,"#4daf4a"
13.4,5.5,0.529848110208407,"#4daf4a"
14,5.5,0.529848110208407,"#4daf4a"
13.8,5.5,0.529848110208407,"#4daf4a"
13.6,5.5,0.529848110208407,"#4daf4a"
13,5.5,10.5263157894737,"#a65628"
13.2,5.3,10.5263157894737,"#a65628"
13.4,5.3,10.5263157894737,"#a65628"
14,3.7,10.5263157894737,"#4daf4a"
13.8,3.9,10.5263157894737,"#4daf4a"
13.6,3.9,10.5263157894737,"#4daf4a"
13,3.7,0.282585658777817,"#ffd300"
13.2,4,0.282585658777817,"#ffd300"
13.4,4,0.282585658777817,"#ffd300"
14,6.4,0.282585658777817,"#a65628"
13.8,6.1,0.282585658777817,"#a65628"
13.6,6.1,0.282585658777817,"#a65628"
13,3.7,0.105969622041681,"#e41a1c"
13.2,3.5,0.105969622041681,"#e41a1c"
13.4,3.5,0.105969622041681,"#e41a1c"
14,1.9,0.105969622041681,"#a65628"
13.8,2.1,0.105969622041681,"#a65628"
13.6,2.1,0.105969622041681,"#a65628"
13,3.7,54.2211232779936,"#4daf4a"
13.2,3.9,54.2211232779936,"#4daf4a"
13.4,3.9,54.2211232779936,"#4daf4a"
14,5.5,54.2211232779936,"#a65628"
13.8,5.3,54.2211232779936,"#a65628"
13.6,5.3,54.2211232779936,"#a65628"
13,3.7,0.847756976333451,"#a65628"
13.2,3.7,0.847756976333451,"#a65628"
13.4,3.7,0.847756976333451,"#a65628"
14,3.7,0.847756976333451,"#a65628"
13.8,3.7,0.847756976333451,"#a65628"
13.6,3.7,0.847756976333451,"#a65628"
13,2.8,0.0353232073472271,"#4daf4a"
13.2,3.1,0.0353232073472271,"#4daf4a"
13.4,3.1,0.0353232073472271,"#4daf4a"
14,5.5,0.0353232073472271,"#377eb8"
13.8,5.2,0.0353232073472271,"#377eb8"
13.6,5.2,0.0353232073472271,"#377eb8"
