"X","cropCode","numPixelsWiZone","cropCodeFrom","cropCodeTo","yearFrom","yearTo"
"T160 R37W",5111,4,5,111,2008,2009
"T160 R37W",5190,2,5,190,2008,2009
"T160 R37W",5195,71,5,195,2008,2009
"T160 R37W",37195,5,37,195,2008,2009
"T160 R37W",111111,244,111,111,2008,2009
"T160 R37W",111190,19,111,190,2008,2009
"T160 R37W",111195,69,111,195,2008,2009
"T160 R37W",121121,1785,121,121,2008,2009
"T160 R37W",141141,34,141,141,2008,2009
"T160 R37W",141176,1,141,176,2008,2009
"T160 R37W",141190,183,141,190,2008,2009
"T160 R37W",141195,75,141,195,2008,2009
"T160 R37W",142141,25,142,141,2008,2009
"T160 R37W",142190,1546,142,190,2008,2009
"T160 R37W",142195,115,142,195,2008,2009
"T160 R37W",176176,47,176,176,2008,2009
"T160 R37W",176195,145,176,195,2008,2009
"T160 R37W",190141,128,190,141,2008,2009
"T160 R37W",190142,1785,190,142,2008,2009
"T160 R37W",190152,593,190,152,2008,2009
"T160 R37W",190176,79,190,176,2008,2009
"T160 R37W",190190,50917,190,190,2008,2009
"T160 R37W",190195,6497,190,195,2008,2009
"T160 R37W",195005,7,195,5,2008,2009
"T160 R37W",195023,2,195,23,2008,2009
"T160 R37W",195037,9,195,37,2008,2009
"T160 R37W",195061,55,195,61,2008,2009
"T160 R37W",195111,37,195,111,2008,2009
"T160 R37W",195141,111,195,141,2008,2009
"T160 R37W",195152,326,195,152,2008,2009
"T160 R37W",195176,165,195,176,2008,2009
"T160 R37W",195190,4120,195,190,2008,2009
"T160 R37W",195195,27884,195,195,2008,2009
"T160 R37W",141142,74,141,142,2008,2009
"T160 R37W",5176,11,5,176,2008,2009
"T160 R37W",23176,1,23,176,2008,2009
"T160 R37W",23195,2,23,195,2008,2009
"T160 R37W",36195,4,36,195,2008,2009
"T160 R37W",37061,1,37,61,2008,2009
"T160 R37W",37176,1,37,176,2008,2009
"T160 R37W",59176,1,59,176,2008,2009
"T160 R37W",59195,1,59,195,2008,2009
"T160 R37W",61195,14,61,195,2008,2009
"T160 R37W",121122,4,121,122,2008,2009
"T160 R37W",122121,2,122,121,2008,2009
"T160 R37W",122122,22,122,122,2008,2009
"T160 R37W",141005,2,141,5,2008,2009
"T160 R37W",141023,2,141,23,2008,2009
"T160 R37W",141037,1,141,37,2008,2009
"T160 R37W",141044,1,141,44,2008,2009
"T160 R37W",141061,64,141,61,2008,2009
"T160 R37W",141131,1,141,131,2008,2009
"T160 R37W",141152,6,141,152,2008,2009
"T160 R37W",142061,22,142,61,2008,2009
"T160 R37W",142142,1706,142,142,2008,2009
"T160 R37W",142152,270,142,152,2008,2009
"T160 R37W",142176,11,142,176,2008,2009
"T160 R37W",152195,340,152,195,2008,2009
"T160 R37W",176005,6,176,5,2008,2009
"T160 R37W",176006,3,176,6,2008,2009
"T160 R37W",176023,2,176,23,2008,2009
"T160 R37W",176036,1,176,36,2008,2009
"T160 R37W",176037,1,176,37,2008,2009
"T160 R37W",176061,6,176,61,2008,2009
"T160 R37W",176152,4,176,152,2008,2009
"T160 R37W",176190,11,176,190,2008,2009
"T160 R37W",190005,5,190,5,2008,2009
"T160 R37W",190023,2,190,23,2008,2009
"T160 R37W",190037,1,190,37,2008,2009
"T160 R37W",190061,71,190,61,2008,2009
"T160 R37W",190131,1,190,131,2008,2009
"T160 R37W",195036,3,195,36,2008,2009
"T160 R37W",195044,3,195,44,2008,2009
"T160 R37W",195059,1,195,59,2008,2009
"T160 R37W",195142,113,195,142,2008,2009
"T160 R37W",36190,1,36,190,2008,2009
"T160 R37W",152190,708,152,190,2008,2009
"T160 R37W",36061,1,36,61,2008,2009
"T160 R37W",21061,1,21,61,2008,2009
"T160 R37W",44111,4,44,111,2008,2009
"T160 R37W",190111,4,190,111,2008,2009
"T160 R37W",5061,5,5,61,2008,2009
"T160 R37W",123123,1,123,123,2008,2009
"T160 R37W",152141,4,152,141,2008,2009
"T160 R37W",5006,5,5,6,2008,2009
"T160 R37W",21176,1,21,176,2008,2009
"T160 R37W",24176,1,24,176,2008,2009
"T160 R37W",143190,1,143,190,2008,2009
"T160 R37W",36152,1,36,152,2008,2009
"T160 R37W",111152,2,111,152,2008,2009
"T160 R37W",152152,413,152,152,2008,2009
"T160 R37W",152176,4,152,176,2008,2009
"T160 R37W",21195,2,21,195,2008,2009
"T160 R37W",59152,1,59,152,2008,2009
"T160 R37W",152061,1,152,61,2008,2009
"T160 R37W",5152,3,5,152,2008,2009
"T160 R37W",195028,1,195,28,2008,2009
"T160 R37W",176001,1,176,1,2008,2009
"T160 R37W",111142,3,111,142,2008,2009
"T160 R37W",152142,650,152,142,2008,2009
"T160 R37W",21190,4,21,190,2008,2009
"T160 R37W",190028,1,190,28,2008,2009
"T160 R37W",5195,13,5,195,2009,2010
"T160 R37W",23195,4,23,195,2009,2010
"T160 R37W",37195,11,37,195,2009,2010
"T160 R37W",61141,24,61,141,2009,2010
"T160 R37W",61195,36,61,195,2009,2010
"T160 R37W",111111,200,111,111,2009,2010
"T160 R37W",111141,2,111,141,2009,2010
"T160 R37W",111190,2,111,190,2009,2010
"T160 R37W",111195,88,111,195,2009,2010
"T160 R37W",121121,567,121,121,2009,2010
"T160 R37W",121141,277,121,141,2009,2010
"T160 R37W",121142,196,121,142,2009,2010
"T160 R37W",121152,151,121,152,2009,2010
"T160 R37W",121190,574,121,190,2009,2010
"T160 R37W",141141,197,141,141,2009,2010
"T160 R37W",141152,4,141,152,2009,2010
"T160 R37W",141190,42,141,190,2009,2010
"T160 R37W",141195,50,141,195,2009,2010
"T160 R37W",142141,312,142,141,2009,2010
"T160 R37W",152141,42,152,141,2009,2010
"T160 R37W",152190,204,152,190,2009,2010
"T160 R37W",152195,232,152,195,2009,2010
"T160 R37W",176152,18,176,152,2009,2010
"T160 R37W",176176,5,176,176,2009,2010
"T160 R37W",176190,31,176,190,2009,2010
"T160 R37W",176195,222,176,195,2009,2010
"T160 R37W",190005,2,190,5,2009,2010
"T160 R37W",190141,25991,190,141,2009,2010
"T160 R37W",190142,5855,190,142,2009,2010
"T160 R37W",190152,1751,190,152,2009,2010
"T160 R37W",190190,18501,190,190,2009,2010
"T160 R37W",190195,5280,190,195,2009,2010
"T160 R37W",195005,3,195,5,2009,2010
"T160 R37W",195023,1,195,23,2009,2010
"T160 R37W",195111,15,195,111,2009,2010
"T160 R37W",195141,3858,195,141,2009,2010
"T160 R37W",195152,692,195,152,2009,2010
"T160 R37W",195176,39,195,176,2009,2010
"T160 R37W",195190,1172,195,190,2009,2010
"T160 R37W",195195,29261,195,195,2009,2010
"T160 R37W",142195,106,142,195,2009,2010
"T160 R37W",5141,3,5,141,2009,2010
"T160 R37W",5190,2,5,190,2009,2010
"T160 R37W",6195,8,6,195,2009,2010
"T160 R37W",23141,1,23,141,2009,2010
"T160 R37W",36195,4,36,195,2009,2010
"T160 R37W",37141,1,37,141,2009,2010
"T160 R37W",44141,1,44,141,2009,2010
"T160 R37W",59195,1,59,195,2009,2010
"T160 R37W",61142,105,61,142,2009,2010
"T160 R37W",121195,21,121,195,2009,2010
"T160 R37W",122121,22,122,121,2009,2010
"T160 R37W",122122,4,122,122,2009,2010
"T160 R37W",131190,1,131,190,2009,2010
"T160 R37W",141142,8,141,142,2009,2010
"T160 R37W",141176,1,141,176,2009,2010
"T160 R37W",142176,192,142,176,2009,2010
"T160 R37W",142190,649,142,190,2009,2010
"T160 R37W",152176,13,152,176,2009,2010
"T160 R37W",176141,8,176,141,2009,2010
"T160 R37W",190023,3,190,23,2009,2010
"T160 R37W",190176,125,190,176,2009,2010
"T160 R37W",195063,4,195,63,2009,2010
"T160 R37W",195142,179,195,142,2009,2010
"T160 R37W",23142,2,23,142,2009,2010
"T160 R37W",23190,1,23,190,2009,2010
"T160 R37W",142142,2044,142,142,2009,2010
"T160 R37W",152142,500,152,142,2009,2010
"T160 R37W",61190,57,61,190,2009,2010
"T160 R37W",28195,2,28,195,2009,2010
"T160 R37W",5176,2,5,176,2009,2010
"T160 R37W",61005,3,61,5,2009,2010
"T160 R37W",61031,1,61,31,2009,2010
"T160 R37W",121176,1,121,176,2009,2010
"T160 R37W",123122,1,123,122,2009,2010
"T160 R37W",111152,1,111,152,2009,2010
"T160 R37W",152111,5,152,111,2009,2010
"T160 R37W",61152,1,61,152,2009,2010
"T160 R37W",152152,623,152,152,2009,2010
"T160 R37W",1195,1,1,195,2009,2010
"T160 R37W",44195,3,44,195,2009,2010
"T160 R37W",142152,1028,142,152,2009,2010
"T160 R37W",190027,3,190,27,2009,2010
"T160 R37W",190037,1,190,37,2009,2010
"T160 R37W",176142,39,176,142,2009,2010
"T160 R37W",131005,1,131,5,2009,2010
"T160 R37W",5195,5,5,195,2010,2011
"T160 R37W",23195,2,23,195,2010,2011
"T160 R37W",111111,194,111,111,2010,2011
"T160 R37W",111195,19,111,195,2010,2011
"T160 R37W",121121,506,121,121,2010,2011
"T160 R37W",121190,57,121,190,2010,2011
"T160 R37W",141005,15,141,5,2010,2011
"T160 R37W",141121,23,141,121,2010,2011
"T160 R37W",141141,240,141,141,2010,2011
"T160 R37W",141190,27883,141,190,2010,2011
"T160 R37W",141195,2310,141,195,2010,2011
"T160 R37W",142121,4,142,121,2010,2011
"T160 R37W",142190,6629,142,190,2010,2011
"T160 R37W",152121,7,152,121,2010,2011
"T160 R37W",152141,5,152,141,2010,2011
"T160 R37W",152190,2334,152,190,2010,2011
"T160 R37W",152195,425,152,195,2010,2011
"T160 R37W",176195,35,176,195,2010,2011
"T160 R37W",190121,23,190,121,2010,2011
"T160 R37W",190141,90,190,141,2010,2011
"T160 R37W",190142,406,190,142,2010,2011
"T160 R37W",190190,19624,190,190,2010,2011
"T160 R37W",190195,805,190,195,2010,2011
"T160 R37W",195005,31,195,5,2010,2011
"T160 R37W",195023,12,195,23,2010,2011
"T160 R37W",195111,63,195,111,2010,2011
"T160 R37W",195141,69,195,141,2010,2011
"T160 R37W",195142,51,195,142,2010,2011
"T160 R37W",195152,437,195,152,2010,2011
"T160 R37W",195190,6236,195,190,2010,2011
"T160 R37W",195195,28416,195,195,2010,2011
"T160 R37W",141142,199,141,142,2010,2011
"T160 R37W",141152,29,141,152,2010,2011
"T160 R37W",190152,153,190,152,2010,2011
"T160 R37W",5190,3,5,190,2010,2011
"T160 R37W",23190,2,23,190,2010,2011
"T160 R37W",121122,11,121,122,2010,2011
"T160 R37W",122121,1,122,121,2010,2011
"T160 R37W",122122,3,122,122,2010,2011
"T160 R37W",122123,1,122,123,2010,2011
"T160 R37W",141037,1,141,37,2010,2011
"T160 R37W",141058,2,141,58,2010,2011
"T160 R37W",141176,14,141,176,2010,2011
"T160 R37W",142141,57,142,141,2010,2011
"T160 R37W",142176,142,142,176,2010,2011
"T160 R37W",142195,152,142,195,2010,2011
"T160 R37W",176141,3,176,141,2010,2011
"T160 R37W",176190,159,176,190,2010,2011
"T160 R37W",195037,4,195,37,2010,2011
"T160 R37W",195058,1,195,58,2010,2011
"T160 R37W",195061,2,195,61,2010,2011
"T160 R37W",195121,13,195,121,2010,2011
"T160 R37W",195176,7,195,176,2010,2011
"T160 R37W",121176,1,121,176,2010,2011
"T160 R37W",190176,48,190,176,2010,2011
"T160 R37W",142142,1631,142,142,2010,2011
"T160 R37W",190005,71,190,5,2010,2011
"T160 R37W",63195,4,63,195,2010,2011
"T160 R37W",31005,1,31,5,2010,2011
"T160 R37W",5142,1,5,142,2010,2011
"T160 R37W",176121,1,176,121,2010,2011
"T160 R37W",176176,24,176,176,2010,2011
"T160 R37W",190023,2,190,23,2010,2011
"T160 R37W",176142,123,176,142,2010,2011
"T160 R37W",176152,33,176,152,2010,2011
"T160 R37W",111152,7,111,152,2010,2011
"T160 R37W",152152,791,152,152,2010,2011
"T160 R37W",152111,1,152,111,2010,2011
"T160 R37W",121001,1,121,1,2010,2011
"T160 R37W",121142,8,121,142,2010,2011
"T160 R37W",152005,4,152,5,2010,2011
"T160 R37W",190037,3,190,37,2010,2011
"T160 R37W",141061,1,141,61,2010,2011
"T160 R37W",190058,11,190,58,2010,2011
"T160 R37W",152176,74,152,176,2010,2011
"T160 R37W",27190,3,27,190,2010,2011
"T160 R37W",37190,1,37,190,2010,2011
"T160 R37W",142058,5,142,58,2010,2011
"T160 R37W",142005,21,142,5,2010,2011
"T160 R37W",142152,286,142,152,2010,2011
"T160 R37W",195044,1,195,44,2010,2011
"T160 R37W",152142,628,152,142,2010,2011
"T160 R37W",142037,1,142,37,2010,2011
"T160 R37W",121152,5,121,152,2010,2011
"T160 R37W",5190,100,5,190,2011,2012
"T160 R37W",5195,33,5,195,2011,2012
"T160 R37W",23195,12,23,195,2011,2012
"T160 R37W",61195,1,61,195,2011,2012
"T160 R37W",111111,242,111,111,2011,2012
"T160 R37W",111195,16,111,195,2011,2012
"T160 R37W",121121,520,121,121,2011,2012
"T160 R37W",121190,52,121,190,2011,2012
"T160 R37W",141141,35,141,141,2011,2012
"T160 R37W",141190,289,141,190,2011,2012
"T160 R37W",141195,71,141,195,2011,2012
"T160 R37W",142190,1081,142,190,2011,2012
"T160 R37W",142195,53,142,195,2011,2012
"T160 R37W",152195,491,152,195,2011,2012
"T160 R37W",190121,21,190,121,2011,2012
"T160 R37W",190141,121,190,141,2011,2012
"T160 R37W",190142,1341,190,142,2011,2012
"T160 R37W",190190,55431,190,190,2011,2012
"T160 R37W",190195,4531,190,195,2011,2012
"T160 R37W",195111,40,195,111,2011,2012
"T160 R37W",195141,106,195,141,2011,2012
"T160 R37W",195152,224,195,152,2011,2012
"T160 R37W",195190,3379,195,190,2011,2012
"T160 R37W",195195,28317,195,195,2011,2012
"T160 R37W",141142,67,141,142,2011,2012
"T160 R37W",142141,9,142,141,2011,2012
"T160 R37W",142142,1399,142,142,2011,2012
"T160 R37W",152190,361,152,190,2011,2012
"T160 R37W",195142,103,195,142,2011,2012
"T160 R37W",37195,4,37,195,2011,2012
"T160 R37W",58141,3,58,141,2011,2012
"T160 R37W",58190,10,58,190,2011,2012
"T160 R37W",121122,5,121,122,2011,2012
"T160 R37W",122121,8,122,121,2011,2012
"T160 R37W",122122,6,122,122,2011,2012
"T160 R37W",123122,1,123,122,2011,2012
"T160 R37W",176190,117,176,190,2011,2012
"T160 R37W",176195,7,176,195,2011,2012
"T160 R37W",190152,1356,190,152,2011,2012
"T160 R37W",190176,130,190,176,2011,2012
"T160 R37W",195176,1,195,176,2011,2012
"T160 R37W",195005,1,195,5,2011,2012
"T160 R37W",195121,1,195,121,2011,2012
"T160 R37W",5141,7,5,141,2011,2012
"T160 R37W",44190,1,44,190,2011,2012
"T160 R37W",195061,1,195,61,2011,2012
"T160 R37W",5061,1,5,61,2011,2012
"T160 R37W",23190,2,23,190,2011,2012
"T160 R37W",58195,6,58,195,2011,2012
"T160 R37W",176176,19,176,176,2011,2012
"T160 R37W",141152,2,141,152,2011,2012
"T160 R37W",142152,461,142,152,2011,2012
"T160 R37W",152111,1,152,111,2011,2012
"T160 R37W",152152,737,152,152,2011,2012
"T160 R37W",152176,9,152,176,2011,2012
"T160 R37W",1121,1,1,121,2011,2012
"T160 R37W",176152,94,176,152,2011,2012
"T160 R37W",142121,1,142,121,2011,2012
"T160 R37W",37190,5,37,190,2011,2012
"T160 R37W",5142,2,5,142,2011,2012
"T160 R37W",61141,1,61,141,2011,2012
"T160 R37W",152142,142,152,142,2011,2012
"T160 R37W",61190,1,61,190,2011,2012
"T160 R37W",176141,1,176,141,2011,2012
"T160 R37W",142176,43,142,176,2011,2012
"T160 R37W",121176,1,121,176,2011,2012
"T160 R37W",176142,72,176,142,2011,2012
"T160 R37W",111111,241,111,111,2012,2013
"T160 R37W",111195,42,111,195,2012,2013
"T160 R37W",121121,526,121,121,2012,2013
"T160 R37W",121190,23,121,190,2012,2013
"T160 R37W",141141,44,141,141,2012,2013
"T160 R37W",141152,3,141,152,2012,2013
"T160 R37W",141190,143,141,190,2012,2013
"T160 R37W",141195,86,141,195,2012,2013
"T160 R37W",142190,1410,142,190,2012,2013
"T160 R37W",152195,167,152,195,2012,2013
"T160 R37W",190023,5,190,23,2012,2013
"T160 R37W",190121,330,190,121,2012,2013
"T160 R37W",190141,291,190,141,2012,2013
"T160 R37W",190142,624,190,142,2012,2013
"T160 R37W",190190,53292,190,190,2012,2013
"T160 R37W",190195,4412,190,195,2012,2013
"T160 R37W",195111,85,195,111,2012,2013
"T160 R37W",195141,54,195,141,2012,2013
"T160 R37W",195152,577,195,152,2012,2013
"T160 R37W",195190,4593,195,190,2012,2013
"T160 R37W",195195,28116,195,195,2012,2013
"T160 R37W",141142,7,141,142,2012,2013
"T160 R37W",142141,48,142,141,2012,2013
"T160 R37W",142142,782,142,142,2012,2013
"T160 R37W",142195,161,142,195,2012,2013
"T160 R37W",190152,1746,190,152,2012,2013
"T160 R37W",195142,29,195,142,2012,2013
"T160 R37W",5195,1,5,195,2012,2013
"T160 R37W",121122,1,121,122,2012,2013
"T160 R37W",122121,7,122,121,2012,2013
"T160 R37W",122122,5,122,122,2012,2013
"T160 R37W",152141,5,152,141,2012,2013
"T160 R37W",152152,1358,152,152,2012,2013
"T160 R37W",152176,56,152,176,2012,2013
"T160 R37W",152190,1043,152,190,2012,2013
"T160 R37W",176190,141,176,190,2012,2013
"T160 R37W",176195,4,176,195,2012,2013
"T160 R37W",190176,124,190,176,2012,2013
"T160 R37W",195037,10,195,37,2012,2013
"T160 R37W",195176,14,195,176,2012,2013
"T160 R37W",61195,1,61,195,2012,2013
"T160 R37W",190061,3,190,61,2012,2013
"T160 R37W",176152,23,176,152,2012,2013
"T160 R37W",61190,1,61,190,2012,2013
"T160 R37W",190024,2,190,24,2012,2013
"T160 R37W",176176,5,176,176,2012,2013
"T160 R37W",142152,684,142,152,2012,2013
"T160 R37W",142176,40,142,176,2012,2013
"T160 R37W",195121,64,195,121,2012,2013
"T160 R37W",152121,10,152,121,2012,2013
"T160 R37W",152142,235,152,142,2012,2013
"T160 R37W",176121,2,176,121,2012,2013
"T160 R37W",176142,28,176,142,2012,2013
"T160 R37W",121152,2,121,152,2012,2013
"T160 R37W",142121,1,142,121,2012,2013
"T160 R37W",23195,1,23,195,2013,2014
"T160 R37W",111111,257,111,111,2013,2014
"T160 R37W",111195,69,111,195,2013,2014
"T160 R37W",121121,906,121,121,2013,2014
"T160 R37W",121123,4,121,123,2013,2014
"T160 R37W",121124,1,121,124,2013,2014
"T160 R37W",141152,3,141,152,2013,2014
"T160 R37W",141176,1,141,176,2013,2014
"T160 R37W",141190,219,141,190,2013,2014
"T160 R37W",141195,204,141,195,2013,2014
"T160 R37W",142190,391,142,190,2013,2014
"T160 R37W",152190,1905,152,190,2013,2014
"T160 R37W",152195,141,152,195,2013,2014
"T160 R37W",190111,19,190,111,2013,2014
"T160 R37W",190121,481,190,121,2013,2014
"T160 R37W",190123,3,190,123,2013,2014
"T160 R37W",190124,4,190,124,2013,2014
"T160 R37W",190141,228,190,141,2013,2014
"T160 R37W",190152,1951,190,152,2013,2014
"T160 R37W",190176,155,190,176,2013,2014
"T160 R37W",190190,43763,190,190,2013,2014
"T160 R37W",190195,13104,190,195,2013,2014
"T160 R37W",195037,10,195,37,2013,2014
"T160 R37W",195111,61,195,111,2013,2014
"T160 R37W",195141,49,195,141,2013,2014
"T160 R37W",195152,390,195,152,2013,2014
"T160 R37W",195190,5307,195,190,2013,2014
"T160 R37W",195195,26957,195,195,2013,2014
"T160 R37W",61195,1,61,195,2013,2014
"T160 R37W",142141,2,142,141,2013,2014
"T160 R37W",142195,129,142,195,2013,2014
"T160 R37W",190142,909,190,142,2013,2014
"T160 R37W",195142,84,195,142,2013,2014
"T160 R37W",23037,1,23,37,2013,2014
"T160 R37W",23190,3,23,190,2013,2014
"T160 R37W",37037,7,37,37,2013,2014
"T160 R37W",37195,3,37,195,2013,2014
"T160 R37W",121122,27,121,122,2013,2014
"T160 R37W",122121,5,122,121,2013,2014
"T160 R37W",122122,1,122,122,2013,2014
"T160 R37W",141005,1,141,5,2013,2014
"T160 R37W",141037,3,141,37,2013,2014
"T160 R37W",141141,7,141,141,2013,2014
"T160 R37W",141142,4,141,142,2013,2014
"T160 R37W",142121,76,142,121,2013,2014
"T160 R37W",142142,613,142,142,2013,2014
"T160 R37W",152121,182,152,121,2013,2014
"T160 R37W",152176,139,152,176,2013,2014
"T160 R37W",176142,40,176,142,2013,2014
"T160 R37W",176176,18,176,176,2013,2014
"T160 R37W",176190,133,176,190,2013,2014
"T160 R37W",176195,13,176,195,2013,2014
"T160 R37W",190122,6,190,122,2013,2014
"T160 R37W",195005,5,195,5,2013,2014
"T160 R37W",195121,110,195,121,2013,2014
"T160 R37W",195122,2,195,122,2013,2014
"T160 R37W",195123,1,195,123,2013,2014
"T160 R37W",195176,14,195,176,2013,2014
"T160 R37W",190037,19,190,37,2013,2014
"T160 R37W",142111,2,142,111,2013,2014
"T160 R37W",152152,1247,152,152,2013,2014
"T160 R37W",190005,1,190,5,2013,2014
"T160 R37W",61190,2,61,190,2013,2014
"T160 R37W",190143,2,190,143,2013,2014
"T160 R37W",24190,2,24,190,2013,2014
"T160 R37W",190036,1,190,36,2013,2014
"T160 R37W",176152,35,176,152,2013,2014
"T160 R37W",142152,462,142,152,2013,2014
"T160 R37W",121001,2,121,1,2013,2014
"T160 R37W",152142,777,152,142,2013,2014
"T160 R37W",142176,29,142,176,2013,2014
"T160 R37W",152122,1,152,122,2013,2014
"T160 R37W",152123,1,152,123,2013,2014
"T160 R37W",142123,1,142,123,2013,2014
"T160 R37W",37190,1,37,190,2014,2015
"T160 R37W",37195,20,37,195,2014,2015
"T160 R37W",111111,256,111,111,2014,2015
"T160 R37W",111190,5,111,190,2014,2015
"T160 R37W",111195,78,111,195,2014,2015
"T160 R37W",121121,1746,121,121,2014,2015
"T160 R37W",123122,2,123,122,2014,2015
"T160 R37W",123123,8,123,123,2014,2015
"T160 R37W",141141,17,141,141,2014,2015
"T160 R37W",141190,184,141,190,2014,2015
"T160 R37W",141195,77,141,195,2014,2015
"T160 R37W",152190,1498,152,190,2014,2015
"T160 R37W",152195,498,152,195,2014,2015
"T160 R37W",176141,14,176,141,2014,2015
"T160 R37W",176190,141,176,190,2014,2015
"T160 R37W",176195,29,176,195,2014,2015
"T160 R37W",190111,11,190,111,2014,2015
"T160 R37W",190141,358,190,141,2014,2015
"T160 R37W",190152,1138,190,152,2014,2015
"T160 R37W",190190,41917,190,190,2014,2015
"T160 R37W",190195,6544,190,195,2014,2015
"T160 R37W",195111,19,195,111,2014,2015
"T160 R37W",195141,70,195,141,2014,2015
"T160 R37W",195142,82,195,142,2014,2015
"T160 R37W",195176,79,195,176,2014,2015
"T160 R37W",195190,7538,195,190,2014,2015
"T160 R37W",195195,32098,195,195,2014,2015
"T160 R37W",142142,1415,142,142,2014,2015
"T160 R37W",142190,678,142,190,2014,2015
"T160 R37W",190142,1360,190,142,2014,2015
"T160 R37W",190176,138,190,176,2014,2015
"T160 R37W",1121,2,1,121,2014,2015
"T160 R37W",5195,7,5,195,2014,2015
"T160 R37W",37176,1,37,176,2014,2015
"T160 R37W",121122,13,121,122,2014,2015
"T160 R37W",121123,1,121,123,2014,2015
"T160 R37W",122121,15,122,121,2014,2015
"T160 R37W",122122,18,122,122,2014,2015
"T160 R37W",122123,4,122,123,2014,2015
"T160 R37W",141176,2,141,176,2014,2015
"T160 R37W",142195,60,142,195,2014,2015
"T160 R37W",176176,5,176,176,2014,2015
"T160 R37W",190036,1,190,36,2014,2015
"T160 R37W",195024,2,195,24,2014,2015
"T160 R37W",195036,5,195,36,2014,2015
"T160 R37W",195061,22,195,61,2014,2015
"T160 R37W",124122,5,124,122,2014,2015
"T160 R37W",195152,190,195,152,2014,2015
"T160 R37W",195005,407,195,5,2014,2015
"T160 R37W",36005,1,36,5,2014,2015
"T160 R37W",37005,10,37,5,2014,2015
"T160 R37W",37006,6,37,6,2014,2015
"T160 R37W",141142,2,141,142,2014,2015
"T160 R37W",195023,5,195,23,2014,2015
"T160 R37W",37141,2,37,141,2014,2015
"T160 R37W",176005,1,176,5,2014,2015
"T160 R37W",141005,4,141,5,2014,2015
"T160 R37W",142111,2,142,111,2014,2015
"T160 R37W",142176,13,142,176,2014,2015
"T160 R37W",143190,2,143,190,2014,2015
"T160 R37W",190005,194,190,5,2014,2015
"T160 R37W",190143,1,190,143,2014,2015
"T160 R37W",195001,3,195,1,2014,2015
"T160 R37W",195006,67,195,6,2014,2015
"T160 R37W",195037,13,195,37,2014,2015
"T160 R37W",195143,1,195,143,2014,2015
"T160 R37W",152141,2,152,141,2014,2015
"T160 R37W",152111,40,152,111,2014,2015
"T160 R37W",152152,563,152,152,2014,2015
"T160 R37W",176152,78,176,152,2014,2015
"T160 R37W",190006,11,190,6,2014,2015
"T160 R37W",190061,18,190,61,2014,2015
"T160 R37W",195028,10,195,28,2014,2015
"T160 R37W",190023,9,190,23,2014,2015
"T160 R37W",152176,14,152,176,2014,2015
"T160 R37W",190037,7,190,37,2014,2015
"T160 R37W",152142,1415,152,142,2014,2015
"T160 R37W",152005,46,152,5,2014,2015
"T160 R37W",195031,3,195,31,2014,2015
"T160 R37W",195021,8,195,21,2014,2015
"T160 R37W",152023,3,152,23,2014,2015
"T160 R37W",152061,1,152,61,2014,2015
"T160 R37W",190001,1,190,1,2014,2015
"T160 R37W",190021,8,190,21,2014,2015
"T160 R37W",190024,3,190,24,2014,2015
"T160 R37W",190028,1,190,28,2014,2015
"T160 R37W",176142,88,176,142,2014,2015
"T160 R37W",142152,251,142,152,2014,2015
"T160 R37W",142005,8,142,5,2014,2015
"T160 R37W",190031,5,190,31,2014,2015
"T160 R37W",152021,4,152,21,2014,2015
"T160 R37W",152044,2,152,44,2014,2015
"T160 R37W",152001,2,152,1,2014,2015
"T160 R37W",111111,241,111,111,2015,2016
"T160 R37W",111190,11,111,190,2015,2016
"T160 R37W",111195,65,111,195,2015,2016
"T160 R37W",121121,1760,121,121,2015,2016
"T160 R37W",122123,7,122,123,2015,2016
"T160 R37W",123123,11,123,123,2015,2016
"T160 R37W",141141,3,141,141,2015,2016
"T160 R37W",141152,3,141,152,2015,2016
"T160 R37W",141190,384,141,190,2015,2016
"T160 R37W",141195,62,141,195,2015,2016
"T160 R37W",142190,1715,142,190,2015,2016
"T160 R37W",142195,72,142,195,2015,2016
"T160 R37W",152190,1159,152,190,2015,2016
"T160 R37W",176176,6,176,176,2015,2016
"T160 R37W",190111,21,190,111,2015,2016
"T160 R37W",190141,141,190,141,2015,2016
"T160 R37W",190152,713,190,152,2015,2016
"T160 R37W",190190,42193,190,190,2015,2016
"T160 R37W",190195,7432,190,195,2015,2016
"T160 R37W",195111,48,195,111,2015,2016
"T160 R37W",195141,55,195,141,2015,2016
"T160 R37W",195142,121,195,142,2015,2016
"T160 R37W",195152,125,195,152,2015,2016
"T160 R37W",195176,51,195,176,2015,2016
"T160 R37W",195190,7568,195,190,2015,2016
"T160 R37W",195195,31161,195,195,2015,2016
"T160 R37W",176141,8,176,141,2015,2016
"T160 R37W",190142,1172,190,142,2015,2016
"T160 R37W",24195,2,24,195,2015,2016
"T160 R37W",36005,2,36,5,2015,2016
"T160 R37W",36141,1,36,141,2015,2016
"T160 R37W",36195,1,36,195,2015,2016
"T160 R37W",37195,6,37,195,2015,2016
"T160 R37W",61195,15,61,195,2015,2016
"T160 R37W",121122,2,121,122,2015,2016
"T160 R37W",122121,6,122,121,2015,2016
"T160 R37W",122122,25,122,122,2015,2016
"T160 R37W",123121,2,123,121,2015,2016
"T160 R37W",141142,6,141,142,2015,2016
"T160 R37W",142142,2321,142,142,2015,2016
"T160 R37W",176005,6,176,5,2015,2016
"T160 R37W",176037,1,176,37,2015,2016
"T160 R37W",176061,4,176,61,2015,2016
"T160 R37W",176142,28,176,142,2015,2016
"T160 R37W",176190,114,176,190,2015,2016
"T160 R37W",176195,47,176,195,2015,2016
"T160 R37W",190061,18,190,61,2015,2016
"T160 R37W",190176,41,190,176,2015,2016
"T160 R37W",195005,87,195,5,2015,2016
"T160 R37W",195036,1,195,36,2015,2016
"T160 R37W",195037,119,195,37,2015,2016
"T160 R37W",195061,10,195,61,2015,2016
"T160 R37W",152195,257,152,195,2015,2016
"T160 R37W",190037,17,190,37,2015,2016
"T160 R37W",5190,113,5,190,2015,2016
"T160 R37W",5005,88,5,5,2015,2016
"T160 R37W",23005,3,23,5,2015,2016
"T160 R37W",28023,1,28,23,2015,2016
"T160 R37W",61005,3,61,5,2015,2016
"T160 R37W",195001,1,195,1,2015,2016
"T160 R37W",28005,1,28,5,2015,2016
"T160 R37W",5001,2,5,1,2015,2016
"T160 R37W",5006,1,5,6,2015,2016
"T160 R37W",5021,7,5,21,2015,2016
"T160 R37W",5023,48,5,23,2015,2016
"T160 R37W",5111,1,5,111,2015,2016
"T160 R37W",6005,8,6,5,2015,2016
"T160 R37W",6021,6,6,21,2015,2016
"T160 R37W",6023,5,6,23,2015,2016
"T160 R37W",6061,3,6,61,2015,2016
"T160 R37W",6176,7,6,176,2015,2016
"T160 R37W",21005,5,21,5,2015,2016
"T160 R37W",21023,1,21,23,2015,2016
"T160 R37W",21061,1,21,61,2015,2016
"T160 R37W",23023,1,23,23,2015,2016
"T160 R37W",31005,4,31,5,2015,2016
"T160 R37W",111005,4,111,5,2015,2016
"T160 R37W",121005,1,121,5,2015,2016
"T160 R37W",142141,19,142,141,2015,2016
"T160 R37W",5037,5,5,37,2015,2016
"T160 R37W",5176,37,5,176,2015,2016
"T160 R37W",23176,2,23,176,2015,2016
"T160 R37W",190005,126,190,5,2015,2016
"T160 R37W",1021,1,1,21,2015,2016
"T160 R37W",1195,4,1,195,2015,2016
"T160 R37W",5141,22,5,141,2015,2016
"T160 R37W",5195,261,5,195,2015,2016
"T160 R37W",6195,28,6,195,2015,2016
"T160 R37W",21037,2,21,37,2015,2016
"T160 R37W",23190,1,23,190,2015,2016
"T160 R37W",36190,1,36,190,2015,2016
"T160 R37W",37190,11,37,190,2015,2016
"T160 R37W",61037,2,61,37,2015,2016
"T160 R37W",111176,1,111,176,2015,2016
"T160 R37W",141005,2,141,5,2015,2016
"T160 R37W",143190,2,143,190,2015,2016
"T160 R37W",176023,6,176,23,2015,2016
"T160 R37W",195023,45,195,23,2015,2016
"T160 R37W",1190,1,1,190,2015,2016
"T160 R37W",5061,11,5,61,2015,2016
"T160 R37W",37141,1,37,141,2015,2016
"T160 R37W",61190,16,61,190,2015,2016
"T160 R37W",176152,32,176,152,2015,2016
"T160 R37W",23195,9,23,195,2015,2016
"T160 R37W",24061,2,24,61,2015,2016
"T160 R37W",152111,4,152,111,2015,2016
"T160 R37W",152141,16,152,141,2015,2016
"T160 R37W",152152,259,152,152,2015,2016
"T160 R37W",152176,3,152,176,2015,2016
"T160 R37W",5152,5,5,152,2015,2016
"T160 R37W",141037,1,141,37,2015,2016
"T160 R37W",6141,12,6,141,2015,2016
"T160 R37W",6152,1,6,152,2015,2016
"T160 R37W",6190,9,6,190,2015,2016
"T160 R37W",28195,1,28,195,2015,2016
"T160 R37W",61141,4,61,141,2015,2016
"T160 R37W",190023,70,190,23,2015,2016
"T160 R37W",31037,1,31,37,2015,2016
"T160 R37W",141023,2,141,23,2015,2016
"T160 R37W",111023,5,111,23,2015,2016
"T160 R37W",5142,70,5,142,2015,2016
"T160 R37W",21195,4,21,195,2015,2016
"T160 R37W",37142,1,37,142,2015,2016
"T160 R37W",111152,1,111,152,2015,2016
"T160 R37W",152005,23,152,5,2015,2016
"T160 R37W",24190,1,24,190,2015,2016
"T160 R37W",142176,4,142,176,2015,2016
"T160 R37W",152023,26,152,23,2015,2016
"T160 R37W",23142,1,23,142,2015,2016
"T160 R37W",31195,1,31,195,2015,2016
"T160 R37W",61142,1,61,142,2015,2016
"T160 R37W",152061,1,152,61,2015,2016
"T160 R37W",152001,1,152,1,2015,2016
"T160 R37W",190001,7,190,1,2015,2016
"T160 R37W",195021,19,195,21,2015,2016
"T160 R37W",142005,9,142,5,2015,2016
"T160 R37W",142023,20,142,23,2015,2016
"T160 R37W",44195,1,44,195,2015,2016
"T160 R37W",37021,1,37,21,2015,2016
"T160 R37W",152142,470,152,142,2015,2016
"T160 R37W",36142,1,36,142,2015,2016
"T160 R37W",142152,202,142,152,2015,2016
"T160 R37W",28190,8,28,190,2015,2016
"T160 R37W",152021,1,152,21,2015,2016
"T160 R37W",190021,13,190,21,2015,2016
"T160 R37W",6142,5,6,142,2015,2016
"T160 R37W",21142,7,21,142,2015,2016
"T160 R37W",31142,2,31,142,2015,2016
"T160 R37W",44023,1,44,23,2015,2016
"T160 R37W",111111,254,111,111,2016,2017
"T160 R37W",111190,10,111,190,2016,2017
"T160 R37W",111195,42,111,195,2016,2017
"T160 R37W",121121,1757,121,121,2016,2017
"T160 R37W",123121,4,123,121,2016,2017
"T160 R37W",123122,3,123,122,2016,2017
"T160 R37W",123123,10,123,123,2016,2017
"T160 R37W",141190,136,141,190,2016,2017
"T160 R37W",141195,124,141,195,2016,2017
"T160 R37W",142190,2108,142,190,2016,2017
"T160 R37W",142195,360,142,195,2016,2017
"T160 R37W",152190,752,152,190,2016,2017
"T160 R37W",152195,235,152,195,2016,2017
"T160 R37W",176190,17,176,190,2016,2017
"T160 R37W",176195,100,176,195,2016,2017
"T160 R37W",190111,2,190,111,2016,2017
"T160 R37W",190190,43496,190,190,2016,2017
"T160 R37W",190195,7884,190,195,2016,2017
"T160 R37W",195111,47,195,111,2016,2017
"T160 R37W",195190,5685,195,190,2016,2017
"T160 R37W",195195,33067,195,195,2016,2017
"T160 R37W",36195,1,36,195,2016,2017
"T160 R37W",190141,118,190,141,2016,2017
"T160 R37W",5195,273,5,195,2016,2017
"T160 R37W",37195,89,37,195,2016,2017
"T160 R37W",61190,3,61,190,2016,2017
"T160 R37W",61195,41,61,195,2016,2017
"T160 R37W",121122,8,121,122,2016,2017
"T160 R37W",121123,3,121,123,2016,2017
"T160 R37W",122121,10,122,121,2016,2017
"T160 R37W",122122,17,122,122,2016,2017
"T160 R37W",190005,17,190,5,2016,2017
"T160 R37W",195141,73,195,141,2016,2017
"T160 R37W",190142,523,190,142,2016,2017
"T160 R37W",37190,8,37,190,2016,2017
"T160 R37W",141141,2,141,141,2016,2017
"T160 R37W",190036,14,190,36,2016,2017
"T160 R37W",190152,1247,190,152,2016,2017
"T160 R37W",190176,1,190,176,2016,2017
"T160 R37W",195036,12,195,36,2016,2017
"T160 R37W",195176,8,195,176,2016,2017
"T160 R37W",5005,47,5,5,2016,2017
"T160 R37W",141152,4,141,152,2016,2017
"T160 R37W",152142,70,152,142,2016,2017
"T160 R37W",152152,278,152,152,2016,2017
"T160 R37W",176176,4,176,176,2016,2017
"T160 R37W",195142,68,195,142,2016,2017
"T160 R37W",195152,410,195,152,2016,2017
"T160 R37W",1005,1,1,5,2016,2017
"T160 R37W",5028,2,5,28,2016,2017
"T160 R37W",5036,1,5,36,2016,2017
"T160 R37W",5121,1,5,121,2016,2017
"T160 R37W",5190,12,5,190,2016,2017
"T160 R37W",21005,3,21,5,2016,2017
"T160 R37W",23005,10,23,5,2016,2017
"T160 R37W",61005,1,61,5,2016,2017
"T160 R37W",111141,1,111,141,2016,2017
"T160 R37W",23037,1,23,37,2016,2017
"T160 R37W",37176,1,37,176,2016,2017
"T160 R37W",1190,1,1,190,2016,2017
"T160 R37W",5176,4,5,176,2016,2017
"T160 R37W",37005,2,37,5,2016,2017
"T160 R37W",141005,1,141,5,2016,2017
"T160 R37W",142141,19,142,141,2016,2017
"T160 R37W",176005,14,176,5,2016,2017
"T160 R37W",176141,6,176,141,2016,2017
"T160 R37W",190037,1,190,37,2016,2017
"T160 R37W",195037,7,195,37,2016,2017
"T160 R37W",5141,9,5,141,2016,2017
"T160 R37W",23190,12,23,190,2016,2017
"T160 R37W",37141,2,37,141,2016,2017
"T160 R37W",37152,46,37,152,2016,2017
"T160 R37W",61141,1,61,141,2016,2017
"T160 R37W",111152,7,111,152,2016,2017
"T160 R37W",141142,8,141,142,2016,2017
"T160 R37W",195005,51,195,5,2016,2017
"T160 R37W",195028,1,195,28,2016,2017
"T160 R37W",6195,1,6,195,2016,2017
"T160 R37W",61028,1,61,28,2016,2017
"T160 R37W",141036,7,141,36,2016,2017
"T160 R37W",152141,1,152,141,2016,2017
"T160 R37W",176152,7,176,152,2016,2017
"T160 R37W",190028,4,190,28,2016,2017
"T160 R37W",23195,196,23,195,2016,2017
"T160 R37W",61176,2,61,176,2016,2017
"T160 R37W",5152,4,5,152,2016,2017
"T160 R37W",152005,4,152,5,2016,2017
"T160 R37W",152036,1,152,36,2016,2017
"T160 R37W",1141,1,1,141,2016,2017
"T160 R37W",1195,6,1,195,2016,2017
"T160 R37W",23141,5,23,141,2016,2017
"T160 R37W",61152,1,61,152,2016,2017
"T160 R37W",142005,12,142,5,2016,2017
"T160 R37W",142037,1,142,37,2016,2017
"T160 R37W",23176,3,23,176,2016,2017
"T160 R37W",1152,2,1,152,2016,2017
"T160 R37W",142036,1,142,36,2016,2017
"T160 R37W",142176,2,142,176,2016,2017
"T160 R37W",21195,10,21,195,2016,2017
"T160 R37W",176142,4,176,142,2016,2017
"T160 R37W",5142,19,5,142,2016,2017
"T160 R37W",21141,1,21,141,2016,2017
"T160 R37W",23142,4,23,142,2016,2017
"T160 R37W",123124,1,123,124,2016,2017
"T160 R37W",142142,1202,142,142,2016,2017
"T160 R37W",142152,501,142,152,2016,2017
"T160 R37W",111142,1,111,142,2016,2017
"T160 R37W",21190,34,21,190,2016,2017
"T160 R37W",111111,266,111,111,2017,2018
"T160 R37W",111190,6,111,190,2017,2018
"T160 R37W",111195,30,111,195,2017,2018
"T160 R37W",121121,1767,121,121,2017,2018
"T160 R37W",121123,2,121,123,2017,2018
"T160 R37W",122121,7,122,121,2017,2018
"T160 R37W",123121,7,123,121,2017,2018
"T160 R37W",123122,5,123,122,2017,2018
"T160 R37W",123123,1,123,123,2017,2018
"T160 R37W",190141,89,190,141,2017,2018
"T160 R37W",190142,2145,190,142,2017,2018
"T160 R37W",190152,2228,190,152,2017,2018
"T160 R37W",190190,43877,190,190,2017,2018
"T160 R37W",190195,3922,190,195,2017,2018
"T160 R37W",195111,8,195,111,2017,2018
"T160 R37W",195141,227,195,141,2017,2018
"T160 R37W",195142,180,195,142,2017,2018
"T160 R37W",195152,516,195,152,2017,2018
"T160 R37W",195176,14,195,176,2017,2018
"T160 R37W",195190,11465,195,190,2017,2018
"T160 R37W",195195,30009,195,195,2017,2018
"T160 R37W",111141,1,111,141,2017,2018
"T160 R37W",141195,39,141,195,2017,2018
"T160 R37W",5023,7,5,23,2017,2018
"T160 R37W",121122,2,121,122,2017,2018
"T160 R37W",122122,21,122,122,2017,2018
"T160 R37W",141141,14,141,141,2017,2018
"T160 R37W",141190,175,141,190,2017,2018
"T160 R37W",190176,12,190,176,2017,2018
"T160 R37W",195005,9,195,5,2017,2018
"T160 R37W",195143,1,195,143,2017,2018
"T160 R37W",142190,498,142,190,2017,2018
"T160 R37W",190037,1,190,37,2017,2018
"T160 R37W",36036,1,36,36,2017,2018
"T160 R37W",36190,30,36,190,2017,2018
"T160 R37W",142142,1244,142,142,2017,2018
"T160 R37W",152190,688,152,190,2017,2018
"T160 R37W",152195,216,152,195,2017,2018
"T160 R37W",176190,5,176,190,2017,2018
"T160 R37W",36195,1,36,195,2017,2018
"T160 R37W",141152,3,141,152,2017,2018
"T160 R37W",142195,28,142,195,2017,2018
"T160 R37W",152141,15,152,141,2017,2018
"T160 R37W",152152,785,152,152,2017,2018
"T160 R37W",176176,12,176,176,2017,2018
"T160 R37W",176195,4,176,195,2017,2018
"T160 R37W",36141,2,36,141,2017,2018
"T160 R37W",5001,3,5,1,2017,2018
"T160 R37W",5005,63,5,5,2017,2018
"T160 R37W",121005,1,121,5,2017,2018
"T160 R37W",124124,1,124,124,2017,2018
"T160 R37W",141142,7,141,142,2017,2018
"T160 R37W",37195,2,37,195,2017,2018
"T160 R37W",5176,1,5,176,2017,2018
"T160 R37W",5195,13,5,195,2017,2018
"T160 R37W",5190,61,5,190,2017,2018
"T160 R37W",37141,2,37,141,2017,2018
"T160 R37W",141143,1,141,143,2017,2018
"T160 R37W",36152,1,36,152,2017,2018
"T160 R37W",37190,6,37,190,2017,2018
"T160 R37W",152036,1,152,36,2017,2018
"T160 R37W",152176,1,152,176,2017,2018
"T160 R37W",176141,4,176,141,2017,2018
"T160 R37W",36142,1,36,142,2017,2018
"T160 R37W",5141,9,5,141,2017,2018
"T160 R37W",28141,1,28,141,2017,2018
"T160 R37W",142141,8,142,141,2017,2018
"T160 R37W",152142,801,152,142,2017,2018
"T160 R37W",142176,4,142,176,2017,2018
"T160 R37W",5152,1,5,152,2017,2018
"T160 R37W",142152,114,142,152,2017,2018
"T160 R37W",5142,5,5,142,2017,2018
"T160 R37W",142005,3,142,5,2017,2018
"T160 R37W",28190,7,28,190,2017,2018
"T160 R37W",111111,267,111,111,2018,2019
"T160 R37W",111190,2,111,190,2018,2019
"T160 R37W",111195,5,111,195,2018,2019
"T160 R37W",121121,918,121,121,2018,2019
"T160 R37W",121190,360,121,190,2018,2019
"T160 R37W",121195,214,121,195,2018,2019
"T160 R37W",122143,5,122,143,2018,2019
"T160 R37W",123141,2,123,141,2018,2019
"T160 R37W",141121,26,141,121,2018,2019
"T160 R37W",141190,149,141,190,2018,2019
"T160 R37W",141195,155,141,195,2018,2019
"T160 R37W",142152,254,142,152,2018,2019
"T160 R37W",142195,94,142,195,2018,2019
"T160 R37W",152152,972,152,152,2018,2019
"T160 R37W",152190,1819,152,190,2018,2019
"T160 R37W",176195,17,176,195,2018,2019
"T160 R37W",190061,3,190,61,2018,2019
"T160 R37W",190111,1,190,111,2018,2019
"T160 R37W",190121,603,190,121,2018,2019
"T160 R37W",190122,15,190,122,2018,2019
"T160 R37W",190142,755,190,142,2018,2019
"T160 R37W",190190,52441,190,190,2018,2019
"T160 R37W",190195,2545,190,195,2018,2019
"T160 R37W",195005,5,195,5,2018,2019
"T160 R37W",195111,29,195,111,2018,2019
"T160 R37W",195121,274,195,121,2018,2019
"T160 R37W",195141,32,195,141,2018,2019
"T160 R37W",195152,37,195,152,2018,2019
"T160 R37W",195190,6718,195,190,2018,2019
"T160 R37W",195195,27004,195,195,2018,2019
"T160 R37W",141141,10,141,141,2018,2019
"T160 R37W",142190,848,142,190,2018,2019
"T160 R37W",152195,46,152,195,2018,2019
"T160 R37W",5195,5,5,195,2018,2019
"T160 R37W",121111,2,121,111,2018,2019
"T160 R37W",121122,8,121,122,2018,2019
"T160 R37W",121143,36,121,143,2018,2019
"T160 R37W",122121,2,122,121,2018,2019
"T160 R37W",122122,15,122,122,2018,2019
"T160 R37W",122152,3,122,152,2018,2019
"T160 R37W",122195,3,122,195,2018,2019
"T160 R37W",123123,1,123,123,2018,2019
"T160 R37W",141005,8,141,5,2018,2019
"T160 R37W",141122,2,141,122,2018,2019
"T160 R37W",141143,6,141,143,2018,2019
"T160 R37W",142005,2,142,5,2018,2019
"T160 R37W",142121,73,142,121,2018,2019
"T160 R37W",152121,55,152,121,2018,2019
"T160 R37W",176037,2,176,37,2018,2019
"T160 R37W",176121,2,176,121,2018,2019
"T160 R37W",176190,6,176,190,2018,2019
"T160 R37W",195037,7,195,37,2018,2019
"T160 R37W",195122,13,195,122,2018,2019
"T160 R37W",37190,1,37,190,2018,2019
"T160 R37W",190123,6,190,123,2018,2019
"T160 R37W",190141,58,190,141,2018,2019
"T160 R37W",195036,1,195,36,2018,2019
"T160 R37W",195142,138,195,142,2018,2019
"T160 R37W",5121,6,5,121,2018,2019
"T160 R37W",142142,2097,142,142,2018,2019
"T160 R37W",141142,3,141,142,2018,2019
"T160 R37W",5023,1,5,23,2018,2019
"T160 R37W",176176,4,176,176,2018,2019
"T160 R37W",141023,1,141,23,2018,2019
"T160 R37W",5005,38,5,5,2018,2019
"T160 R37W",1005,3,1,5,2018,2019
"T160 R37W",5028,11,5,28,2018,2019
"T160 R37W",5036,1,5,36,2018,2019
"T160 R37W",5176,11,5,176,2018,2019
"T160 R37W",23001,1,23,1,2018,2019
"T160 R37W",23005,3,23,5,2018,2019
"T160 R37W",23061,1,23,61,2018,2019
"T160 R37W",23121,1,23,121,2018,2019
"T160 R37W",121001,6,121,1,2018,2019
"T160 R37W",121005,8,121,5,2018,2019
"T160 R37W",121036,1,121,36,2018,2019
"T160 R37W",121152,228,121,152,2018,2019
"T160 R37W",190005,31,190,5,2018,2019
"T160 R37W",190023,1,190,23,2018,2019
"T160 R37W",190176,9,190,176,2018,2019
"T160 R37W",195143,2,195,143,2018,2019
"T160 R37W",5141,3,5,141,2018,2019
"T160 R37W",176005,1,176,5,2018,2019
"T160 R37W",176143,1,176,143,2018,2019
"T160 R37W",36028,1,36,28,2018,2019
"T160 R37W",36190,1,36,190,2018,2019
"T160 R37W",142141,1009,142,141,2018,2019
"T160 R37W",143143,1,143,143,2018,2019
"T160 R37W",152141,47,152,141,2018,2019
"T160 R37W",190037,4,190,37,2018,2019
"T160 R37W",23027,1,23,27,2018,2019
"T160 R37W",152005,1,152,5,2018,2019
"T160 R37W",176031,1,176,31,2018,2019
"T160 R37W",141036,6,141,36,2018,2019
"T160 R37W",190059,3,190,59,2018,2019
"T160 R37W",195061,4,195,61,2018,2019
"T160 R37W",142176,3,142,176,2018,2019
"T160 R37W",190152,336,190,152,2018,2019
"T160 R37W",141037,3,141,37,2018,2019
"T160 R37W",190028,1,190,28,2018,2019
"T160 R37W",152142,708,152,142,2018,2019
"T160 R37W",124121,1,124,121,2018,2019
"T160 R37W",141061,3,141,61,2018,2019
"T160 R37W",142123,1,142,123,2018,2019
"T160 R37W",143121,1,143,121,2018,2019
"T160 R37W",190001,1,190,1,2018,2019
"T160 R37W",176142,9,176,142,2018,2019
"T160 R37W",190021,5,190,21,2018,2019
"T160 R37W",142036,1,142,36,2018,2019
"T160 R37W",142037,1,142,37,2018,2019
"T160 R37W",176039,1,176,39,2018,2019
"T160 R37W",5061,6,5,61,2019,2020
"T160 R37W",61023,4,61,23,2019,2020
"T160 R37W",111111,293,111,111,2019,2020
"T160 R37W",111141,1,111,141,2019,2020
"T160 R37W",111195,5,111,195,2019,2020
"T160 R37W",121121,1962,121,121,2019,2020
"T160 R37W",122122,53,122,122,2019,2020
"T160 R37W",141190,25,141,190,2019,2020
"T160 R37W",141195,56,141,195,2019,2020
"T160 R37W",142143,85,142,143,2019,2020
"T160 R37W",142190,934,142,190,2019,2020
"T160 R37W",143141,23,143,141,2019,2020
"T160 R37W",143190,12,143,190,2019,2020
"T160 R37W",143195,16,143,195,2019,2020
"T160 R37W",152142,957,152,142,2019,2020
"T160 R37W",152152,303,152,152,2019,2020
"T160 R37W",190111,2,190,111,2019,2020
"T160 R37W",190141,62,190,141,2019,2020
"T160 R37W",190142,358,190,142,2019,2020
"T160 R37W",190152,409,190,152,2019,2020
"T160 R37W",190190,59765,190,190,2019,2020
"T160 R37W",190195,1734,190,195,2019,2020
"T160 R37W",195111,8,195,111,2019,2020
"T160 R37W",195141,22,195,141,2019,2020
"T160 R37W",195143,5,195,143,2019,2020
"T160 R37W",195176,19,195,176,2019,2020
"T160 R37W",195190,2803,195,190,2019,2020
"T160 R37W",195195,27136,195,195,2019,2020
"T160 R37W",141141,814,141,141,2019,2020
"T160 R37W",142142,2334,142,142,2019,2020
"T160 R37W",152195,2,152,195,2019,2020
"T160 R37W",5023,42,5,23,2019,2020
"T160 R37W",5036,1,5,36,2019,2020
"T160 R37W",5195,16,5,195,2019,2020
"T160 R37W",23190,1,23,190,2019,2020
"T160 R37W",36036,4,36,36,2019,2020
"T160 R37W",36037,1,36,37,2019,2020
"T160 R37W",36176,1,36,176,2019,2020
"T160 R37W",37037,4,37,37,2019,2020
"T160 R37W",37176,1,37,176,2019,2020
"T160 R37W",37195,2,37,195,2019,2020
"T160 R37W",123123,8,123,123,2019,2020
"T160 R37W",141152,237,141,152,2019,2020
"T160 R37W",152141,239,152,141,2019,2020
"T160 R37W",152190,325,152,190,2019,2020
"T160 R37W",176176,6,176,176,2019,2020
"T160 R37W",190005,10,190,5,2019,2020
"T160 R37W",190036,1,190,36,2019,2020
"T160 R37W",190143,4,190,143,2019,2020
"T160 R37W",195005,54,195,5,2019,2020
"T160 R37W",195037,6,195,37,2019,2020
"T160 R37W",5001,6,5,1,2019,2020
"T160 R37W",36195,2,36,195,2019,2020
"T160 R37W",142195,18,142,195,2019,2020
"T160 R37W",61061,1,61,61,2019,2020
"T160 R37W",141176,11,141,176,2019,2020
"T160 R37W",176195,11,176,195,2019,2020
"T160 R37W",195152,4,195,152,2019,2020
"T160 R37W",5005,17,5,5,2019,2020
"T160 R37W",23005,1,23,5,2019,2020
"T160 R37W",176037,7,176,37,2019,2020
"T160 R37W",23195,1,23,195,2019,2020
"T160 R37W",61005,6,61,5,2019,2020
"T160 R37W",195061,1,195,61,2019,2020
"T160 R37W",176005,2,176,5,2019,2020
"T160 R37W",1005,5,1,5,2019,2020
"T160 R37W",5021,6,5,21,2019,2020
"T160 R37W",5176,2,5,176,2019,2020
"T160 R37W",21005,5,21,5,2019,2020
"T160 R37W",28001,1,28,1,2019,2020
"T160 R37W",36141,1,36,141,2019,2020
"T160 R37W",142141,335,142,141,2019,2020
"T160 R37W",5190,1,5,190,2019,2020
"T160 R37W",28028,7,28,28,2019,2020
"T160 R37W",31005,1,31,5,2019,2020
"T160 R37W",36190,1,36,190,2019,2020
"T160 R37W",37005,1,37,5,2019,2020
"T160 R37W",37023,1,37,23,2019,2020
"T160 R37W",37036,7,37,36,2019,2020
"T160 R37W",59005,3,59,5,2019,2020
"T160 R37W",141142,15,141,142,2019,2020
"T160 R37W",1195,1,1,195,2019,2020
"T160 R37W",5037,3,5,37,2019,2020
"T160 R37W",28061,3,28,61,2019,2020
"T160 R37W",176152,1,176,152,2019,2020
"T160 R37W",195023,16,195,23,2019,2020
"T160 R37W",195036,3,195,36,2019,2020
"T160 R37W",28059,1,28,59,2019,2020
"T160 R37W",37141,1,37,141,2019,2020
"T160 R37W",195001,1,195,1,2019,2020
"T160 R37W",28195,1,28,195,2019,2020
"T160 R37W",195142,10,195,142,2019,2020
"T160 R37W",1141,2,1,141,2019,2020
"T160 R37W",27005,1,27,5,2019,2020
"T160 R37W",141061,3,141,61,2019,2020
"T160 R37W",152001,1,152,1,2019,2020
"T160 R37W",152005,3,152,5,2019,2020
"T160 R37W",39059,1,39,59,2019,2020
"T160 R37W",142005,1,142,5,2019,2020
"T160 R37W",142152,3,142,152,2019,2020
"T160 R37W",23005,40,23,5,2020,2021
"T160 R37W",111111,283,111,111,2020,2021
"T160 R37W",111195,20,111,195,2020,2021
"T160 R37W",121121,1791,121,121,2020,2021
"T160 R37W",121122,142,121,122,2020,2021
"T160 R37W",122122,48,122,122,2020,2021
"T160 R37W",141141,78,141,141,2020,2021
"T160 R37W",141190,244,141,190,2020,2021
"T160 R37W",141195,111,141,195,2020,2021
"T160 R37W",142190,682,142,190,2020,2021
"T160 R37W",143190,77,143,190,2020,2021
"T160 R37W",152176,4,152,176,2020,2021
"T160 R37W",176176,26,176,176,2020,2021
"T160 R37W",190111,3,190,111,2020,2021
"T160 R37W",190121,3,190,121,2020,2021
"T160 R37W",190141,39,190,141,2020,2021
"T160 R37W",190142,1824,190,142,2020,2021
"T160 R37W",190190,58777,190,190,2020,2021
"T160 R37W",190195,2991,190,195,2020,2021
"T160 R37W",195111,4,195,111,2020,2021
"T160 R37W",195142,5,195,142,2020,2021
"T160 R37W",195176,78,195,176,2020,2021
"T160 R37W",195190,2016,195,190,2020,2021
"T160 R37W",195195,26817,195,195,2020,2021
"T160 R37W",142142,2991,142,142,2020,2021
"T160 R37W",152190,15,152,190,2020,2021
"T160 R37W",190005,8,190,5,2020,2021
"T160 R37W",190122,1,190,122,2020,2021
"T160 R37W",190143,2,190,143,2020,2021
"T160 R37W",5005,76,5,5,2020,2021
"T160 R37W",23001,2,23,1,2020,2021
"T160 R37W",23059,16,23,59,2020,2021
"T160 R37W",36036,7,36,36,2020,2021
"T160 R37W",36037,1,36,37,2020,2021
"T160 R37W",36176,5,36,176,2020,2021
"T160 R37W",36195,1,36,195,2020,2021
"T160 R37W",37037,5,37,37,2020,2021
"T160 R37W",37176,11,37,176,2020,2021
"T160 R37W",121123,29,121,123,2020,2021
"T160 R37W",122123,5,122,123,2020,2021
"T160 R37W",123123,8,123,123,2020,2021
"T160 R37W",141152,861,141,152,2020,2021
"T160 R37W",141176,114,141,176,2020,2021
"T160 R37W",143141,10,143,141,2020,2021
"T160 R37W",152142,523,152,142,2020,2021
"T160 R37W",176037,2,176,37,2020,2021
"T160 R37W",190037,1,190,37,2020,2021
"T160 R37W",190176,5,190,176,2020,2021
"T160 R37W",195005,38,195,5,2020,2021
"T160 R37W",195023,2,195,23,2020,2021
"T160 R37W",195037,17,195,37,2020,2021
"T160 R37W",195141,21,195,141,2020,2021
"T160 R37W",141005,16,141,5,2020,2021
"T160 R37W",152195,61,152,195,2020,2021
"T160 R37W",61005,9,61,5,2020,2021
"T160 R37W",152152,215,152,152,2020,2021
"T160 R37W",190152,213,190,152,2020,2021
"T160 R37W",59005,2,59,5,2020,2021
"T160 R37W",61001,1,61,1,2020,2021
"T160 R37W",176195,9,176,195,2020,2021
"T160 R37W",5195,13,5,195,2020,2021
"T160 R37W",1005,9,1,5,2020,2021
"T160 R37W",5001,3,5,1,2020,2021
"T160 R37W",5023,11,5,23,2020,2021
"T160 R37W",5176,2,5,176,2020,2021
"T160 R37W",23023,1,23,23,2020,2021
"T160 R37W",23195,1,23,195,2020,2021
"T160 R37W",36005,1,36,5,2020,2021
"T160 R37W",36141,1,36,141,2020,2021
"T160 R37W",37023,3,37,23,2020,2021
"T160 R37W",37036,1,37,36,2020,2021
"T160 R37W",141142,49,141,142,2020,2021
"T160 R37W",195143,1,195,143,2020,2021
"T160 R37W",21005,3,21,5,2020,2021
"T160 R37W",21195,3,21,195,2020,2021
"T160 R37W",23028,3,23,28,2020,2021
"T160 R37W",28005,2,28,5,2020,2021
"T160 R37W",28023,3,28,23,2020,2021
"T160 R37W",5190,1,5,190,2020,2021
"T160 R37W",141143,20,141,143,2020,2021
"T160 R37W",143195,7,143,195,2020,2021
"T160 R37W",195036,1,195,36,2020,2021
"T160 R37W",28059,2,28,59,2020,2021
"T160 R37W",61190,2,61,190,2020,2021
"T160 R37W",195152,1,195,152,2020,2021
"T160 R37W",141023,7,141,23,2020,2021
"T160 R37W",5141,4,5,141,2020,2021
"T160 R37W",176142,1,176,142,2020,2021
"T160 R37W",142195,1,142,195,2020,2021
"T160 R37W",37142,1,37,142,2020,2021
"T160 R37W",61058,2,61,58,2020,2021
"T160 R37W",176058,2,176,58,2020,2021
"T160 R37W",152005,28,152,5,2020,2021
"T160 R37W",152111,111,152,111,2020,2021
