"xCoords","yCoords","width","colorToUse"
1,6.4,11.8866620594333,"#ffd300"
1.2,6.4,11.8866620594333,"#ffd300"
1.4,6.4,11.8866620594333,"#ffd300"
2,6.4,11.8866620594333,"#ffd300"
1.8,6.4,11.8866620594333,"#ffd300"
1.6,6.4,11.8866620594333,"#ffd300"
1,6.4,0.414651002073255,"#AAAAAA"
1.2,5.8,0.414651002073255,"#AAAAAA"
1.4,5.8,0.414651002073255,"#AAAAAA"
2,1,0.414651002073255,"#ffd300"
1.8,1.6,0.414651002073255,"#ffd300"
1.6,1.6,0.414651002073255,"#ffd300"
1,6.4,0.0691085003455425,"#4daf4a"
1.2,6.3,0.0691085003455425,"#4daf4a"
1.4,6.3,0.0691085003455425,"#4daf4a"
2,5.5,0.0691085003455425,"#ffd300"
1.8,5.6,0.0691085003455425,"#ffd300"
1.6,5.6,0.0691085003455425,"#ffd300"
1,6.4,8.2930200414651,"#377eb8"
1.2,6,8.2930200414651,"#377eb8"
1.4,6,8.2930200414651,"#377eb8"
2,2.8,8.2930200414651,"#ffd300"
1.8,3.2,8.2930200414651,"#ffd300"
1.6,3.2,8.2930200414651,"#ffd300"
1,1.9,0.0345542501727713,"#AAAAAA"
1.2,1.8,0.0345542501727713,"#AAAAAA"
1.4,1.8,0.0345542501727713,"#AAAAAA"
2,1,0.0345542501727713,"#e41a1c"
1.8,1.1,0.0345542501727713,"#e41a1c"
1.6,1.1,0.0345542501727713,"#e41a1c"
1,4.6,0.0345542501727713,"#f781bf"
1.2,4.6,0.0345542501727713,"#f781bf"
1.4,4.6,0.0345542501727713,"#f781bf"
2,4.6,0.0345542501727713,"#f781bf"
1.8,4.6,0.0345542501727713,"#f781bf"
1.6,4.6,0.0345542501727713,"#f781bf"
1,1,0.380096751900484,"#ffd300"
1.2,1.6,0.380096751900484,"#ffd300"
1.4,1.6,0.380096751900484,"#ffd300"
2,6.4,0.380096751900484,"#AAAAAA"
1.8,5.8,0.380096751900484,"#AAAAAA"
1.6,5.8,0.380096751900484,"#AAAAAA"
1,1,0.0691085003455425,"#f781bf"
1.2,1.4,0.0691085003455425,"#f781bf"
1.4,1.4,0.0691085003455425,"#f781bf"
2,4.6,0.0691085003455425,"#AAAAAA"
1.8,4.2,0.0691085003455425,"#AAAAAA"
1.6,4.2,0.0691085003455425,"#AAAAAA"
1,1,6.11610228058051,"#AAAAAA"
1.2,1,6.11610228058051,"#AAAAAA"
1.4,1,6.11610228058051,"#AAAAAA"
2,1,6.11610228058051,"#AAAAAA"
1.8,1,6.11610228058051,"#AAAAAA"
1.6,1,6.11610228058051,"#AAAAAA"
1,1,0.0691085003455425,"#4daf4a"
1.2,1.5,0.0691085003455425,"#4daf4a"
1.4,1.5,0.0691085003455425,"#4daf4a"
2,5.5,0.0691085003455425,"#AAAAAA"
1.8,5,0.0691085003455425,"#AAAAAA"
1.6,5,0.0691085003455425,"#AAAAAA"
1,5.5,22.7366966136835,"#ffd300"
1.2,5.6,22.7366966136835,"#ffd300"
1.4,5.6,22.7366966136835,"#ffd300"
2,6.4,22.7366966136835,"#4daf4a"
1.8,6.3,22.7366966136835,"#4daf4a"
1.6,6.3,22.7366966136835,"#4daf4a"
1,5.5,0.172771250863856,"#AAAAAA"
1.2,5,0.172771250863856,"#AAAAAA"
1.4,5,0.172771250863856,"#AAAAAA"
2,1,0.172771250863856,"#4daf4a"
1.8,1.5,0.172771250863856,"#4daf4a"
1.6,1.5,0.172771250863856,"#4daf4a"
1,5.5,0.241879751209399,"#4daf4a"
1.2,5.5,0.241879751209399,"#4daf4a"
1.4,5.5,0.241879751209399,"#4daf4a"
2,5.5,0.241879751209399,"#4daf4a"
1.8,5.5,0.241879751209399,"#4daf4a"
1.6,5.5,0.241879751209399,"#4daf4a"
1,3.7,0.0345542501727713,"#ffd300"
1.2,4,0.0345542501727713,"#ffd300"
1.4,4,0.0345542501727713,"#ffd300"
2,6.4,0.0345542501727713,"#a65628"
1.8,6.1,0.0345542501727713,"#a65628"
1.6,6.1,0.0345542501727713,"#a65628"
1,3.7,0.0345542501727713,"#4daf4a"
1.2,3.9,0.0345542501727713,"#4daf4a"
1.4,3.9,0.0345542501727713,"#4daf4a"
2,5.5,0.0345542501727713,"#a65628"
1.8,5.3,0.0345542501727713,"#a65628"
1.6,5.3,0.0345542501727713,"#a65628"
1,2.8,48.7214927436075,"#ffd300"
1.2,3.2,48.7214927436075,"#ffd300"
1.4,3.2,48.7214927436075,"#ffd300"
2,6.4,48.7214927436075,"#377eb8"
1.8,6,48.7214927436075,"#377eb8"
1.6,6,48.7214927436075,"#377eb8"
1,2.8,0.0345542501727713,"#f781bf"
1.2,3,0.0345542501727713,"#f781bf"
1.4,3,0.0345542501727713,"#f781bf"
2,4.6,0.0345542501727713,"#377eb8"
1.8,4.4,0.0345542501727713,"#377eb8"
1.6,4.4,0.0345542501727713,"#377eb8"
1,2.8,0.449205252246026,"#AAAAAA"
1.2,2.6,0.449205252246026,"#AAAAAA"
1.4,2.6,0.449205252246026,"#AAAAAA"
2,1,0.449205252246026,"#377eb8"
1.8,1.2,0.449205252246026,"#377eb8"
1.6,1.2,0.449205252246026,"#377eb8"
1,2.8,0.0691085003455425,"#4daf4a"
1.2,3.1,0.0691085003455425,"#4daf4a"
1.4,3.1,0.0691085003455425,"#4daf4a"
2,5.5,0.0691085003455425,"#377eb8"
1.8,5.2,0.0691085003455425,"#377eb8"
1.6,5.2,0.0691085003455425,"#377eb8"
1,2.8,0.138217000691085,"#377eb8"
1.2,2.8,0.138217000691085,"#377eb8"
1.4,2.8,0.138217000691085,"#377eb8"
2,2.8,0.138217000691085,"#377eb8"
1.8,2.8,0.138217000691085,"#377eb8"
1.6,2.8,0.138217000691085,"#377eb8"
2,6.4,18.8666205943331,"#ffd300"
2.2,6.4,18.8666205943331,"#ffd300"
2.4,6.4,18.8666205943331,"#ffd300"
3,6.4,18.8666205943331,"#ffd300"
2.8,6.4,18.8666205943331,"#ffd300"
2.6,6.4,18.8666205943331,"#ffd300"
2,6.4,16.0331720801659,"#e41a1c"
2.2,5.9,16.0331720801659,"#e41a1c"
2.4,5.9,16.0331720801659,"#e41a1c"
3,1.9,16.0331720801659,"#ffd300"
2.8,2.4,16.0331720801659,"#ffd300"
2.6,2.4,16.0331720801659,"#ffd300"
2,6.4,0.0345542501727713,"#f781bf"
2.2,6.2,0.0345542501727713,"#f781bf"
2.4,6.2,0.0345542501727713,"#f781bf"
3,4.6,0.0345542501727713,"#ffd300"
2.8,4.8,0.0345542501727713,"#ffd300"
2.6,4.8,0.0345542501727713,"#ffd300"
2,6.4,0.794747753973739,"#AAAAAA"
2.2,5.8,0.794747753973739,"#AAAAAA"
2.4,5.8,0.794747753973739,"#AAAAAA"
3,1,0.794747753973739,"#ffd300"
2.8,1.6,0.794747753973739,"#ffd300"
2.6,1.6,0.794747753973739,"#ffd300"
2,6.4,34.1741534208708,"#4daf4a"
2.2,6.3,34.1741534208708,"#4daf4a"
2.4,6.3,34.1741534208708,"#4daf4a"
3,5.5,34.1741534208708,"#ffd300"
2.8,5.6,34.1741534208708,"#ffd300"
2.6,5.6,34.1741534208708,"#ffd300"
2,6.4,0.103662750518314,"#a65628"
2.2,6.1,0.103662750518314,"#a65628"
2.4,6.1,0.103662750518314,"#a65628"
3,3.7,0.103662750518314,"#ffd300"
2.8,4,0.103662750518314,"#ffd300"
2.6,4,0.103662750518314,"#ffd300"
2,6.4,13.752591568763,"#377eb8"
2.2,6,13.752591568763,"#377eb8"
2.4,6,13.752591568763,"#377eb8"
3,2.8,13.752591568763,"#ffd300"
2.8,3.2,13.752591568763,"#ffd300"
2.6,3.2,13.752591568763,"#ffd300"
2,4.6,0.103662750518314,"#4daf4a"
2.2,4.7,0.103662750518314,"#4daf4a"
2.4,4.7,0.103662750518314,"#4daf4a"
3,5.5,0.103662750518314,"#f781bf"
2.8,5.4,0.103662750518314,"#f781bf"
2.6,5.4,0.103662750518314,"#f781bf"
2,1,0.207325501036628,"#ffd300"
2.2,1.6,0.207325501036628,"#ffd300"
2.4,1.6,0.207325501036628,"#ffd300"
3,6.4,0.207325501036628,"#AAAAAA"
2.8,5.8,0.207325501036628,"#AAAAAA"
2.6,5.8,0.207325501036628,"#AAAAAA"
2,1,6.496199032481,"#AAAAAA"
2.2,1,6.496199032481,"#AAAAAA"
2.4,1,6.496199032481,"#AAAAAA"
3,1,6.496199032481,"#AAAAAA"
2.8,1,6.496199032481,"#AAAAAA"
2.6,1,6.496199032481,"#AAAAAA"
2,1,0.518313752591569,"#4daf4a"
2.2,1.5,0.518313752591569,"#4daf4a"
2.4,1.5,0.518313752591569,"#4daf4a"
3,5.5,0.518313752591569,"#AAAAAA"
2.8,5,0.518313752591569,"#AAAAAA"
2.6,5,0.518313752591569,"#AAAAAA"
2,5.5,0.0691085003455425,"#ffd300"
2.2,5.6,0.0691085003455425,"#ffd300"
2.4,5.6,0.0691085003455425,"#ffd300"
3,6.4,0.0691085003455425,"#4daf4a"
2.8,6.3,0.0691085003455425,"#4daf4a"
2.6,6.3,0.0691085003455425,"#4daf4a"
2,5.5,0.103662750518314,"#AAAAAA"
2.2,5,0.103662750518314,"#AAAAAA"
2.4,5,0.103662750518314,"#AAAAAA"
3,1,0.103662750518314,"#4daf4a"
2.8,1.5,0.103662750518314,"#4daf4a"
2.6,1.5,0.103662750518314,"#4daf4a"
2,5.5,0.207325501036628,"#4daf4a"
2.2,5.5,0.207325501036628,"#4daf4a"
2.4,5.5,0.207325501036628,"#4daf4a"
3,5.5,0.207325501036628,"#4daf4a"
2.8,5.5,0.207325501036628,"#4daf4a"
2.6,5.5,0.207325501036628,"#4daf4a"
2,5.5,0.103662750518314,"#377eb8"
2.2,5.2,0.103662750518314,"#377eb8"
2.4,5.2,0.103662750518314,"#377eb8"
3,2.8,0.103662750518314,"#4daf4a"
2.8,3.1,0.103662750518314,"#4daf4a"
2.6,3.1,0.103662750518314,"#4daf4a"
2,2.8,8.36212854181064,"#ffd300"
2.2,3.2,8.36212854181064,"#ffd300"
2.4,3.2,8.36212854181064,"#ffd300"
3,6.4,8.36212854181064,"#377eb8"
2.8,6,8.36212854181064,"#377eb8"
2.6,6,8.36212854181064,"#377eb8"
2,2.8,0.0345542501727713,"#e41a1c"
2.2,2.7,0.0345542501727713,"#e41a1c"
2.4,2.7,0.0345542501727713,"#e41a1c"
3,1.9,0.0345542501727713,"#377eb8"
2.8,2,0.0345542501727713,"#377eb8"
2.6,2,0.0345542501727713,"#377eb8"
2,2.8,0.0345542501727713,"#4daf4a"
2.2,3.1,0.0345542501727713,"#4daf4a"
2.4,3.1,0.0345542501727713,"#4daf4a"
3,5.5,0.0345542501727713,"#377eb8"
2.8,5.2,0.0345542501727713,"#377eb8"
2.6,5.2,0.0345542501727713,"#377eb8"
3,6.4,27.1596406357982,"#ffd300"
3.2,6.4,27.1596406357982,"#ffd300"
3.4,6.4,27.1596406357982,"#ffd300"
4,6.4,27.1596406357982,"#ffd300"
3.8,6.4,27.1596406357982,"#ffd300"
3.6,6.4,27.1596406357982,"#ffd300"
3,6.4,0.0345542501727713,"#f781bf"
3.2,6.2,0.0345542501727713,"#f781bf"
3.4,6.2,0.0345542501727713,"#f781bf"
4,4.6,0.0345542501727713,"#ffd300"
3.8,4.8,0.0345542501727713,"#ffd300"
3.6,4.8,0.0345542501727713,"#ffd300"
3,6.4,0.138217000691085,"#AAAAAA"
3.2,5.8,0.138217000691085,"#AAAAAA"
3.4,5.8,0.138217000691085,"#AAAAAA"
4,1,0.138217000691085,"#ffd300"
3.8,1.6,0.138217000691085,"#ffd300"
3.6,1.6,0.138217000691085,"#ffd300"
3,6.4,0.103662750518314,"#4daf4a"
3.2,6.3,0.103662750518314,"#4daf4a"
3.4,6.3,0.103662750518314,"#4daf4a"
4,5.5,0.103662750518314,"#ffd300"
3.8,5.6,0.103662750518314,"#ffd300"
3.6,5.6,0.103662750518314,"#ffd300"
3,6.4,0.0691085003455425,"#377eb8"
3.2,6,0.0691085003455425,"#377eb8"
3.4,6,0.0691085003455425,"#377eb8"
4,2.8,0.0691085003455425,"#ffd300"
3.8,3.2,0.0691085003455425,"#ffd300"
3.6,3.2,0.0691085003455425,"#ffd300"
3,1.9,16.0331720801659,"#ffd300"
3.2,2.4,16.0331720801659,"#ffd300"
3.4,2.4,16.0331720801659,"#ffd300"
4,6.4,16.0331720801659,"#e41a1c"
3.8,5.9,16.0331720801659,"#e41a1c"
3.6,5.9,16.0331720801659,"#e41a1c"
3,1.9,0.0345542501727713,"#377eb8"
3.2,2,0.0345542501727713,"#377eb8"
3.4,2,0.0345542501727713,"#377eb8"
4,2.8,0.0345542501727713,"#e41a1c"
3.8,2.7,0.0345542501727713,"#e41a1c"
3.6,2.7,0.0345542501727713,"#e41a1c"
3,4.6,0.0345542501727713,"#ffd300"
3.2,4.8,0.0345542501727713,"#ffd300"
3.4,4.8,0.0345542501727713,"#ffd300"
4,6.4,0.0345542501727713,"#f781bf"
3.8,6.2,0.0345542501727713,"#f781bf"
3.6,6.2,0.0345542501727713,"#f781bf"
3,1,0.55286800276434,"#ffd300"
3.2,1.6,0.55286800276434,"#ffd300"
3.4,1.6,0.55286800276434,"#ffd300"
4,6.4,0.55286800276434,"#AAAAAA"
3.8,5.8,0.55286800276434,"#AAAAAA"
3.6,5.8,0.55286800276434,"#AAAAAA"
3,1,6.77263303386317,"#AAAAAA"
3.2,1,6.77263303386317,"#AAAAAA"
3.4,1,6.77263303386317,"#AAAAAA"
4,1,6.77263303386317,"#AAAAAA"
3.8,1,6.77263303386317,"#AAAAAA"
3.6,1,6.77263303386317,"#AAAAAA"
3,1,0.0691085003455425,"#377eb8"
3.2,1.2,0.0691085003455425,"#377eb8"
3.4,1.2,0.0691085003455425,"#377eb8"
4,2.8,0.0691085003455425,"#AAAAAA"
3.8,2.6,0.0691085003455425,"#AAAAAA"
3.6,2.6,0.0691085003455425,"#AAAAAA"
3,5.5,34.3469246717346,"#ffd300"
3.2,5.6,34.3469246717346,"#ffd300"
3.4,5.6,34.3469246717346,"#ffd300"
4,6.4,34.3469246717346,"#4daf4a"
3.8,6.3,34.3469246717346,"#4daf4a"
3.6,6.3,34.3469246717346,"#4daf4a"
3,5.5,0.380096751900484,"#AAAAAA"
3.2,5,0.380096751900484,"#AAAAAA"
3.4,5,0.380096751900484,"#AAAAAA"
4,1,0.380096751900484,"#4daf4a"
3.8,1.5,0.380096751900484,"#4daf4a"
3.6,1.5,0.380096751900484,"#4daf4a"
3,5.5,0.172771250863856,"#4daf4a"
3.2,5.5,0.172771250863856,"#4daf4a"
3.4,5.5,0.172771250863856,"#4daf4a"
4,5.5,0.172771250863856,"#4daf4a"
3.8,5.5,0.172771250863856,"#4daf4a"
3.6,5.5,0.172771250863856,"#4daf4a"
3,5.5,0.138217000691085,"#377eb8"
3.2,5.2,0.138217000691085,"#377eb8"
3.4,5.2,0.138217000691085,"#377eb8"
4,2.8,0.138217000691085,"#4daf4a"
3.8,3.1,0.138217000691085,"#4daf4a"
3.6,3.1,0.138217000691085,"#4daf4a"
3,3.7,0.0691085003455425,"#ffd300"
3.2,4,0.0691085003455425,"#ffd300"
3.4,4,0.0691085003455425,"#ffd300"
4,6.4,0.0691085003455425,"#a65628"
3.8,6.1,0.0691085003455425,"#a65628"
3.6,6.1,0.0691085003455425,"#a65628"
3,3.7,0.0345542501727713,"#377eb8"
3.2,3.6,0.0345542501727713,"#377eb8"
3.4,3.6,0.0345542501727713,"#377eb8"
4,2.8,0.0345542501727713,"#a65628"
3.8,2.9,0.0345542501727713,"#a65628"
3.6,2.9,0.0345542501727713,"#a65628"
3,2.8,13.4761575673808,"#ffd300"
3.2,3.2,13.4761575673808,"#ffd300"
3.4,3.2,13.4761575673808,"#ffd300"
4,6.4,13.4761575673808,"#377eb8"
3.8,6,13.4761575673808,"#377eb8"
3.6,6,13.4761575673808,"#377eb8"
3,2.8,0.241879751209399,"#4daf4a"
3.2,3.1,0.241879751209399,"#4daf4a"
3.4,3.1,0.241879751209399,"#4daf4a"
4,5.5,0.241879751209399,"#377eb8"
3.8,5.2,0.241879751209399,"#377eb8"
3.6,5.2,0.241879751209399,"#377eb8"
3,2.8,0.138217000691085,"#377eb8"
3.2,2.8,0.138217000691085,"#377eb8"
3.4,2.8,0.138217000691085,"#377eb8"
4,2.8,0.138217000691085,"#377eb8"
3.8,2.8,0.138217000691085,"#377eb8"
3.6,2.8,0.138217000691085,"#377eb8"
4,6.4,67.7608845888044,"#ffd300"
4.2,6.4,67.7608845888044,"#ffd300"
4.4,6.4,67.7608845888044,"#ffd300"
5,6.4,67.7608845888044,"#ffd300"
4.8,6.4,67.7608845888044,"#ffd300"
4.6,6.4,67.7608845888044,"#ffd300"
4,6.4,0.103662750518314,"#AAAAAA"
4.2,5.8,0.103662750518314,"#AAAAAA"
4.4,5.8,0.103662750518314,"#AAAAAA"
5,1,0.103662750518314,"#ffd300"
4.8,1.6,0.103662750518314,"#ffd300"
4.6,1.6,0.103662750518314,"#ffd300"
4,6.4,23.6005528680028,"#4daf4a"
4.2,6.3,23.6005528680028,"#4daf4a"
4.4,6.3,23.6005528680028,"#4daf4a"
5,5.5,23.6005528680028,"#ffd300"
4.8,5.6,23.6005528680028,"#ffd300"
4.6,5.6,23.6005528680028,"#ffd300"
4,6.4,0.207325501036628,"#377eb8"
4.2,6,0.207325501036628,"#377eb8"
4.4,6,0.207325501036628,"#377eb8"
5,2.8,0.207325501036628,"#ffd300"
4.8,3.2,0.207325501036628,"#ffd300"
4.6,3.2,0.207325501036628,"#ffd300"
4,4.6,0.0345542501727713,"#AAAAAA"
4.2,4.2,0.0345542501727713,"#AAAAAA"
4.4,4.2,0.0345542501727713,"#AAAAAA"
5,1,0.0345542501727713,"#f781bf"
4.8,1.4,0.0345542501727713,"#f781bf"
4.6,1.4,0.0345542501727713,"#f781bf"
4,1,0.241879751209399,"#ffd300"
4.2,1.6,0.241879751209399,"#ffd300"
4.4,1.6,0.241879751209399,"#ffd300"
5,6.4,0.241879751209399,"#AAAAAA"
4.8,5.8,0.241879751209399,"#AAAAAA"
4.6,5.8,0.241879751209399,"#AAAAAA"
4,1,6.87629578438148,"#AAAAAA"
4.2,1,6.87629578438148,"#AAAAAA"
4.4,1,6.87629578438148,"#AAAAAA"
5,1,6.87629578438148,"#AAAAAA"
4.8,1,6.87629578438148,"#AAAAAA"
4.6,1,6.87629578438148,"#AAAAAA"
4,1,0.138217000691085,"#4daf4a"
4.2,1.5,0.138217000691085,"#4daf4a"
4.4,1.5,0.138217000691085,"#4daf4a"
5,5.5,0.138217000691085,"#AAAAAA"
4.8,5,0.138217000691085,"#AAAAAA"
4.6,5,0.138217000691085,"#AAAAAA"
4,1,0.0345542501727713,"#377eb8"
4.2,1.2,0.0345542501727713,"#377eb8"
4.4,1.2,0.0345542501727713,"#377eb8"
5,2.8,0.0345542501727713,"#AAAAAA"
4.8,2.6,0.0345542501727713,"#AAAAAA"
4.6,2.6,0.0345542501727713,"#AAAAAA"
4,5.5,0.0691085003455425,"#ffd300"
4.2,5.6,0.0691085003455425,"#ffd300"
4.4,5.6,0.0691085003455425,"#ffd300"
5,6.4,0.0691085003455425,"#4daf4a"
4.8,6.3,0.0691085003455425,"#4daf4a"
4.6,6.3,0.0691085003455425,"#4daf4a"
4,5.5,0.449205252246026,"#4daf4a"
4.2,5.5,0.449205252246026,"#4daf4a"
4.4,5.5,0.449205252246026,"#4daf4a"
5,5.5,0.449205252246026,"#4daf4a"
4.8,5.5,0.449205252246026,"#4daf4a"
4.6,5.5,0.449205252246026,"#4daf4a"
4,2.8,0.0345542501727713,"#AAAAAA"
4.2,2.6,0.0345542501727713,"#AAAAAA"
4.4,2.6,0.0345542501727713,"#AAAAAA"
5,1,0.0345542501727713,"#377eb8"
4.8,1.2,0.0345542501727713,"#377eb8"
4.6,1.2,0.0345542501727713,"#377eb8"
4,2.8,0.449205252246026,"#4daf4a"
4.2,3.1,0.449205252246026,"#4daf4a"
4.4,3.1,0.449205252246026,"#4daf4a"
5,5.5,0.449205252246026,"#377eb8"
4.8,5.2,0.449205252246026,"#377eb8"
4.6,5.2,0.449205252246026,"#377eb8"
5,6.4,0.587422252937111,"#ffd300"
5.2,6.4,0.587422252937111,"#ffd300"
5.4,6.4,0.587422252937111,"#ffd300"
6,6.4,0.587422252937111,"#ffd300"
5.8,6.4,0.587422252937111,"#ffd300"
5.6,6.4,0.587422252937111,"#ffd300"
5,6.4,0.27643400138217,"#AAAAAA"
5.2,5.8,0.27643400138217,"#AAAAAA"
5.4,5.8,0.27643400138217,"#AAAAAA"
6,1,0.27643400138217,"#ffd300"
5.8,1.6,0.27643400138217,"#ffd300"
5.6,1.6,0.27643400138217,"#ffd300"
5,6.4,1.03662750518314,"#4daf4a"
5.2,6.3,1.03662750518314,"#4daf4a"
5.4,6.3,1.03662750518314,"#4daf4a"
6,5.5,1.03662750518314,"#ffd300"
5.8,5.6,1.03662750518314,"#ffd300"
5.6,5.6,1.03662750518314,"#ffd300"
5,6.4,66.1713890808569,"#377eb8"
5.2,6,66.1713890808569,"#377eb8"
5.4,6,66.1713890808569,"#377eb8"
6,2.8,66.1713890808569,"#ffd300"
5.8,3.2,66.1713890808569,"#ffd300"
5.6,3.2,66.1713890808569,"#ffd300"
5,1,0.0691085003455425,"#ffd300"
5.2,1.6,0.0691085003455425,"#ffd300"
5.4,1.6,0.0691085003455425,"#ffd300"
6,6.4,0.0691085003455425,"#AAAAAA"
5.8,5.8,0.0691085003455425,"#AAAAAA"
5.6,5.8,0.0691085003455425,"#AAAAAA"
5,1,0.0691085003455425,"#f781bf"
5.2,1.4,0.0691085003455425,"#f781bf"
5.4,1.4,0.0691085003455425,"#f781bf"
6,4.6,0.0691085003455425,"#AAAAAA"
5.8,4.2,0.0691085003455425,"#AAAAAA"
5.6,4.2,0.0691085003455425,"#AAAAAA"
5,1,6.77263303386317,"#AAAAAA"
5.2,1,6.77263303386317,"#AAAAAA"
5.4,1,6.77263303386317,"#AAAAAA"
6,1,6.77263303386317,"#AAAAAA"
5.8,1,6.77263303386317,"#AAAAAA"
5.6,1,6.77263303386317,"#AAAAAA"
5,1,0.0691085003455425,"#4daf4a"
5.2,1.5,0.0691085003455425,"#4daf4a"
5.4,1.5,0.0691085003455425,"#4daf4a"
6,5.5,0.0691085003455425,"#AAAAAA"
5.8,5,0.0691085003455425,"#AAAAAA"
5.6,5,0.0691085003455425,"#AAAAAA"
5,1,0.0691085003455425,"#377eb8"
5.2,1.2,0.0691085003455425,"#377eb8"
5.4,1.2,0.0691085003455425,"#377eb8"
6,2.8,0.0691085003455425,"#AAAAAA"
5.8,2.6,0.0691085003455425,"#AAAAAA"
5.6,2.6,0.0691085003455425,"#AAAAAA"
5,5.5,22.9785763648929,"#ffd300"
5.2,5.6,22.9785763648929,"#ffd300"
5.4,5.6,22.9785763648929,"#ffd300"
6,6.4,22.9785763648929,"#4daf4a"
5.8,6.3,22.9785763648929,"#4daf4a"
5.6,6.3,22.9785763648929,"#4daf4a"
5,5.5,0.0345542501727713,"#AAAAAA"
5.2,5,0.0345542501727713,"#AAAAAA"
5.4,5,0.0345542501727713,"#AAAAAA"
6,1,0.0345542501727713,"#4daf4a"
5.8,1.5,0.0345542501727713,"#4daf4a"
5.6,1.5,0.0345542501727713,"#4daf4a"
5,5.5,0.207325501036628,"#4daf4a"
5.2,5.5,0.207325501036628,"#4daf4a"
5.4,5.5,0.207325501036628,"#4daf4a"
6,5.5,0.207325501036628,"#4daf4a"
5.8,5.5,0.207325501036628,"#4daf4a"
5.6,5.5,0.207325501036628,"#4daf4a"
5,5.5,1.41672425708362,"#377eb8"
5.2,5.2,1.41672425708362,"#377eb8"
5.4,5.2,1.41672425708362,"#377eb8"
6,2.8,1.41672425708362,"#4daf4a"
5.8,3.1,1.41672425708362,"#4daf4a"
5.6,3.1,1.41672425708362,"#4daf4a"
5,2.8,0.0691085003455425,"#ffd300"
5.2,3.2,0.0691085003455425,"#ffd300"
5.4,3.2,0.0691085003455425,"#ffd300"
6,6.4,0.0691085003455425,"#377eb8"
5.8,6,0.0691085003455425,"#377eb8"
5.6,6,0.0691085003455425,"#377eb8"
5,2.8,0.0345542501727713,"#AAAAAA"
5.2,2.6,0.0345542501727713,"#AAAAAA"
5.4,2.6,0.0345542501727713,"#AAAAAA"
6,1,0.0345542501727713,"#377eb8"
5.8,1.2,0.0345542501727713,"#377eb8"
5.6,1.2,0.0345542501727713,"#377eb8"
5,2.8,0.138217000691085,"#377eb8"
5.2,2.8,0.138217000691085,"#377eb8"
5.4,2.8,0.138217000691085,"#377eb8"
6,2.8,0.138217000691085,"#377eb8"
5.8,2.8,0.138217000691085,"#377eb8"
5.6,2.8,0.138217000691085,"#377eb8"
6,6.4,2.10780926053905,"#ffd300"
6.2,6.4,2.10780926053905,"#ffd300"
6.4,6.4,2.10780926053905,"#ffd300"
7,6.4,2.10780926053905,"#ffd300"
6.8,6.4,2.10780926053905,"#ffd300"
6.6,6.4,2.10780926053905,"#ffd300"
6,6.4,0.241879751209399,"#e41a1c"
6.2,5.9,0.241879751209399,"#e41a1c"
6.4,5.9,0.241879751209399,"#e41a1c"
7,1.9,0.241879751209399,"#ffd300"
6.8,2.4,0.241879751209399,"#ffd300"
6.6,2.4,0.241879751209399,"#ffd300"
6,6.4,0.0691085003455425,"#f781bf"
6.2,6.2,0.0691085003455425,"#f781bf"
6.4,6.2,0.0691085003455425,"#f781bf"
7,4.6,0.0691085003455425,"#ffd300"
6.8,4.8,0.0691085003455425,"#ffd300"
6.6,4.8,0.0691085003455425,"#ffd300"
6,6.4,0.103662750518314,"#AAAAAA"
6.2,5.8,0.103662750518314,"#AAAAAA"
6.4,5.8,0.103662750518314,"#AAAAAA"
7,1,0.103662750518314,"#ffd300"
6.8,1.6,0.103662750518314,"#ffd300"
6.6,1.6,0.103662750518314,"#ffd300"
6,6.4,0.483759502418798,"#4daf4a"
6.2,6.3,0.483759502418798,"#4daf4a"
6.4,6.3,0.483759502418798,"#4daf4a"
7,5.5,0.483759502418798,"#ffd300"
6.8,5.6,0.483759502418798,"#ffd300"
6.6,5.6,0.483759502418798,"#ffd300"
6,6.4,0.241879751209399,"#a65628"
6.2,6.1,0.241879751209399,"#a65628"
6.4,6.1,0.241879751209399,"#a65628"
7,3.7,0.241879751209399,"#ffd300"
6.8,4,0.241879751209399,"#ffd300"
6.6,4,0.241879751209399,"#ffd300"
6,6.4,20.4561161022806,"#377eb8"
6.2,6,20.4561161022806,"#377eb8"
6.4,6,20.4561161022806,"#377eb8"
7,2.8,20.4561161022806,"#ffd300"
6.8,3.2,20.4561161022806,"#ffd300"
6.6,3.2,20.4561161022806,"#ffd300"
6,4.6,0.0691085003455425,"#AAAAAA"
6.2,4.2,0.0691085003455425,"#AAAAAA"
6.4,4.2,0.0691085003455425,"#AAAAAA"
7,1,0.0691085003455425,"#f781bf"
6.8,1.4,0.0691085003455425,"#f781bf"
6.6,1.4,0.0691085003455425,"#f781bf"
6,1,0.0345542501727713,"#ffd300"
6.2,1.6,0.0345542501727713,"#ffd300"
6.4,1.6,0.0345542501727713,"#ffd300"
7,6.4,0.0345542501727713,"#AAAAAA"
6.8,5.8,0.0345542501727713,"#AAAAAA"
6.6,5.8,0.0345542501727713,"#AAAAAA"
6,1,0.0691085003455425,"#e41a1c"
6.2,1.1,0.0691085003455425,"#e41a1c"
6.4,1.1,0.0691085003455425,"#e41a1c"
7,1.9,0.0691085003455425,"#AAAAAA"
6.8,1.8,0.0691085003455425,"#AAAAAA"
6.6,1.8,0.0691085003455425,"#AAAAAA"
6,1,0.0345542501727713,"#f781bf"
6.2,1.4,0.0345542501727713,"#f781bf"
6.4,1.4,0.0345542501727713,"#f781bf"
7,4.6,0.0345542501727713,"#AAAAAA"
6.8,4.2,0.0345542501727713,"#AAAAAA"
6.6,4.2,0.0345542501727713,"#AAAAAA"
6,1,6.94540428472702,"#AAAAAA"
6.2,1,6.94540428472702,"#AAAAAA"
6.4,1,6.94540428472702,"#AAAAAA"
7,1,6.94540428472702,"#AAAAAA"
6.8,1,6.94540428472702,"#AAAAAA"
6.6,1,6.94540428472702,"#AAAAAA"
6,1,0.0345542501727713,"#4daf4a"
6.2,1.5,0.0345542501727713,"#4daf4a"
6.4,1.5,0.0345542501727713,"#4daf4a"
7,5.5,0.0345542501727713,"#AAAAAA"
6.8,5,0.0345542501727713,"#AAAAAA"
6.6,5,0.0345542501727713,"#AAAAAA"
6,5.5,0.863856254319281,"#ffd300"
6.2,5.6,0.863856254319281,"#ffd300"
6.4,5.6,0.863856254319281,"#ffd300"
7,6.4,0.863856254319281,"#4daf4a"
6.8,6.3,0.863856254319281,"#4daf4a"
6.6,6.3,0.863856254319281,"#4daf4a"
6,5.5,0.0345542501727713,"#e41a1c"
6.2,5.1,0.0345542501727713,"#e41a1c"
6.4,5.1,0.0345542501727713,"#e41a1c"
7,1.9,0.0345542501727713,"#4daf4a"
6.8,2.3,0.0345542501727713,"#4daf4a"
6.6,2.3,0.0345542501727713,"#4daf4a"
6,5.5,0.0345542501727713,"#AAAAAA"
6.2,5,0.0345542501727713,"#AAAAAA"
6.4,5,0.0345542501727713,"#AAAAAA"
7,1,0.0345542501727713,"#4daf4a"
6.8,1.5,0.0345542501727713,"#4daf4a"
6.6,1.5,0.0345542501727713,"#4daf4a"
6,5.5,0.310988251554941,"#4daf4a"
6.2,5.5,0.310988251554941,"#4daf4a"
6.4,5.5,0.310988251554941,"#4daf4a"
7,5.5,0.310988251554941,"#4daf4a"
6.8,5.5,0.310988251554941,"#4daf4a"
6.6,5.5,0.310988251554941,"#4daf4a"
6,5.5,0.0691085003455425,"#a65628"
6.2,5.3,0.0691085003455425,"#a65628"
6.4,5.3,0.0691085003455425,"#a65628"
7,3.7,0.0691085003455425,"#4daf4a"
6.8,3.9,0.0691085003455425,"#4daf4a"
6.6,3.9,0.0691085003455425,"#4daf4a"
6,2.8,23.0822391154112,"#ffd300"
6.2,3.2,23.0822391154112,"#ffd300"
6.4,3.2,23.0822391154112,"#ffd300"
7,6.4,23.0822391154112,"#377eb8"
6.8,6,23.0822391154112,"#377eb8"
6.6,6,23.0822391154112,"#377eb8"
6,2.8,0.0345542501727713,"#AAAAAA"
6.2,2.6,0.0345542501727713,"#AAAAAA"
6.4,2.6,0.0345542501727713,"#AAAAAA"
7,1,0.0345542501727713,"#377eb8"
6.8,1.2,0.0345542501727713,"#377eb8"
6.6,1.2,0.0345542501727713,"#377eb8"
6,2.8,44.2985487214927,"#4daf4a"
6.2,3.1,44.2985487214927,"#4daf4a"
6.4,3.1,44.2985487214927,"#4daf4a"
7,5.5,44.2985487214927,"#377eb8"
6.8,5.2,44.2985487214927,"#377eb8"
6.6,5.2,44.2985487214927,"#377eb8"
6,2.8,0.380096751900484,"#377eb8"
6.2,2.8,0.380096751900484,"#377eb8"
6.4,2.8,0.380096751900484,"#377eb8"
7,2.8,0.380096751900484,"#377eb8"
6.8,2.8,0.380096751900484,"#377eb8"
6.6,2.8,0.380096751900484,"#377eb8"
7,6.4,0.967519004837595,"#ffd300"
7.2,6.4,0.967519004837595,"#ffd300"
7.4,6.4,0.967519004837595,"#ffd300"
8,6.4,0.967519004837595,"#ffd300"
7.8,6.4,0.967519004837595,"#ffd300"
7.6,6.4,0.967519004837595,"#ffd300"
7,6.4,25.1209398756047,"#4daf4a"
7.2,6.3,25.1209398756047,"#4daf4a"
7.4,6.3,25.1209398756047,"#4daf4a"
8,5.5,25.1209398756047,"#ffd300"
7.8,5.6,25.1209398756047,"#ffd300"
7.6,5.6,25.1209398756047,"#ffd300"
7,1.9,0.0345542501727713,"#ffd300"
7.2,2.4,0.0345542501727713,"#ffd300"
7.4,2.4,0.0345542501727713,"#ffd300"
8,6.4,0.0345542501727713,"#e41a1c"
7.8,5.9,0.0345542501727713,"#e41a1c"
7.6,5.9,0.0345542501727713,"#e41a1c"
7,1.9,0.310988251554941,"#4daf4a"
7.2,2.3,0.310988251554941,"#4daf4a"
7.4,2.3,0.310988251554941,"#4daf4a"
8,5.5,0.310988251554941,"#e41a1c"
7.8,5.1,0.310988251554941,"#e41a1c"
7.6,5.1,0.310988251554941,"#e41a1c"
7,4.6,0.0345542501727713,"#AAAAAA"
7.2,4.2,0.0345542501727713,"#AAAAAA"
7.4,4.2,0.0345542501727713,"#AAAAAA"
8,1,0.0345542501727713,"#f781bf"
7.8,1.4,0.0345542501727713,"#f781bf"
7.6,1.4,0.0345542501727713,"#f781bf"
7,4.6,0.0691085003455425,"#4daf4a"
7.2,4.7,0.0691085003455425,"#4daf4a"
7.4,4.7,0.0691085003455425,"#4daf4a"
8,5.5,0.0691085003455425,"#f781bf"
7.8,5.4,0.0691085003455425,"#f781bf"
7.6,5.4,0.0691085003455425,"#f781bf"
7,1,0.103662750518314,"#ffd300"
7.2,1.6,0.103662750518314,"#ffd300"
7.4,1.6,0.103662750518314,"#ffd300"
8,6.4,0.103662750518314,"#AAAAAA"
7.8,5.8,0.103662750518314,"#AAAAAA"
7.6,5.8,0.103662750518314,"#AAAAAA"
7,1,7.08362128541811,"#AAAAAA"
7.2,1,7.08362128541811,"#AAAAAA"
7.4,1,7.08362128541811,"#AAAAAA"
8,1,7.08362128541811,"#AAAAAA"
7.8,1,7.08362128541811,"#AAAAAA"
7.6,1,7.08362128541811,"#AAAAAA"
7,5.5,43.9184519695923,"#ffd300"
7.2,5.6,43.9184519695923,"#ffd300"
7.4,5.6,43.9184519695923,"#ffd300"
8,6.4,43.9184519695923,"#4daf4a"
7.8,6.3,43.9184519695923,"#4daf4a"
7.6,6.3,43.9184519695923,"#4daf4a"
7,5.5,1.20939875604699,"#4daf4a"
7.2,5.5,1.20939875604699,"#4daf4a"
7.4,5.5,1.20939875604699,"#4daf4a"
8,5.5,1.20939875604699,"#4daf4a"
7.8,5.5,1.20939875604699,"#4daf4a"
7.6,5.5,1.20939875604699,"#4daf4a"
7,3.7,0.0345542501727713,"#AAAAAA"
7.2,3.4,0.0345542501727713,"#AAAAAA"
7.4,3.4,0.0345542501727713,"#AAAAAA"
8,1,0.0345542501727713,"#a65628"
7.8,1.3,0.0345542501727713,"#a65628"
7.6,1.3,0.0345542501727713,"#a65628"
7,3.7,0.27643400138217,"#4daf4a"
7.2,3.9,0.27643400138217,"#4daf4a"
7.4,3.9,0.27643400138217,"#4daf4a"
8,5.5,0.27643400138217,"#a65628"
7.8,5.3,0.27643400138217,"#a65628"
7.6,5.3,0.27643400138217,"#a65628"
7,2.8,0.380096751900484,"#ffd300"
7.2,3.2,0.380096751900484,"#ffd300"
7.4,3.2,0.380096751900484,"#ffd300"
8,6.4,0.380096751900484,"#377eb8"
7.8,6,0.380096751900484,"#377eb8"
7.6,6,0.380096751900484,"#377eb8"
7,2.8,20.4561161022806,"#4daf4a"
7.2,3.1,20.4561161022806,"#4daf4a"
7.4,3.1,20.4561161022806,"#4daf4a"
8,5.5,20.4561161022806,"#377eb8"
7.8,5.2,20.4561161022806,"#377eb8"
7.6,5.2,20.4561161022806,"#377eb8"
8,6.4,45.3006219765031,"#ffd300"
8.2,6.4,45.3006219765031,"#ffd300"
8.4,6.4,45.3006219765031,"#ffd300"
9,6.4,45.3006219765031,"#ffd300"
8.8,6.4,45.3006219765031,"#ffd300"
8.6,6.4,45.3006219765031,"#ffd300"
8,6.4,0.0345542501727713,"#f781bf"
8.2,6.2,0.0345542501727713,"#f781bf"
8.4,6.2,0.0345542501727713,"#f781bf"
9,4.6,0.0345542501727713,"#ffd300"
8.8,4.8,0.0345542501727713,"#ffd300"
8.6,4.8,0.0345542501727713,"#ffd300"
8,6.4,0.0345542501727713,"#AAAAAA"
8.2,5.8,0.0345542501727713,"#AAAAAA"
8.4,5.8,0.0345542501727713,"#AAAAAA"
9,1,0.0345542501727713,"#ffd300"
8.8,1.6,0.0345542501727713,"#ffd300"
8.6,1.6,0.0345542501727713,"#ffd300"
8,6.4,0.0345542501727713,"#4daf4a"
8.2,6.3,0.0345542501727713,"#4daf4a"
8.4,6.3,0.0345542501727713,"#4daf4a"
9,5.5,0.0345542501727713,"#ffd300"
8.8,5.6,0.0345542501727713,"#ffd300"
8.6,5.6,0.0345542501727713,"#ffd300"
8,1,7.15272978576365,"#AAAAAA"
8.2,1,7.15272978576365,"#AAAAAA"
8.4,1,7.15272978576365,"#AAAAAA"
9,1,7.15272978576365,"#AAAAAA"
8.8,1,7.15272978576365,"#AAAAAA"
8.6,1,7.15272978576365,"#AAAAAA"
8,5.5,46.7864547339323,"#ffd300"
8.2,5.6,46.7864547339323,"#ffd300"
8.4,5.6,46.7864547339323,"#ffd300"
9,6.4,46.7864547339323,"#4daf4a"
8.8,6.3,46.7864547339323,"#4daf4a"
8.6,6.3,46.7864547339323,"#4daf4a"
8,5.5,0.103662750518314,"#e41a1c"
8.2,5.1,0.103662750518314,"#e41a1c"
8.4,5.1,0.103662750518314,"#e41a1c"
9,1.9,0.103662750518314,"#4daf4a"
8.8,2.3,0.103662750518314,"#4daf4a"
8.6,2.3,0.103662750518314,"#4daf4a"
8,5.5,0.0691085003455425,"#f781bf"
8.2,5.4,0.0691085003455425,"#f781bf"
8.4,5.4,0.0691085003455425,"#f781bf"
9,4.6,0.0691085003455425,"#4daf4a"
8.8,4.7,0.0691085003455425,"#4daf4a"
8.6,4.7,0.0691085003455425,"#4daf4a"
8,5.5,0.449205252246026,"#4daf4a"
8.2,5.5,0.449205252246026,"#4daf4a"
8.4,5.5,0.449205252246026,"#4daf4a"
9,5.5,0.449205252246026,"#4daf4a"
8.8,5.5,0.449205252246026,"#4daf4a"
8.6,5.5,0.449205252246026,"#4daf4a"
8,5.5,0.0345542501727713,"#a65628"
8.2,5.3,0.0345542501727713,"#a65628"
8.4,5.3,0.0345542501727713,"#a65628"
9,3.7,0.0345542501727713,"#4daf4a"
8.8,3.9,0.0345542501727713,"#4daf4a"
8.6,3.9,0.0345542501727713,"#4daf4a"
9,6.4,0.380096751900484,"#ffd300"
9.2,6.4,0.380096751900484,"#ffd300"
9.4,6.4,0.380096751900484,"#ffd300"
10,6.4,0.380096751900484,"#ffd300"
9.8,6.4,0.380096751900484,"#ffd300"
9.6,6.4,0.380096751900484,"#ffd300"
9,6.4,0.0691085003455425,"#e41a1c"
9.2,5.9,0.0691085003455425,"#e41a1c"
9.4,5.9,0.0691085003455425,"#e41a1c"
10,1.9,0.0691085003455425,"#ffd300"
9.8,2.4,0.0691085003455425,"#ffd300"
9.6,2.4,0.0691085003455425,"#ffd300"
9,6.4,23.1859018659295,"#4daf4a"
9.2,6.3,23.1859018659295,"#4daf4a"
9.4,6.3,23.1859018659295,"#4daf4a"
10,5.5,23.1859018659295,"#ffd300"
9.8,5.6,23.1859018659295,"#ffd300"
9.6,5.6,23.1859018659295,"#ffd300"
9,6.4,68.4519695922598,"#377eb8"
9.2,6,68.4519695922598,"#377eb8"
9.4,6,68.4519695922598,"#377eb8"
10,2.8,68.4519695922598,"#ffd300"
9.8,3.2,68.4519695922598,"#ffd300"
9.6,3.2,68.4519695922598,"#ffd300"
9,1.9,0.103662750518314,"#377eb8"
9.2,2,0.103662750518314,"#377eb8"
9.4,2,0.103662750518314,"#377eb8"
10,2.8,0.103662750518314,"#e41a1c"
9.8,2.7,0.103662750518314,"#e41a1c"
9.6,2.7,0.103662750518314,"#e41a1c"
9,4.6,0.0345542501727713,"#f781bf"
9.2,4.6,0.0345542501727713,"#f781bf"
9.4,4.6,0.0345542501727713,"#f781bf"
10,4.6,0.0345542501727713,"#f781bf"
9.8,4.6,0.0345542501727713,"#f781bf"
9.6,4.6,0.0345542501727713,"#f781bf"
9,4.6,0.0345542501727713,"#a65628"
9.2,4.5,0.0345542501727713,"#a65628"
9.4,4.5,0.0345542501727713,"#a65628"
10,3.7,0.0345542501727713,"#f781bf"
9.8,3.8,0.0345542501727713,"#f781bf"
9.6,3.8,0.0345542501727713,"#f781bf"
9,4.6,0.0345542501727713,"#377eb8"
9.2,4.4,0.0345542501727713,"#377eb8"
9.4,4.4,0.0345542501727713,"#377eb8"
10,2.8,0.0345542501727713,"#f781bf"
9.8,3,0.0345542501727713,"#f781bf"
9.6,3,0.0345542501727713,"#f781bf"
9,1,7.18728403593642,"#AAAAAA"
9.2,1,7.18728403593642,"#AAAAAA"
9.4,1,7.18728403593642,"#AAAAAA"
10,1,7.18728403593642,"#AAAAAA"
9.8,1,7.18728403593642,"#AAAAAA"
9.6,1,7.18728403593642,"#AAAAAA"
9,5.5,0.0345542501727713,"#ffd300"
9.2,5.6,0.0345542501727713,"#ffd300"
9.4,5.6,0.0345542501727713,"#ffd300"
10,6.4,0.0345542501727713,"#4daf4a"
9.8,6.3,0.0345542501727713,"#4daf4a"
9.6,6.3,0.0345542501727713,"#4daf4a"
9,5.5,0.241879751209399,"#f781bf"
9.2,5.4,0.241879751209399,"#f781bf"
9.4,5.4,0.241879751209399,"#f781bf"
10,4.6,0.241879751209399,"#4daf4a"
9.8,4.7,0.241879751209399,"#4daf4a"
9.6,4.7,0.241879751209399,"#4daf4a"
9,5.5,0.138217000691085,"#4daf4a"
9.2,5.5,0.138217000691085,"#4daf4a"
9.4,5.5,0.138217000691085,"#4daf4a"
10,5.5,0.138217000691085,"#4daf4a"
9.8,5.5,0.138217000691085,"#4daf4a"
9.6,5.5,0.138217000691085,"#4daf4a"
9,5.5,0.0691085003455425,"#377eb8"
9.2,5.2,0.0691085003455425,"#377eb8"
9.4,5.2,0.0691085003455425,"#377eb8"
10,2.8,0.0691085003455425,"#4daf4a"
9.8,3.1,0.0691085003455425,"#4daf4a"
9.6,3.1,0.0691085003455425,"#4daf4a"
9,3.7,0.0345542501727713,"#377eb8"
9.2,3.6,0.0345542501727713,"#377eb8"
9.4,3.6,0.0345542501727713,"#377eb8"
10,2.8,0.0345542501727713,"#a65628"
9.8,2.9,0.0345542501727713,"#a65628"
9.6,2.9,0.0345542501727713,"#a65628"
10,6.4,0.172771250863856,"#ffd300"
10.2,6.4,0.172771250863856,"#ffd300"
10.4,6.4,0.172771250863856,"#ffd300"
11,6.4,0.172771250863856,"#ffd300"
10.8,6.4,0.172771250863856,"#ffd300"
10.6,6.4,0.172771250863856,"#ffd300"
10,6.4,0.0345542501727713,"#f781bf"
10.2,6.2,0.0345542501727713,"#f781bf"
10.4,6.2,0.0345542501727713,"#f781bf"
11,4.6,0.0345542501727713,"#ffd300"
10.8,4.8,0.0345542501727713,"#ffd300"
10.6,4.8,0.0345542501727713,"#ffd300"
10,6.4,0.138217000691085,"#4daf4a"
10.2,6.3,0.138217000691085,"#4daf4a"
10.4,6.3,0.138217000691085,"#4daf4a"
11,5.5,0.138217000691085,"#ffd300"
10.8,5.6,0.138217000691085,"#ffd300"
10.6,5.6,0.138217000691085,"#ffd300"
10,6.4,0.0691085003455425,"#377eb8"
10.2,6,0.0691085003455425,"#377eb8"
10.4,6,0.0691085003455425,"#377eb8"
11,2.8,0.0691085003455425,"#ffd300"
10.8,3.2,0.0691085003455425,"#ffd300"
10.6,3.2,0.0691085003455425,"#ffd300"
10,1.9,0.0345542501727713,"#ffd300"
10.2,2.4,0.0345542501727713,"#ffd300"
10.4,2.4,0.0345542501727713,"#ffd300"
11,6.4,0.0345542501727713,"#e41a1c"
10.8,5.9,0.0345542501727713,"#e41a1c"
10.6,5.9,0.0345542501727713,"#e41a1c"
10,1.9,0.0345542501727713,"#4daf4a"
10.2,2.3,0.0345542501727713,"#4daf4a"
10.4,2.3,0.0345542501727713,"#4daf4a"
11,5.5,0.0345542501727713,"#e41a1c"
10.8,5.1,0.0345542501727713,"#e41a1c"
10.6,5.1,0.0345542501727713,"#e41a1c"
10,4.6,0.172771250863856,"#f781bf"
10.2,4.6,0.172771250863856,"#f781bf"
10.4,4.6,0.172771250863856,"#f781bf"
11,4.6,0.172771250863856,"#f781bf"
10.8,4.6,0.172771250863856,"#f781bf"
10.6,4.6,0.172771250863856,"#f781bf"
10,4.6,0.103662750518314,"#4daf4a"
10.2,4.7,0.103662750518314,"#4daf4a"
10.4,4.7,0.103662750518314,"#4daf4a"
11,5.5,0.103662750518314,"#f781bf"
10.8,5.4,0.103662750518314,"#f781bf"
10.6,5.4,0.103662750518314,"#f781bf"
10,1,7.18728403593642,"#AAAAAA"
10.2,1,7.18728403593642,"#AAAAAA"
10.4,1,7.18728403593642,"#AAAAAA"
11,1,7.18728403593642,"#AAAAAA"
10.8,1,7.18728403593642,"#AAAAAA"
10.6,1,7.18728403593642,"#AAAAAA"
10,5.5,23.116793365584,"#ffd300"
10.2,5.6,23.116793365584,"#ffd300"
10.4,5.6,23.116793365584,"#ffd300"
11,6.4,23.116793365584,"#4daf4a"
10.8,6.3,23.116793365584,"#4daf4a"
10.6,6.3,23.116793365584,"#4daf4a"
10,5.5,0.0345542501727713,"#e41a1c"
10.2,5.1,0.0345542501727713,"#e41a1c"
10.4,5.1,0.0345542501727713,"#e41a1c"
11,1.9,0.0345542501727713,"#4daf4a"
10.8,2.3,0.0345542501727713,"#4daf4a"
10.6,2.3,0.0345542501727713,"#4daf4a"
10,5.5,0.0691085003455425,"#4daf4a"
10.2,5.5,0.0691085003455425,"#4daf4a"
10.4,5.5,0.0691085003455425,"#4daf4a"
11,5.5,0.0691085003455425,"#4daf4a"
10.8,5.5,0.0691085003455425,"#4daf4a"
10.6,5.5,0.0691085003455425,"#4daf4a"
10,5.5,0.103662750518314,"#377eb8"
10.2,5.2,0.103662750518314,"#377eb8"
10.4,5.2,0.103662750518314,"#377eb8"
11,2.8,0.103662750518314,"#4daf4a"
10.8,3.1,0.103662750518314,"#4daf4a"
10.6,3.1,0.103662750518314,"#4daf4a"
10,3.7,0.0345542501727713,"#4daf4a"
10.2,3.9,0.0345542501727713,"#4daf4a"
10.4,3.9,0.0345542501727713,"#4daf4a"
11,5.5,0.0345542501727713,"#a65628"
10.8,5.3,0.0345542501727713,"#a65628"
10.6,5.3,0.0345542501727713,"#a65628"
10,2.8,43.6074637180373,"#ffd300"
10.2,3.2,43.6074637180373,"#ffd300"
10.4,3.2,43.6074637180373,"#ffd300"
11,6.4,43.6074637180373,"#377eb8"
10.8,6,43.6074637180373,"#377eb8"
10.6,6,43.6074637180373,"#377eb8"
10,2.8,8.18935729094679,"#e41a1c"
10.2,2.7,8.18935729094679,"#e41a1c"
10.4,2.7,8.18935729094679,"#e41a1c"
11,1.9,8.18935729094679,"#377eb8"
10.8,2,8.18935729094679,"#377eb8"
10.6,2,8.18935729094679,"#377eb8"
10,2.8,0.0691085003455425,"#f781bf"
10.2,3,0.0691085003455425,"#f781bf"
10.4,3,0.0691085003455425,"#f781bf"
11,4.6,0.0691085003455425,"#377eb8"
10.8,4.4,0.0691085003455425,"#377eb8"
10.6,4.4,0.0691085003455425,"#377eb8"
10,2.8,16.4823773324119,"#4daf4a"
10.2,3.1,16.4823773324119,"#4daf4a"
10.4,3.1,16.4823773324119,"#4daf4a"
11,5.5,16.4823773324119,"#377eb8"
10.8,5.2,16.4823773324119,"#377eb8"
10.6,5.2,16.4823773324119,"#377eb8"
10,2.8,0.345542501727713,"#377eb8"
10.2,2.8,0.345542501727713,"#377eb8"
10.4,2.8,0.345542501727713,"#377eb8"
11,2.8,0.345542501727713,"#377eb8"
10.8,2.8,0.345542501727713,"#377eb8"
10.6,2.8,0.345542501727713,"#377eb8"
11,6.4,1.27850725639254,"#ffd300"
11.2,6.4,1.27850725639254,"#ffd300"
11.4,6.4,1.27850725639254,"#ffd300"
12,6.4,1.27850725639254,"#ffd300"
11.8,6.4,1.27850725639254,"#ffd300"
11.6,6.4,1.27850725639254,"#ffd300"
11,6.4,23.3241188666206,"#e41a1c"
11.2,5.9,23.3241188666206,"#e41a1c"
11.4,5.9,23.3241188666206,"#e41a1c"
12,1.9,23.3241188666206,"#ffd300"
11.8,2.4,23.3241188666206,"#ffd300"
11.6,2.4,23.3241188666206,"#ffd300"
11,6.4,10.0898410504492,"#AAAAAA"
11.2,5.8,10.0898410504492,"#AAAAAA"
11.4,5.8,10.0898410504492,"#AAAAAA"
12,1,10.0898410504492,"#ffd300"
11.8,1.6,10.0898410504492,"#ffd300"
11.6,1.6,10.0898410504492,"#ffd300"
11,6.4,28.7836903939185,"#4daf4a"
11.2,6.3,28.7836903939185,"#4daf4a"
11.4,6.3,28.7836903939185,"#4daf4a"
12,5.5,28.7836903939185,"#ffd300"
11.8,5.6,28.7836903939185,"#ffd300"
11.6,5.6,28.7836903939185,"#ffd300"
11,6.4,3.45542501727713,"#377eb8"
11.2,6,3.45542501727713,"#377eb8"
11.4,6,3.45542501727713,"#377eb8"
12,2.8,3.45542501727713,"#ffd300"
11.8,3.2,3.45542501727713,"#ffd300"
11.6,3.2,3.45542501727713,"#ffd300"
11,1.9,6.39253628196268,"#ffd300"
11.2,2.4,6.39253628196268,"#ffd300"
11.4,2.4,6.39253628196268,"#ffd300"
12,6.4,6.39253628196268,"#e41a1c"
11.8,5.9,6.39253628196268,"#e41a1c"
11.6,5.9,6.39253628196268,"#e41a1c"
11,1.9,0.207325501036628,"#e41a1c"
11.2,1.9,0.207325501036628,"#e41a1c"
11.4,1.9,0.207325501036628,"#e41a1c"
12,1.9,0.207325501036628,"#e41a1c"
11.8,1.9,0.207325501036628,"#e41a1c"
11.6,1.9,0.207325501036628,"#e41a1c"
11,1.9,1.55494125777471,"#AAAAAA"
11.2,1.8,1.55494125777471,"#AAAAAA"
11.4,1.8,1.55494125777471,"#AAAAAA"
12,1,1.55494125777471,"#e41a1c"
11.8,1.1,1.55494125777471,"#e41a1c"
11.6,1.1,1.55494125777471,"#e41a1c"
11,1.9,0.0691085003455425,"#4daf4a"
11.2,2.3,0.0691085003455425,"#4daf4a"
11.4,2.3,0.0691085003455425,"#4daf4a"
12,5.5,0.0691085003455425,"#e41a1c"
11.8,5.1,0.0691085003455425,"#e41a1c"
11.6,5.1,0.0691085003455425,"#e41a1c"
11,4.6,0.0691085003455425,"#ffd300"
11.2,4.8,0.0691085003455425,"#ffd300"
11.4,4.8,0.0691085003455425,"#ffd300"
12,6.4,0.0691085003455425,"#f781bf"
11.8,6.2,0.0691085003455425,"#f781bf"
11.6,6.2,0.0691085003455425,"#f781bf"
11,4.6,0.0691085003455425,"#f781bf"
11.2,4.6,0.0691085003455425,"#f781bf"
11.4,4.6,0.0691085003455425,"#f781bf"
12,4.6,0.0691085003455425,"#f781bf"
11.8,4.6,0.0691085003455425,"#f781bf"
11.6,4.6,0.0691085003455425,"#f781bf"
11,4.6,0.138217000691085,"#AAAAAA"
11.2,4.2,0.138217000691085,"#AAAAAA"
11.4,4.2,0.138217000691085,"#AAAAAA"
12,1,0.138217000691085,"#f781bf"
11.8,1.4,0.138217000691085,"#f781bf"
11.6,1.4,0.138217000691085,"#f781bf"
11,1,0.380096751900484,"#ffd300"
11.2,1.6,0.380096751900484,"#ffd300"
11.4,1.6,0.380096751900484,"#ffd300"
12,6.4,0.380096751900484,"#AAAAAA"
11.8,5.8,0.380096751900484,"#AAAAAA"
11.6,5.8,0.380096751900484,"#AAAAAA"
11,1,0.0345542501727713,"#e41a1c"
11.2,1.1,0.0345542501727713,"#e41a1c"
11.4,1.1,0.0345542501727713,"#e41a1c"
12,1.9,0.0345542501727713,"#AAAAAA"
11.8,1.8,0.0345542501727713,"#AAAAAA"
11.6,1.8,0.0345542501727713,"#AAAAAA"
11,1,5.45957152729786,"#AAAAAA"
11.2,1,5.45957152729786,"#AAAAAA"
11.4,1,5.45957152729786,"#AAAAAA"
12,1,5.45957152729786,"#AAAAAA"
11.8,1,5.45957152729786,"#AAAAAA"
11.6,1,5.45957152729786,"#AAAAAA"
11,1,1.27850725639254,"#4daf4a"
11.2,1.5,1.27850725639254,"#4daf4a"
11.4,1.5,1.27850725639254,"#4daf4a"
12,5.5,1.27850725639254,"#AAAAAA"
11.8,5,1.27850725639254,"#AAAAAA"
11.6,5,1.27850725639254,"#AAAAAA"
11,1,0.0345542501727713,"#377eb8"
11.2,1.2,0.0345542501727713,"#377eb8"
11.4,1.2,0.0345542501727713,"#377eb8"
12,2.8,0.0345542501727713,"#AAAAAA"
11.8,2.6,0.0345542501727713,"#AAAAAA"
11.6,2.6,0.0345542501727713,"#AAAAAA"
11,5.5,15.8949550794748,"#ffd300"
11.2,5.6,15.8949550794748,"#ffd300"
11.4,5.6,15.8949550794748,"#ffd300"
12,6.4,15.8949550794748,"#4daf4a"
11.8,6.3,15.8949550794748,"#4daf4a"
11.6,6.3,15.8949550794748,"#4daf4a"
11,5.5,0.967519004837595,"#AAAAAA"
11.2,5,0.967519004837595,"#AAAAAA"
11.4,5,0.967519004837595,"#AAAAAA"
12,1,0.967519004837595,"#4daf4a"
11.8,1.5,0.967519004837595,"#4daf4a"
11.6,1.5,0.967519004837595,"#4daf4a"
11,2.8,0.0345542501727713,"#ffd300"
11.2,3.2,0.0345542501727713,"#ffd300"
11.4,3.2,0.0345542501727713,"#ffd300"
12,6.4,0.0345542501727713,"#377eb8"
11.8,6,0.0345542501727713,"#377eb8"
11.6,6,0.0345542501727713,"#377eb8"
11,2.8,0.103662750518314,"#e41a1c"
11.2,2.7,0.103662750518314,"#e41a1c"
11.4,2.7,0.103662750518314,"#e41a1c"
12,1.9,0.103662750518314,"#377eb8"
11.8,2,0.103662750518314,"#377eb8"
11.6,2,0.103662750518314,"#377eb8"
11,2.8,0.380096751900484,"#AAAAAA"
11.2,2.6,0.380096751900484,"#AAAAAA"
11.4,2.6,0.380096751900484,"#AAAAAA"
12,1,0.380096751900484,"#377eb8"
11.8,1.2,0.380096751900484,"#377eb8"
11.6,1.2,0.380096751900484,"#377eb8"
12,6.4,1.03662750518314,"#ffd300"
12.2,6.4,1.03662750518314,"#ffd300"
12.4,6.4,1.03662750518314,"#ffd300"
13,6.4,1.03662750518314,"#ffd300"
12.8,6.4,1.03662750518314,"#ffd300"
12.6,6.4,1.03662750518314,"#ffd300"
12,6.4,0.518313752591569,"#f781bf"
12.2,6.2,0.518313752591569,"#f781bf"
12.4,6.2,0.518313752591569,"#f781bf"
13,4.6,0.518313752591569,"#ffd300"
12.8,4.8,0.518313752591569,"#ffd300"
12.6,4.8,0.518313752591569,"#ffd300"
12,6.4,0.207325501036628,"#AAAAAA"
12.2,5.8,0.207325501036628,"#AAAAAA"
12.4,5.8,0.207325501036628,"#AAAAAA"
13,1,0.207325501036628,"#ffd300"
12.8,1.6,0.207325501036628,"#ffd300"
12.6,1.6,0.207325501036628,"#ffd300"
12,6.4,0.345542501727713,"#4daf4a"
12.2,6.3,0.345542501727713,"#4daf4a"
12.4,6.3,0.345542501727713,"#4daf4a"
13,5.5,0.345542501727713,"#ffd300"
12.8,5.6,0.345542501727713,"#ffd300"
12.6,5.6,0.345542501727713,"#ffd300"
12,6.4,0.241879751209399,"#a65628"
12.2,6.1,0.241879751209399,"#a65628"
12.4,6.1,0.241879751209399,"#a65628"
13,3.7,0.241879751209399,"#ffd300"
12.8,4,0.241879751209399,"#ffd300"
12.6,4,0.241879751209399,"#ffd300"
12,6.4,21.7000691085003,"#377eb8"
12.2,6,21.7000691085003,"#377eb8"
12.4,6,21.7000691085003,"#377eb8"
13,2.8,21.7000691085003,"#ffd300"
12.8,3.2,21.7000691085003,"#ffd300"
12.6,3.2,21.7000691085003,"#ffd300"
12,1.9,23.56599861783,"#ffd300"
12.2,2.4,23.56599861783,"#ffd300"
12.4,2.4,23.56599861783,"#ffd300"
13,6.4,23.56599861783,"#e41a1c"
12.8,5.9,23.56599861783,"#e41a1c"
12.6,5.9,23.56599861783,"#e41a1c"
12,1.9,0.0345542501727713,"#AAAAAA"
12.2,1.8,0.0345542501727713,"#AAAAAA"
12.4,1.8,0.0345542501727713,"#AAAAAA"
13,1,0.0345542501727713,"#e41a1c"
12.8,1.1,0.0345542501727713,"#e41a1c"
12.6,1.1,0.0345542501727713,"#e41a1c"
12,1.9,0.0691085003455425,"#377eb8"
12.2,2,0.0691085003455425,"#377eb8"
12.4,2,0.0691085003455425,"#377eb8"
13,2.8,0.0691085003455425,"#e41a1c"
12.8,2.7,0.0691085003455425,"#e41a1c"
12.6,2.7,0.0691085003455425,"#e41a1c"
12,4.6,0.0691085003455425,"#f781bf"
12.2,4.6,0.0691085003455425,"#f781bf"
12.4,4.6,0.0691085003455425,"#f781bf"
13,4.6,0.0691085003455425,"#f781bf"
12.8,4.6,0.0691085003455425,"#f781bf"
12.6,4.6,0.0691085003455425,"#f781bf"
12,1,10.9536973047685,"#ffd300"
12.2,1.6,10.9536973047685,"#ffd300"
12.4,1.6,10.9536973047685,"#ffd300"
13,6.4,10.9536973047685,"#AAAAAA"
12.8,5.8,10.9536973047685,"#AAAAAA"
12.6,5.8,10.9536973047685,"#AAAAAA"
12,1,0.207325501036628,"#f781bf"
12.2,1.4,0.207325501036628,"#f781bf"
12.4,1.4,0.207325501036628,"#f781bf"
13,4.6,0.207325501036628,"#AAAAAA"
12.8,4.2,0.207325501036628,"#AAAAAA"
12.6,4.2,0.207325501036628,"#AAAAAA"
12,1,7.15272978576365,"#AAAAAA"
12.2,1,7.15272978576365,"#AAAAAA"
12.4,1,7.15272978576365,"#AAAAAA"
13,1,7.15272978576365,"#AAAAAA"
12.8,1,7.15272978576365,"#AAAAAA"
12.6,1,7.15272978576365,"#AAAAAA"
12,1,0.207325501036628,"#4daf4a"
12.2,1.5,0.207325501036628,"#4daf4a"
12.4,1.5,0.207325501036628,"#4daf4a"
13,5.5,0.207325501036628,"#AAAAAA"
12.8,5,0.207325501036628,"#AAAAAA"
12.6,5,0.207325501036628,"#AAAAAA"
12,1,0.0691085003455425,"#377eb8"
12.2,1.2,0.0691085003455425,"#377eb8"
12.4,1.2,0.0691085003455425,"#377eb8"
13,2.8,0.0691085003455425,"#AAAAAA"
12.8,2.6,0.0691085003455425,"#AAAAAA"
12.6,2.6,0.0691085003455425,"#AAAAAA"
12,5.5,30.1313061506565,"#ffd300"
12.2,5.6,30.1313061506565,"#ffd300"
12.4,5.6,30.1313061506565,"#ffd300"
13,6.4,30.1313061506565,"#4daf4a"
12.8,6.3,30.1313061506565,"#4daf4a"
12.6,6.3,30.1313061506565,"#4daf4a"
12,2.8,3.45542501727713,"#ffd300"
12.2,3.2,3.45542501727713,"#ffd300"
12.4,3.2,3.45542501727713,"#ffd300"
13,6.4,3.45542501727713,"#377eb8"
12.8,6,3.45542501727713,"#377eb8"
12.6,6,3.45542501727713,"#377eb8"
12,2.8,0.0345542501727713,"#e41a1c"
12.2,2.7,0.0345542501727713,"#e41a1c"
12.4,2.7,0.0345542501727713,"#e41a1c"
13,1.9,0.0345542501727713,"#377eb8"
12.8,2,0.0345542501727713,"#377eb8"
12.6,2,0.0345542501727713,"#377eb8"
13,6.4,23.7733241188666,"#ffd300"
13.2,6.4,23.7733241188666,"#ffd300"
13.4,6.4,23.7733241188666,"#ffd300"
14,6.4,23.7733241188666,"#ffd300"
13.8,6.4,23.7733241188666,"#ffd300"
13.6,6.4,23.7733241188666,"#ffd300"
13,6.4,0.172771250863856,"#4daf4a"
13.2,6.3,0.172771250863856,"#4daf4a"
13.4,6.3,0.172771250863856,"#4daf4a"
14,5.5,0.172771250863856,"#ffd300"
13.8,5.6,0.172771250863856,"#ffd300"
13.6,5.6,0.172771250863856,"#ffd300"
13,6.4,45.1969592259848,"#377eb8"
13.2,6,45.1969592259848,"#377eb8"
13.4,6,45.1969592259848,"#377eb8"
14,2.8,45.1969592259848,"#ffd300"
13.8,3.2,45.1969592259848,"#ffd300"
13.6,3.2,45.1969592259848,"#ffd300"
13,1.9,0.0345542501727713,"#ffd300"
13.2,2.4,0.0345542501727713,"#ffd300"
13.4,2.4,0.0345542501727713,"#ffd300"
14,6.4,0.0345542501727713,"#e41a1c"
13.8,5.9,0.0345542501727713,"#e41a1c"
13.6,5.9,0.0345542501727713,"#e41a1c"
13,4.6,0.760193503800968,"#ffd300"
13.2,4.8,0.760193503800968,"#ffd300"
13.4,4.8,0.760193503800968,"#ffd300"
14,6.4,0.760193503800968,"#f781bf"
13.8,6.2,0.760193503800968,"#f781bf"
13.6,6.2,0.760193503800968,"#f781bf"
13,4.6,0.0345542501727713,"#f781bf"
13.2,4.6,0.0345542501727713,"#f781bf"
13.4,4.6,0.0345542501727713,"#f781bf"
14,4.6,0.0345542501727713,"#f781bf"
13.8,4.6,0.0345542501727713,"#f781bf"
13.6,4.6,0.0345542501727713,"#f781bf"
13,1,0.172771250863856,"#ffd300"
13.2,1.6,0.172771250863856,"#ffd300"
13.4,1.6,0.172771250863856,"#ffd300"
14,6.4,0.172771250863856,"#AAAAAA"
13.8,5.8,0.172771250863856,"#AAAAAA"
13.6,5.8,0.172771250863856,"#AAAAAA"
13,1,7.22183828610919,"#AAAAAA"
13.2,1,7.22183828610919,"#AAAAAA"
13.4,1,7.22183828610919,"#AAAAAA"
14,1,7.22183828610919,"#AAAAAA"
13.8,1,7.22183828610919,"#AAAAAA"
13.6,1,7.22183828610919,"#AAAAAA"
13,5.5,0.310988251554941,"#ffd300"
13.2,5.6,0.310988251554941,"#ffd300"
13.4,5.6,0.310988251554941,"#ffd300"
14,6.4,0.310988251554941,"#4daf4a"
13.8,6.3,0.310988251554941,"#4daf4a"
13.6,6.3,0.310988251554941,"#4daf4a"
13,5.5,0.0691085003455425,"#4daf4a"
13.2,5.5,0.0691085003455425,"#4daf4a"
13.4,5.5,0.0691085003455425,"#4daf4a"
14,5.5,0.0691085003455425,"#4daf4a"
13.8,5.5,0.0691085003455425,"#4daf4a"
13.6,5.5,0.0691085003455425,"#4daf4a"
13,5.5,0.172771250863856,"#377eb8"
13.2,5.2,0.172771250863856,"#377eb8"
13.4,5.2,0.172771250863856,"#377eb8"
14,2.8,0.172771250863856,"#4daf4a"
13.8,3.1,0.172771250863856,"#4daf4a"
13.6,3.1,0.172771250863856,"#4daf4a"
13,3.7,0.241879751209399,"#ffd300"
13.2,4,0.241879751209399,"#ffd300"
13.4,4,0.241879751209399,"#ffd300"
14,6.4,0.241879751209399,"#a65628"
13.8,6.1,0.241879751209399,"#a65628"
13.6,6.1,0.241879751209399,"#a65628"
13,2.8,21.7000691085003,"#ffd300"
13.2,3.2,21.7000691085003,"#ffd300"
13.4,3.2,21.7000691085003,"#ffd300"
14,6.4,21.7000691085003,"#377eb8"
13.8,6,21.7000691085003,"#377eb8"
13.6,6,21.7000691085003,"#377eb8"
13,2.8,0.138217000691085,"#4daf4a"
13.2,3.1,0.138217000691085,"#4daf4a"
13.4,3.1,0.138217000691085,"#4daf4a"
14,5.5,0.138217000691085,"#377eb8"
13.8,5.2,0.138217000691085,"#377eb8"
13.6,5.2,0.138217000691085,"#377eb8"
