"yearFrom","yearTo","cropRotate","cropFrom","cropTo","plottingColorFrom","plottingColorTo","plotXAxisFrom","plotXAxisTo","plotYAxisFrom","plotYAxisTo","xEndFrom","xEndTo","yEndFrom_streamlined","yEndTo_streamlined","totalNumPixels_cropTransition","totalPercPixelsWiArea_cropTransition","totalNumPixels_cropYearFrom","totalPercPixelsWiArea_cropYearFrom","totalNumPixels_cropYearTo","totalPercPixelsWiArea_cropYearTo"
2008,2009,"corn_corn","corn","corn","#ffd300","#ffd300",1,2,6.4,6.4,1.2,1.8,6.4,6.4,14,0.480109739368999,685,23.4910836762689,1144,39.2318244170096
2008,2009,"corn_hay","corn","hay","#ffd300","#f781bf",1,2,6.4,4.6,1.2,1.8,6.2,4.8,1,0.0342935528120713,685,23.4910836762689,49,1.6803840877915
2008,2009,"corn_other","corn","other","#ffd300","#AAAAAA",1,2,6.4,1,1.2,1.8,5.8,1.6,1,0.0342935528120713,685,23.4910836762689,328,11.2482853223594
2008,2009,"corn_soy","corn","soy","#ffd300","#4daf4a",1,2,6.4,5.5,1.2,1.8,6.3,5.6,667,22.8737997256516,685,23.4910836762689,727,24.9314128943759
2008,2009,"corn_springWheat","corn","springWheat","#ffd300","#a65628",1,2,6.4,3.7,1.2,1.8,6.1,4,2,0.0685871056241426,685,23.4910836762689,667,22.8737997256516
2008,2009,"dryBeans_corn","dryBeans","corn","#e41a1c","#ffd300",1,2,1.9,6.4,1.2,1.8,2.4,5.9,1,0.0342935528120713,2,0.0685871056241426,1144,39.2318244170096
2008,2009,"dryBeans_dryBeans","dryBeans","dryBeans","#e41a1c","#e41a1c",1,2,1.9,1.9,1.2,1.8,1.9,1.9,1,0.0342935528120713,2,0.0685871056241426,1,0.0342935528120713
2008,2009,"hay_corn","hay","corn","#f781bf","#ffd300",1,2,4.6,6.4,1.2,1.8,4.8,6.2,3,0.102880658436214,35,1.2002743484225,1144,39.2318244170096
2008,2009,"hay_hay","hay","hay","#f781bf","#f781bf",1,2,4.6,4.6,1.2,1.8,4.6,4.6,7,0.240054869684499,35,1.2002743484225,49,1.6803840877915
2008,2009,"hay_other","hay","other","#f781bf","#AAAAAA",1,2,4.6,1,1.2,1.8,4.2,1.4,19,0.651577503429355,35,1.2002743484225,328,11.2482853223594
2008,2009,"hay_soy","hay","soy","#f781bf","#4daf4a",1,2,4.6,5.5,1.2,1.8,4.7,5.4,1,0.0342935528120713,35,1.2002743484225,727,24.9314128943759
2008,2009,"hay_springWheat","hay","springWheat","#f781bf","#a65628",1,2,4.6,3.7,1.2,1.8,4.5,3.8,5,0.171467764060357,35,1.2002743484225,667,22.8737997256516
2008,2009,"other_corn","other","corn","#AAAAAA","#ffd300",1,2,1,6.4,1.2,1.8,1.6,5.8,18,0.617283950617284,329,11.2825788751715,1144,39.2318244170096
2008,2009,"other_hay","other","hay","#AAAAAA","#f781bf",1,2,1,4.6,1.2,1.8,1.4,4.2,23,0.78875171467764,329,11.2825788751715,49,1.6803840877915
2008,2009,"other_other","other","other","#AAAAAA","#AAAAAA",1,2,1,1,1.2,1.8,1,1,283,9.70507544581619,329,11.2825788751715,328,11.2482853223594
2008,2009,"other_soy","other","soy","#AAAAAA","#4daf4a",1,2,1,5.5,1.2,1.8,1.5,5,3,0.102880658436214,329,11.2825788751715,727,24.9314128943759
2008,2009,"other_springWheat","other","springWheat","#AAAAAA","#a65628",1,2,1,3.7,1.2,1.8,1.3,3.4,2,0.0685871056241426,329,11.2825788751715,667,22.8737997256516
2008,2009,"soy_corn","soy","corn","#4daf4a","#ffd300",1,2,5.5,6.4,1.2,1.8,5.6,6.3,139,4.76680384087792,857,29.3895747599451,1144,39.2318244170096
2008,2009,"soy_hay","soy","hay","#4daf4a","#f781bf",1,2,5.5,4.6,1.2,1.8,5.4,4.7,18,0.617283950617284,857,29.3895747599451,49,1.6803840877915
2008,2009,"soy_other","soy","other","#4daf4a","#AAAAAA",1,2,5.5,1,1.2,1.8,5,1.5,24,0.823045267489712,857,29.3895747599451,328,11.2482853223594
2008,2009,"soy_soy","soy","soy","#4daf4a","#4daf4a",1,2,5.5,5.5,1.2,1.8,5.5,5.5,18,0.617283950617284,857,29.3895747599451,727,24.9314128943759
2008,2009,"soy_springWheat","soy","springWheat","#4daf4a","#a65628",1,2,5.5,3.7,1.2,1.8,5.3,3.9,658,22.5651577503429,857,29.3895747599451,667,22.8737997256516
2008,2009,"springWheat_corn","springWheat","corn","#a65628","#ffd300",1,2,3.7,6.4,1.2,1.8,4,6.1,2,0.0685871056241426,3,0.102880658436214,1144,39.2318244170096
2008,2009,"springWheat_soy","springWheat","soy","#a65628","#4daf4a",1,2,3.7,5.5,1.2,1.8,3.9,5.3,1,0.0342935528120713,3,0.102880658436214,727,24.9314128943759
2008,2009,"sugarbeets_corn","sugarbeets","corn","#377eb8","#ffd300",1,2,2.8,6.4,1.2,1.8,3.2,6,967,33.161865569273,1005,34.4650205761317,1144,39.2318244170096
2008,2009,"sugarbeets_other","sugarbeets","other","#377eb8","#AAAAAA",1,2,2.8,1,1.2,1.8,2.6,1.2,1,0.0342935528120713,1005,34.4650205761317,328,11.2482853223594
2008,2009,"sugarbeets_soy","sugarbeets","soy","#377eb8","#4daf4a",1,2,2.8,5.5,1.2,1.8,3.1,5.2,37,1.26886145404664,1005,34.4650205761317,727,24.9314128943759
2009,2010,"corn_corn","corn","corn","#ffd300","#ffd300",2,3,6.4,6.4,2.2,2.8,6.4,6.4,5,0.171467764060357,1144,39.2318244170096,34,1.16598079561043
2009,2010,"corn_hay","corn","hay","#ffd300","#f781bf",2,3,6.4,4.6,2.2,2.8,6.2,4.8,1,0.0342935528120713,1144,39.2318244170096,14,0.480109739368999
2009,2010,"corn_other","corn","other","#ffd300","#AAAAAA",2,3,6.4,1,2.2,2.8,5.8,1.6,23,0.78875171467764,1144,39.2318244170096,421,14.437585733882
2009,2010,"corn_soy","corn","soy","#ffd300","#4daf4a",2,3,6.4,5.5,2.2,2.8,6.3,5.6,1105,37.8943758573388,1144,39.2318244170096,1400,48.0109739368999
2009,2010,"corn_springWheat","corn","springWheat","#ffd300","#a65628",2,3,6.4,3.7,2.2,2.8,6.1,4,10,0.342935528120713,1144,39.2318244170096,707,24.2455418381344
2009,2010,"dryBeans_soy","dryBeans","soy","#e41a1c","#4daf4a",2,3,1.9,5.5,2.2,2.8,2.3,5.1,1,0.0342935528120713,1,0.0342935528120713,1400,48.0109739368999
2009,2010,"hay_hay","hay","hay","#f781bf","#f781bf",2,3,4.6,4.6,2.2,2.8,4.6,4.6,5,0.171467764060357,51,1.74897119341564,14,0.480109739368999
2009,2010,"hay_other","hay","other","#f781bf","#AAAAAA",2,3,4.6,1,2.2,2.8,4.2,1.4,37,1.26886145404664,51,1.74897119341564,421,14.437585733882
2009,2010,"hay_soy","hay","soy","#f781bf","#4daf4a",2,3,4.6,5.5,2.2,2.8,4.7,5.4,8,0.274348422496571,51,1.74897119341564,1400,48.0109739368999
2009,2010,"hay_springWheat","hay","springWheat","#f781bf","#a65628",2,3,4.6,3.7,2.2,2.8,4.5,3.8,1,0.0342935528120713,51,1.74897119341564,707,24.2455418381344
2009,2010,"other_corn","other","corn","#AAAAAA","#ffd300",2,3,1,6.4,2.2,2.8,1.6,5.8,3,0.102880658436214,326,11.1796982167353,34,1.16598079561043
2009,2010,"other_hay","other","hay","#AAAAAA","#f781bf",2,3,1,4.6,2.2,2.8,1.4,4.2,7,0.240054869684499,326,11.1796982167353,14,0.480109739368999
2009,2010,"other_other","other","other","#AAAAAA","#AAAAAA",2,3,1,1,2.2,2.8,1,1,309,10.59670781893,326,11.1796982167353,421,14.437585733882
2009,2010,"other_soy","other","soy","#AAAAAA","#4daf4a",2,3,1,5.5,2.2,2.8,1.5,5,6,0.205761316872428,326,11.1796982167353,1400,48.0109739368999
2009,2010,"other_springWheat","other","springWheat","#AAAAAA","#a65628",2,3,1,3.7,2.2,2.8,1.3,3.4,1,0.0342935528120713,326,11.1796982167353,707,24.2455418381344
2009,2010,"soy_corn","soy","corn","#4daf4a","#ffd300",2,3,5.5,6.4,2.2,2.8,5.6,6.3,1,0.0342935528120713,727,24.9314128943759,34,1.16598079561043
2009,2010,"soy_hay","soy","hay","#4daf4a","#f781bf",2,3,5.5,4.6,2.2,2.8,5.4,4.7,1,0.0342935528120713,727,24.9314128943759,14,0.480109739368999
2009,2010,"soy_other","soy","other","#4daf4a","#AAAAAA",2,3,5.5,1,2.2,2.8,5,1.5,11,0.377229080932785,727,24.9314128943759,421,14.437585733882
2009,2010,"soy_soy","soy","soy","#4daf4a","#4daf4a",2,3,5.5,5.5,2.2,2.8,5.5,5.5,23,0.78875171467764,727,24.9314128943759,1400,48.0109739368999
2009,2010,"soy_springWheat","soy","springWheat","#4daf4a","#a65628",2,3,5.5,3.7,2.2,2.8,5.3,3.9,690,23.6625514403292,727,24.9314128943759,707,24.2455418381344
2009,2010,"soy_sugarbeets","soy","sugarbeets","#4daf4a","#377eb8",2,3,5.5,2.8,2.2,2.8,5.2,3.1,1,0.0342935528120713,727,24.9314128943759,340,11.6598079561043
2009,2010,"springWheat_corn","springWheat","corn","#a65628","#ffd300",2,3,3.7,6.4,2.2,2.8,4,6.1,25,0.857338820301783,667,22.8737997256516,34,1.16598079561043
2009,2010,"springWheat_other","springWheat","other","#a65628","#AAAAAA",2,3,3.7,1,2.2,2.8,3.4,1.3,41,1.40603566529492,667,22.8737997256516,421,14.437585733882
2009,2010,"springWheat_soy","springWheat","soy","#a65628","#4daf4a",2,3,3.7,5.5,2.2,2.8,3.9,5.3,257,8.81344307270233,667,22.8737997256516,1400,48.0109739368999
2009,2010,"springWheat_springWheat","springWheat","springWheat","#a65628","#a65628",2,3,3.7,3.7,2.2,2.8,3.7,3.7,5,0.171467764060357,667,22.8737997256516,707,24.2455418381344
2009,2010,"springWheat_sugarbeets","springWheat","sugarbeets","#a65628","#377eb8",2,3,3.7,2.8,2.2,2.8,3.6,2.9,339,11.6255144032922,667,22.8737997256516,340,11.6598079561043
2010,2011,"corn_other","corn","other","#ffd300","#AAAAAA",3,4,6.4,1,3.2,3.8,5.8,1.6,5,0.171467764060357,34,1.16598079561043,363,12.4485596707819
2010,2011,"corn_soy","corn","soy","#ffd300","#4daf4a",3,4,6.4,5.5,3.2,3.8,6.3,5.6,20,0.685871056241427,34,1.16598079561043,584,20.0274348422497
2010,2011,"corn_springWheat","corn","springWheat","#ffd300","#a65628",3,4,6.4,3.7,3.2,3.8,6.1,4,8,0.274348422496571,34,1.16598079561043,1241,42.5582990397805
2010,2011,"corn_sugarbeets","corn","sugarbeets","#ffd300","#377eb8",3,4,6.4,2.8,3.2,3.8,6,3.2,1,0.0342935528120713,34,1.16598079561043,678,23.2510288065844
2010,2011,"hay_hay","hay","hay","#f781bf","#f781bf",3,4,4.6,4.6,3.2,3.8,4.6,4.6,4,0.137174211248285,15,0.51440329218107,15,0.51440329218107
2010,2011,"hay_other","hay","other","#f781bf","#AAAAAA",3,4,4.6,1,3.2,3.8,4.2,1.4,7,0.240054869684499,15,0.51440329218107,363,12.4485596707819
2010,2011,"hay_soy","hay","soy","#f781bf","#4daf4a",3,4,4.6,5.5,3.2,3.8,4.7,5.4,3,0.102880658436214,15,0.51440329218107,584,20.0274348422497
2010,2011,"hay_springWheat","hay","springWheat","#f781bf","#a65628",3,4,4.6,3.7,3.2,3.8,4.5,3.8,1,0.0342935528120713,15,0.51440329218107,1241,42.5582990397805
2010,2011,"other_corn","other","corn","#AAAAAA","#ffd300",3,4,1,6.4,3.2,3.8,1.6,5.8,2,0.0685871056241426,420,14.40329218107,35,1.2002743484225
2010,2011,"other_hay","other","hay","#AAAAAA","#f781bf",3,4,1,4.6,3.2,3.8,1.4,4.2,10,0.342935528120713,420,14.40329218107,15,0.51440329218107
2010,2011,"other_other","other","other","#AAAAAA","#AAAAAA",3,4,1,1,3.2,3.8,1,1,338,11.5912208504801,420,14.40329218107,363,12.4485596707819
2010,2011,"other_soy","other","soy","#AAAAAA","#4daf4a",3,4,1,5.5,3.2,3.8,1.5,5,49,1.6803840877915,420,14.40329218107,584,20.0274348422497
2010,2011,"other_springWheat","other","springWheat","#AAAAAA","#a65628",3,4,1,3.7,3.2,3.8,1.3,3.4,19,0.651577503429355,420,14.40329218107,1241,42.5582990397805
2010,2011,"other_sugarbeets","other","sugarbeets","#AAAAAA","#377eb8",3,4,1,2.8,3.2,3.8,1.2,2.6,2,0.0685871056241426,420,14.40329218107,678,23.2510288065844
2010,2011,"soy_corn","soy","corn","#4daf4a","#ffd300",3,4,5.5,6.4,3.2,3.8,5.6,6.3,7,0.240054869684499,1400,48.0109739368999,35,1.2002743484225
2010,2011,"soy_hay","soy","hay","#4daf4a","#f781bf",3,4,5.5,4.6,3.2,3.8,5.4,4.7,1,0.0342935528120713,1400,48.0109739368999,15,0.51440329218107
2010,2011,"soy_other","soy","other","#4daf4a","#AAAAAA",3,4,5.5,1,3.2,3.8,5,1.5,9,0.308641975308642,1400,48.0109739368999,363,12.4485596707819
2010,2011,"soy_soy","soy","soy","#4daf4a","#4daf4a",3,4,5.5,5.5,3.2,3.8,5.5,5.5,174,5.96707818930041,1400,48.0109739368999,584,20.0274348422497
2010,2011,"soy_springWheat","soy","springWheat","#4daf4a","#a65628",3,4,5.5,3.7,3.2,3.8,5.3,3.9,1203,41.2551440329218,1400,48.0109739368999,1241,42.5582990397805
2010,2011,"soy_sugarbeets","soy","sugarbeets","#4daf4a","#377eb8",3,4,5.5,2.8,3.2,3.8,5.2,3.1,6,0.205761316872428,1400,48.0109739368999,678,23.2510288065844
2010,2011,"springWheat_corn","springWheat","corn","#a65628","#ffd300",3,4,3.7,6.4,3.2,3.8,4,6.1,22,0.754458161865569,707,24.2455418381344,35,1.2002743484225
2010,2011,"springWheat_other","springWheat","other","#a65628","#AAAAAA",3,4,3.7,1,3.2,3.8,3.4,1.3,2,0.0685871056241426,707,24.2455418381344,363,12.4485596707819
2010,2011,"springWheat_soy","springWheat","soy","#a65628","#4daf4a",3,4,3.7,5.5,3.2,3.8,3.9,5.3,5,0.171467764060357,707,24.2455418381344,584,20.0274348422497
2010,2011,"springWheat_springWheat","springWheat","springWheat","#a65628","#a65628",3,4,3.7,3.7,3.2,3.8,3.7,3.7,10,0.342935528120713,707,24.2455418381344,1241,42.5582990397805
2010,2011,"springWheat_sugarbeets","springWheat","sugarbeets","#a65628","#377eb8",3,4,3.7,2.8,3.2,3.8,3.6,2.9,668,22.9080932784636,707,24.2455418381344,678,23.2510288065844
2010,2011,"sugarbeets_corn","sugarbeets","corn","#377eb8","#ffd300",3,4,2.8,6.4,3.2,3.8,3.2,6,4,0.137174211248285,340,11.6598079561043,35,1.2002743484225
2010,2011,"sugarbeets_other","sugarbeets","other","#377eb8","#AAAAAA",3,4,2.8,1,3.2,3.8,2.6,1.2,2,0.0685871056241426,340,11.6598079561043,363,12.4485596707819
2010,2011,"sugarbeets_soy","sugarbeets","soy","#377eb8","#4daf4a",3,4,2.8,5.5,3.2,3.8,3.1,5.2,333,11.4197530864198,340,11.6598079561043,584,20.0274348422497
2010,2011,"sugarbeets_sugarbeets","sugarbeets","sugarbeets","#377eb8","#377eb8",3,4,2.8,2.8,3.2,3.8,2.8,2.8,1,0.0342935528120713,340,11.6598079561043,678,23.2510288065844
2011,2012,"corn_corn","corn","corn","#ffd300","#ffd300",4,5,6.4,6.4,4.2,4.8,6.4,6.4,23,0.78875171467764,35,1.2002743484225,718,24.6227709190672
2011,2012,"corn_springWheat","corn","springWheat","#ffd300","#a65628",4,5,6.4,3.7,4.2,4.8,6.1,4,11,0.377229080932785,35,1.2002743484225,582,19.9588477366255
2011,2012,"corn_sugarbeets","corn","sugarbeets","#ffd300","#377eb8",4,5,6.4,2.8,4.2,4.8,6,3.2,1,0.0342935528120713,35,1.2002743484225,1067,36.5912208504801
2011,2012,"hay_hay","hay","hay","#f781bf","#f781bf",4,5,4.6,4.6,4.2,4.8,4.6,4.6,1,0.0342935528120713,16,0.548696844993141,4,0.137174211248285
2011,2012,"hay_other","hay","other","#f781bf","#AAAAAA",4,5,4.6,1,4.2,4.8,4.2,1.4,15,0.51440329218107,16,0.548696844993141,382,13.1001371742112
2011,2012,"other_corn","other","corn","#AAAAAA","#ffd300",4,5,1,6.4,4.2,4.8,1.6,5.8,5,0.171467764060357,362,12.4142661179698,718,24.6227709190672
2011,2012,"other_hay","other","hay","#AAAAAA","#f781bf",4,5,1,4.6,4.2,4.8,1.4,4.2,1,0.0342935528120713,362,12.4142661179698,4,0.137174211248285
2011,2012,"other_other","other","other","#AAAAAA","#AAAAAA",4,5,1,1,4.2,4.8,1,1,347,11.8998628257888,362,12.4142661179698,382,13.1001371742112
2011,2012,"other_soy","other","soy","#AAAAAA","#4daf4a",4,5,1,5.5,4.2,4.8,1.5,5,1,0.0342935528120713,362,12.4142661179698,163,5.58984910836763
2011,2012,"other_springWheat","other","springWheat","#AAAAAA","#a65628",4,5,1,3.7,4.2,4.8,1.3,3.4,7,0.240054869684499,362,12.4142661179698,582,19.9588477366255
2011,2012,"other_sugarbeets","other","sugarbeets","#AAAAAA","#377eb8",4,5,1,2.8,4.2,4.8,1.2,2.6,1,0.0342935528120713,362,12.4142661179698,1067,36.5912208504801
2011,2012,"soy_other","soy","other","#4daf4a","#AAAAAA",4,5,5.5,1,4.2,4.8,5,1.5,19,0.651577503429355,584,20.0274348422497,382,13.1001371742112
2011,2012,"soy_soy","soy","soy","#4daf4a","#4daf4a",4,5,5.5,5.5,4.2,4.8,5.5,5.5,1,0.0342935528120713,584,20.0274348422497,163,5.58984910836763
2011,2012,"soy_springWheat","soy","springWheat","#4daf4a","#a65628",4,5,5.5,3.7,4.2,4.8,5.3,3.9,564,19.3415637860082,584,20.0274348422497,582,19.9588477366255
2011,2012,"springWheat_corn","springWheat","corn","#a65628","#ffd300",4,5,3.7,6.4,4.2,4.8,4,6.1,40,1.37174211248285,1241,42.5582990397805,718,24.6227709190672
2011,2012,"springWheat_hay","springWheat","hay","#a65628","#f781bf",4,5,3.7,4.6,4.2,4.8,3.8,4.5,2,0.0685871056241426,1241,42.5582990397805,4,0.137174211248285
2011,2012,"springWheat_other","springWheat","other","#a65628","#AAAAAA",4,5,3.7,1,4.2,4.8,3.4,1.3,1,0.0342935528120713,1241,42.5582990397805,382,13.1001371742112
2011,2012,"springWheat_soy","springWheat","soy","#a65628","#4daf4a",4,5,3.7,5.5,4.2,4.8,3.9,5.3,150,5.1440329218107,1241,42.5582990397805,163,5.58984910836763
2011,2012,"springWheat_sugarbeets","springWheat","sugarbeets","#a65628","#377eb8",4,5,3.7,2.8,4.2,4.8,3.6,2.9,1048,35.9396433470508,1241,42.5582990397805,1067,36.5912208504801
2011,2012,"sugarbeets_corn","sugarbeets","corn","#377eb8","#ffd300",4,5,2.8,6.4,4.2,4.8,3.2,6,650,22.2908093278464,678,23.2510288065844,718,24.6227709190672
2011,2012,"sugarbeets_soy","sugarbeets","soy","#377eb8","#4daf4a",4,5,2.8,5.5,4.2,4.8,3.1,5.2,11,0.377229080932785,678,23.2510288065844,163,5.58984910836763
2011,2012,"sugarbeets_sugarbeets","sugarbeets","sugarbeets","#377eb8","#377eb8",4,5,2.8,2.8,4.2,4.8,2.8,2.8,17,0.582990397805213,678,23.2510288065844,1067,36.5912208504801
2012,2013,"corn_corn","corn","corn","#ffd300","#ffd300",5,6,6.4,6.4,5.2,5.8,6.4,6.4,11,0.377229080932785,718,24.6227709190672,991,33.9849108367627
2012,2013,"corn_soy","corn","soy","#ffd300","#4daf4a",5,6,6.4,5.5,5.2,5.8,6.3,5.6,704,24.1426611796982,718,24.6227709190672,1295,44.4101508916324
2012,2013,"corn_springWheat","corn","springWheat","#ffd300","#a65628",5,6,6.4,3.7,5.2,5.8,6.1,4,3,0.102880658436214,718,24.6227709190672,7,0.240054869684499
2012,2013,"hay_corn","hay","corn","#f781bf","#ffd300",5,6,4.6,6.4,5.2,5.8,4.8,6.2,1,0.0342935528120713,11,0.377229080932785,991,33.9849108367627
2012,2013,"hay_hay","hay","hay","#f781bf","#f781bf",5,6,4.6,4.6,5.2,5.8,4.6,4.6,6,0.205761316872428,11,0.377229080932785,9,0.308641975308642
2012,2013,"hay_other","hay","other","#f781bf","#AAAAAA",5,6,4.6,1,5.2,5.8,4.2,1.4,2,0.0685871056241426,11,0.377229080932785,367,12.5857338820302
2012,2013,"hay_soy","hay","soy","#f781bf","#4daf4a",5,6,4.6,5.5,5.2,5.8,4.7,5.4,2,0.0685871056241426,11,0.377229080932785,1295,44.4101508916324
2012,2013,"other_corn","other","corn","#AAAAAA","#ffd300",5,6,1,6.4,5.2,5.8,1.6,5.8,10,0.342935528120713,375,12.8600823045267,991,33.9849108367627
2012,2013,"other_other","other","other","#AAAAAA","#AAAAAA",5,6,1,1,5.2,5.8,1,1,354,12.1399176954733,375,12.8600823045267,367,12.5857338820302
2012,2013,"other_soy","other","soy","#AAAAAA","#4daf4a",5,6,1,5.5,5.2,5.8,1.5,5,7,0.240054869684499,375,12.8600823045267,1295,44.4101508916324
2012,2013,"other_sugarbeets","other","sugarbeets","#AAAAAA","#377eb8",5,6,1,2.8,5.2,5.8,1.2,2.6,4,0.137174211248285,375,12.8600823045267,247,8.47050754458162
2012,2013,"soy_corn","soy","corn","#4daf4a","#ffd300",5,6,5.5,6.4,5.2,5.8,5.6,6.3,3,0.102880658436214,163,5.58984910836763,991,33.9849108367627
2012,2013,"soy_hay","soy","hay","#4daf4a","#f781bf",5,6,5.5,4.6,5.2,5.8,5.4,4.7,1,0.0342935528120713,163,5.58984910836763,9,0.308641975308642
2012,2013,"soy_other","soy","other","#4daf4a","#AAAAAA",5,6,5.5,1,5.2,5.8,5,1.5,3,0.102880658436214,163,5.58984910836763,367,12.5857338820302
2012,2013,"soy_soy","soy","soy","#4daf4a","#4daf4a",5,6,5.5,5.5,5.2,5.8,5.5,5.5,148,5.07544581618656,163,5.58984910836763,1295,44.4101508916324
2012,2013,"soy_springWheat","soy","springWheat","#4daf4a","#a65628",5,6,5.5,3.7,5.2,5.8,5.3,3.9,4,0.137174211248285,163,5.58984910836763,7,0.240054869684499
2012,2013,"soy_sugarbeets","soy","sugarbeets","#4daf4a","#377eb8",5,6,5.5,2.8,5.2,5.8,5.2,3.1,4,0.137174211248285,163,5.58984910836763,247,8.47050754458162
2012,2013,"springWheat_corn","springWheat","corn","#a65628","#ffd300",5,6,3.7,6.4,5.2,5.8,4,6.1,315,10.8024691358025,582,19.9588477366255,991,33.9849108367627
2012,2013,"springWheat_hay","springWheat","hay","#a65628","#f781bf",5,6,3.7,4.6,5.2,5.8,3.8,4.5,1,0.0342935528120713,582,19.9588477366255,9,0.308641975308642
2012,2013,"springWheat_other","springWheat","other","#a65628","#AAAAAA",5,6,3.7,1,5.2,5.8,3.4,1.3,8,0.274348422496571,582,19.9588477366255,367,12.5857338820302
2012,2013,"springWheat_soy","springWheat","soy","#a65628","#4daf4a",5,6,3.7,5.5,5.2,5.8,3.9,5.3,19,0.651577503429355,582,19.9588477366255,1295,44.4101508916324
2012,2013,"springWheat_sugarbeets","springWheat","sugarbeets","#a65628","#377eb8",5,6,3.7,2.8,5.2,5.8,3.6,2.9,239,8.19615912208505,582,19.9588477366255,247,8.47050754458162
2012,2013,"sugarbeets_corn","sugarbeets","corn","#377eb8","#ffd300",5,6,2.8,6.4,5.2,5.8,3.2,6,651,22.3251028806584,1067,36.5912208504801,991,33.9849108367627
2012,2013,"sugarbeets_hay","sugarbeets","hay","#377eb8","#f781bf",5,6,2.8,4.6,5.2,5.8,3,4.4,1,0.0342935528120713,1067,36.5912208504801,9,0.308641975308642
2012,2013,"sugarbeets_soy","sugarbeets","soy","#377eb8","#4daf4a",5,6,2.8,5.5,5.2,5.8,3.1,5.2,415,14.2318244170096,1067,36.5912208504801,1295,44.4101508916324
2013,2014,"corn_corn","corn","corn","#ffd300","#ffd300",6,7,6.4,6.4,6.2,6.8,6.4,6.4,15,0.51440329218107,991,33.9849108367627,269,9.22496570644719
2013,2014,"corn_other","corn","other","#ffd300","#AAAAAA",6,7,6.4,1,6.2,6.8,5.8,1.6,10,0.342935528120713,991,33.9849108367627,367,12.5857338820302
2013,2014,"corn_soy","corn","soy","#ffd300","#4daf4a",6,7,6.4,5.5,6.2,6.8,6.3,5.6,958,32.8532235939643,991,33.9849108367627,1565,53.6694101508916
2013,2014,"corn_springWheat","corn","springWheat","#ffd300","#a65628",6,7,6.4,3.7,6.2,6.8,6.1,4,8,0.274348422496571,991,33.9849108367627,710,24.3484224965706
2013,2014,"hay_corn","hay","corn","#f781bf","#ffd300",6,7,4.6,6.4,6.2,6.8,4.8,6.2,2,0.0685871056241426,6,0.205761316872428,269,9.22496570644719
2013,2014,"hay_hay","hay","hay","#f781bf","#f781bf",6,7,4.6,4.6,6.2,6.8,4.6,4.6,2,0.0685871056241426,6,0.205761316872428,4,0.137174211248285
2013,2014,"hay_other","hay","other","#f781bf","#AAAAAA",6,7,4.6,1,6.2,6.8,4.2,1.4,1,0.0342935528120713,6,0.205761316872428,367,12.5857338820302
2013,2014,"hay_soy","hay","soy","#f781bf","#4daf4a",6,7,4.6,5.5,6.2,6.8,4.7,5.4,1,0.0342935528120713,6,0.205761316872428,1565,53.6694101508916
2013,2014,"other_corn","other","corn","#AAAAAA","#ffd300",6,7,1,6.4,6.2,6.8,1.6,5.8,5,0.171467764060357,370,12.6886145404664,269,9.22496570644719
2013,2014,"other_hay","other","hay","#AAAAAA","#f781bf",6,7,1,4.6,6.2,6.8,1.4,4.2,2,0.0685871056241426,370,12.6886145404664,4,0.137174211248285
2013,2014,"other_other","other","other","#AAAAAA","#AAAAAA",6,7,1,1,6.2,6.8,1,1,351,12.037037037037,370,12.6886145404664,367,12.5857338820302
2013,2014,"other_soy","other","soy","#AAAAAA","#4daf4a",6,7,1,5.5,6.2,6.8,1.5,5,12,0.411522633744856,370,12.6886145404664,1565,53.6694101508916
2013,2014,"soy_corn","soy","corn","#4daf4a","#ffd300",6,7,5.5,6.4,6.2,6.8,5.6,6.3,12,0.411522633744856,1295,44.4101508916324,269,9.22496570644719
2013,2014,"soy_dryBeans","soy","dryBeans","#4daf4a","#e41a1c",6,7,5.5,1.9,6.2,6.8,5.1,2.3,1,0.0342935528120713,1295,44.4101508916324,1,0.0342935528120713
2013,2014,"soy_other","soy","other","#4daf4a","#AAAAAA",6,7,5.5,1,6.2,6.8,5,1.5,3,0.102880658436214,1295,44.4101508916324,367,12.5857338820302
2013,2014,"soy_soy","soy","soy","#4daf4a","#4daf4a",6,7,5.5,5.5,6.2,6.8,5.5,5.5,577,19.7873799725652,1295,44.4101508916324,1565,53.6694101508916
2013,2014,"soy_springWheat","soy","springWheat","#4daf4a","#a65628",6,7,5.5,3.7,6.2,6.8,5.3,3.9,702,24.0740740740741,1295,44.4101508916324,710,24.3484224965706
2013,2014,"springWheat_corn","springWheat","corn","#a65628","#ffd300",6,7,3.7,6.4,6.2,6.8,4,6.1,3,0.102880658436214,7,0.240054869684499,269,9.22496570644719
2013,2014,"springWheat_soy","springWheat","soy","#a65628","#4daf4a",6,7,3.7,5.5,6.2,6.8,3.9,5.3,4,0.137174211248285,7,0.240054869684499,1565,53.6694101508916
2013,2014,"sugarbeets_corn","sugarbeets","corn","#377eb8","#ffd300",6,7,2.8,6.4,6.2,6.8,3.2,6,232,7.95610425240055,247,8.47050754458162,269,9.22496570644719
2013,2014,"sugarbeets_other","sugarbeets","other","#377eb8","#AAAAAA",6,7,2.8,1,6.2,6.8,2.6,1.2,2,0.0685871056241426,247,8.47050754458162,367,12.5857338820302
2013,2014,"sugarbeets_soy","sugarbeets","soy","#377eb8","#4daf4a",6,7,2.8,5.5,6.2,6.8,3.1,5.2,13,0.445816186556927,247,8.47050754458162,1565,53.6694101508916
2014,2015,"corn_corn","corn","corn","#ffd300","#ffd300",7,8,6.4,6.4,7.2,7.8,6.4,6.4,23,0.78875171467764,269,9.22496570644719,474,16.2551440329218
2014,2015,"corn_hay","corn","hay","#ffd300","#f781bf",7,8,6.4,4.6,7.2,7.8,6.2,4.8,1,0.0342935528120713,269,9.22496570644719,92,3.15500685871056
2014,2015,"corn_soy","corn","soy","#ffd300","#4daf4a",7,8,6.4,5.5,7.2,7.8,6.3,5.6,245,8.40192043895748,269,9.22496570644719,637,21.8449931412894
2014,2015,"dryBeans_soy","dryBeans","soy","#e41a1c","#4daf4a",7,8,1.9,5.5,7.2,7.8,2.3,5.1,1,0.0342935528120713,1,0.0342935528120713,637,21.8449931412894
2014,2015,"hay_hay","hay","hay","#f781bf","#f781bf",7,8,4.6,4.6,7.2,7.8,4.6,4.6,11,0.377229080932785,13,0.445816186556927,92,3.15500685871056
2014,2015,"hay_other","hay","other","#f781bf","#AAAAAA",7,8,4.6,1,7.2,7.8,4.2,1.4,1,0.0342935528120713,13,0.445816186556927,350,12.002743484225
2014,2015,"hay_soy","hay","soy","#f781bf","#4daf4a",7,8,4.6,5.5,7.2,7.8,4.7,5.4,1,0.0342935528120713,13,0.445816186556927,637,21.8449931412894
2014,2015,"other_corn","other","corn","#AAAAAA","#ffd300",7,8,1,6.4,7.2,7.8,1.6,5.8,9,0.308641975308642,358,12.2770919067215,474,16.2551440329218
2014,2015,"other_other","other","other","#AAAAAA","#AAAAAA",7,8,1,1,7.2,7.8,1,1,346,11.8655692729767,358,12.2770919067215,350,12.002743484225
2014,2015,"other_soy","other","soy","#AAAAAA","#4daf4a",7,8,1,5.5,7.2,7.8,1.5,5,3,0.102880658436214,358,12.2770919067215,637,21.8449931412894
2014,2015,"soy_corn","soy","corn","#4daf4a","#ffd300",7,8,5.5,6.4,7.2,7.8,5.6,6.3,440,15.0891632373114,1565,53.6694101508916,474,16.2551440329218
2014,2015,"soy_hay","soy","hay","#4daf4a","#f781bf",7,8,5.5,4.6,7.2,7.8,5.4,4.7,79,2.70919067215363,1565,53.6694101508916,92,3.15500685871056
2014,2015,"soy_other","soy","other","#4daf4a","#AAAAAA",7,8,5.5,1,7.2,7.8,5,1.5,3,0.102880658436214,1565,53.6694101508916,350,12.002743484225
2014,2015,"soy_soy","soy","soy","#4daf4a","#4daf4a",7,8,5.5,5.5,7.2,7.8,5.5,5.5,377,12.9286694101509,1565,53.6694101508916,637,21.8449931412894
2014,2015,"soy_springWheat","soy","springWheat","#4daf4a","#a65628",7,8,5.5,3.7,7.2,7.8,5.3,3.9,661,22.6680384087792,1565,53.6694101508916,683,23.4224965706447
2014,2015,"soy_sugarbeets","soy","sugarbeets","#4daf4a","#377eb8",7,8,5.5,2.8,7.2,7.8,5.2,3.1,5,0.171467764060357,1565,53.6694101508916,680,23.3196159122085
2014,2015,"springWheat_corn","springWheat","corn","#a65628","#ffd300",7,8,3.7,6.4,7.2,7.8,4,6.1,2,0.0685871056241426,710,24.3484224965706,474,16.2551440329218
2014,2015,"springWheat_hay","springWheat","hay","#a65628","#f781bf",7,8,3.7,4.6,7.2,7.8,3.8,4.5,1,0.0342935528120713,710,24.3484224965706,92,3.15500685871056
2014,2015,"springWheat_soy","springWheat","soy","#a65628","#4daf4a",7,8,3.7,5.5,7.2,7.8,3.9,5.3,10,0.342935528120713,710,24.3484224965706,637,21.8449931412894
2014,2015,"springWheat_springWheat","springWheat","springWheat","#a65628","#a65628",7,8,3.7,3.7,7.2,7.8,3.7,3.7,22,0.754458161865569,710,24.3484224965706,683,23.4224965706447
2014,2015,"springWheat_sugarbeets","springWheat","sugarbeets","#a65628","#377eb8",7,8,3.7,2.8,7.2,7.8,3.6,2.9,675,23.1481481481481,710,24.3484224965706,680,23.3196159122085
2015,2016,"corn_corn","corn","corn","#ffd300","#ffd300",8,9,6.4,6.4,8.2,8.8,6.4,6.4,17,0.582990397805213,474,16.2551440329218,706,24.2112482853224
2015,2016,"corn_hay","corn","hay","#ffd300","#f781bf",8,9,6.4,4.6,8.2,8.8,6.2,4.8,1,0.0342935528120713,474,16.2551440329218,92,3.15500685871056
2015,2016,"corn_other","corn","other","#ffd300","#AAAAAA",8,9,6.4,1,8.2,8.8,5.8,1.6,8,0.274348422496571,474,16.2551440329218,383,13.1344307270233
2015,2016,"corn_soy","corn","soy","#ffd300","#4daf4a",8,9,6.4,5.5,8.2,8.8,6.3,5.6,429,14.7119341563786,474,16.2551440329218,508,17.4211248285322
2015,2016,"corn_springWheat","corn","springWheat","#ffd300","#a65628",8,9,6.4,3.7,8.2,8.8,6.1,4,1,0.0342935528120713,474,16.2551440329218,255,8.74485596707819
2015,2016,"corn_sugarbeets","corn","sugarbeets","#ffd300","#377eb8",8,9,6.4,2.8,8.2,8.8,6,3.2,18,0.617283950617284,474,16.2551440329218,971,33.2990397805213
2015,2016,"hay_hay","hay","hay","#f781bf","#f781bf",8,9,4.6,4.6,8.2,8.8,4.6,4.6,84,2.88065843621399,89,3.05212620027435,92,3.15500685871056
2015,2016,"hay_other","hay","other","#f781bf","#AAAAAA",8,9,4.6,1,8.2,8.8,4.2,1.4,2,0.0685871056241426,89,3.05212620027435,383,13.1344307270233
2015,2016,"hay_sugarbeets","hay","sugarbeets","#f781bf","#377eb8",8,9,4.6,2.8,8.2,8.8,4.4,3,3,0.102880658436214,89,3.05212620027435,971,33.2990397805213
2015,2016,"other_corn","other","corn","#AAAAAA","#ffd300",8,9,1,6.4,8.2,8.8,1.6,5.8,3,0.102880658436214,353,12.1056241426612,706,24.2112482853224
2015,2016,"other_other","other","other","#AAAAAA","#AAAAAA",8,9,1,1,8.2,8.8,1,1,350,12.002743484225,353,12.1056241426612,383,13.1344307270233
2015,2016,"soy_corn","soy","corn","#4daf4a","#ffd300",8,9,5.5,6.4,8.2,8.8,5.6,6.3,11,0.377229080932785,637,21.8449931412894,706,24.2112482853224
2015,2016,"soy_dryBeans","soy","dryBeans","#4daf4a","#e41a1c",8,9,5.5,1.9,8.2,8.8,5.1,2.3,1,0.0342935528120713,637,21.8449931412894,1,0.0342935528120713
2015,2016,"soy_hay","soy","hay","#4daf4a","#f781bf",8,9,5.5,4.6,8.2,8.8,5.4,4.7,5,0.171467764060357,637,21.8449931412894,92,3.15500685871056
2015,2016,"soy_other","soy","other","#4daf4a","#AAAAAA",8,9,5.5,1,8.2,8.8,5,1.5,21,0.720164609053498,637,21.8449931412894,383,13.1344307270233
2015,2016,"soy_soy","soy","soy","#4daf4a","#4daf4a",8,9,5.5,5.5,8.2,8.8,5.5,5.5,42,1.440329218107,637,21.8449931412894,508,17.4211248285322
2015,2016,"soy_springWheat","soy","springWheat","#4daf4a","#a65628",8,9,5.5,3.7,8.2,8.8,5.3,3.9,253,8.67626886145405,637,21.8449931412894,255,8.74485596707819
2015,2016,"soy_sugarbeets","soy","sugarbeets","#4daf4a","#377eb8",8,9,5.5,2.8,8.2,8.8,5.2,3.1,304,10.4252400548697,637,21.8449931412894,971,33.2990397805213
2015,2016,"springWheat_corn","springWheat","corn","#a65628","#ffd300",8,9,3.7,6.4,8.2,8.8,4,6.1,25,0.857338820301783,683,23.4224965706447,706,24.2112482853224
2015,2016,"springWheat_hay","springWheat","hay","#a65628","#f781bf",8,9,3.7,4.6,8.2,8.8,3.8,4.5,1,0.0342935528120713,683,23.4224965706447,92,3.15500685871056
2015,2016,"springWheat_other","springWheat","other","#a65628","#AAAAAA",8,9,3.7,1,8.2,8.8,3.4,1.3,2,0.0685871056241426,683,23.4224965706447,383,13.1344307270233
2015,2016,"springWheat_soy","springWheat","soy","#a65628","#4daf4a",8,9,3.7,5.5,8.2,8.8,3.9,5.3,9,0.308641975308642,683,23.4224965706447,508,17.4211248285322
2015,2016,"springWheat_sugarbeets","springWheat","sugarbeets","#a65628","#377eb8",8,9,3.7,2.8,8.2,8.8,3.6,2.9,646,22.1536351165981,683,23.4224965706447,971,33.2990397805213
2015,2016,"sugarbeets_corn","sugarbeets","corn","#377eb8","#ffd300",8,9,2.8,6.4,8.2,8.8,3.2,6,650,22.2908093278464,680,23.3196159122085,706,24.2112482853224
2015,2016,"sugarbeets_hay","sugarbeets","hay","#377eb8","#f781bf",8,9,2.8,4.6,8.2,8.8,3,4.4,1,0.0342935528120713,680,23.3196159122085,92,3.15500685871056
2015,2016,"sugarbeets_soy","sugarbeets","soy","#377eb8","#4daf4a",8,9,2.8,5.5,8.2,8.8,3.1,5.2,28,0.960219478737997,680,23.3196159122085,508,17.4211248285322
2015,2016,"sugarbeets_springWheat","sugarbeets","springWheat","#377eb8","#a65628",8,9,2.8,3.7,8.2,8.8,2.9,3.6,1,0.0342935528120713,680,23.3196159122085,255,8.74485596707819
2016,2017,"corn_corn","corn","corn","#ffd300","#ffd300",9,10,6.4,6.4,9.2,9.8,6.4,6.4,25,0.857338820301783,706,24.2112482853224,1146,39.3004115226337
2016,2017,"corn_other","corn","other","#ffd300","#AAAAAA",9,10,6.4,1,9.2,9.8,5.8,1.6,3,0.102880658436214,706,24.2112482853224,379,12.997256515775
2016,2017,"corn_soy","corn","soy","#ffd300","#4daf4a",9,10,6.4,5.5,9.2,9.8,6.3,5.6,678,23.2510288065844,706,24.2112482853224,1124,38.5459533607682
2016,2017,"dryBeans_soy","dryBeans","soy","#e41a1c","#4daf4a",9,10,1.9,5.5,9.2,9.8,2.3,5.1,1,0.0342935528120713,1,0.0342935528120713,1124,38.5459533607682
2016,2017,"hay_corn","hay","corn","#f781bf","#ffd300",9,10,4.6,6.4,9.2,9.8,4.8,6.2,4,0.137174211248285,88,3.01783264746228,1146,39.3004115226337
2016,2017,"hay_hay","hay","hay","#f781bf","#f781bf",9,10,4.6,4.6,9.2,9.8,4.6,4.6,30,1.02880658436214,88,3.01783264746228,33,1.13168724279835
2016,2017,"hay_other","hay","other","#f781bf","#AAAAAA",9,10,4.6,1,9.2,9.8,4.2,1.4,3,0.102880658436214,88,3.01783264746228,379,12.997256515775
2016,2017,"hay_soy","hay","soy","#f781bf","#4daf4a",9,10,4.6,5.5,9.2,9.8,4.7,5.4,50,1.71467764060357,88,3.01783264746228,1124,38.5459533607682
2016,2017,"hay_sugarbeets","hay","sugarbeets","#f781bf","#377eb8",9,10,4.6,2.8,9.2,9.8,4.4,3,1,0.0342935528120713,88,3.01783264746228,233,7.99039780521262
2016,2017,"other_other","other","other","#AAAAAA","#AAAAAA",9,10,1,1,9.2,9.8,1,1,362,12.4142661179698,387,13.2716049382716,379,12.997256515775
2016,2017,"other_soy","other","soy","#AAAAAA","#4daf4a",9,10,1,5.5,9.2,9.8,1.5,5,25,0.857338820301783,387,13.2716049382716,1124,38.5459533607682
2016,2017,"soy_corn","soy","corn","#4daf4a","#ffd300",9,10,5.5,6.4,9.2,9.8,5.6,6.3,464,15.9122085048011,508,17.4211248285322,1146,39.3004115226337
2016,2017,"soy_hay","soy","hay","#4daf4a","#f781bf",9,10,5.5,4.6,9.2,9.8,5.4,4.7,1,0.0342935528120713,508,17.4211248285322,33,1.13168724279835
2016,2017,"soy_other","soy","other","#4daf4a","#AAAAAA",9,10,5.5,1,9.2,9.8,5,1.5,2,0.0685871056241426,508,17.4211248285322,379,12.997256515775
2016,2017,"soy_soy","soy","soy","#4daf4a","#4daf4a",9,10,5.5,5.5,9.2,9.8,5.5,5.5,40,1.37174211248285,508,17.4211248285322,1124,38.5459533607682
2016,2017,"soy_springWheat","soy","springWheat","#4daf4a","#a65628",9,10,5.5,3.7,9.2,9.8,5.3,3.9,1,0.0342935528120713,508,17.4211248285322,1,0.0342935528120713
2016,2017,"springWheat_corn","springWheat","corn","#a65628","#ffd300",9,10,3.7,6.4,9.2,9.8,4,6.1,3,0.102880658436214,255,8.74485596707819,1146,39.3004115226337
2016,2017,"springWheat_other","springWheat","other","#a65628","#AAAAAA",9,10,3.7,1,9.2,9.8,3.4,1.3,9,0.308641975308642,255,8.74485596707819,379,12.997256515775
2016,2017,"springWheat_soy","springWheat","soy","#a65628","#4daf4a",9,10,3.7,5.5,9.2,9.8,3.9,5.3,11,0.377229080932785,255,8.74485596707819,1124,38.5459533607682
2016,2017,"springWheat_sugarbeets","springWheat","sugarbeets","#a65628","#377eb8",9,10,3.7,2.8,9.2,9.8,3.6,2.9,232,7.95610425240055,255,8.74485596707819,233,7.99039780521262
2016,2017,"sugarbeets_corn","sugarbeets","corn","#377eb8","#ffd300",9,10,2.8,6.4,9.2,9.8,3.2,6,650,22.2908093278464,971,33.2990397805213,1146,39.3004115226337
2016,2017,"sugarbeets_hay","sugarbeets","hay","#377eb8","#f781bf",9,10,2.8,4.6,9.2,9.8,3,4.4,2,0.0685871056241426,971,33.2990397805213,33,1.13168724279835
2016,2017,"sugarbeets_soy","sugarbeets","soy","#377eb8","#4daf4a",9,10,2.8,5.5,9.2,9.8,3.1,5.2,319,10.9396433470508,971,33.2990397805213,1124,38.5459533607682
2017,2018,"corn_corn","corn","corn","#ffd300","#ffd300",10,11,6.4,6.4,10.2,10.8,6.4,6.4,26,0.891632373113855,1146,39.3004115226337,348,11.9341563786008
2017,2018,"corn_hay","corn","hay","#ffd300","#f781bf",10,11,6.4,4.6,10.2,10.8,6.2,4.8,1,0.0342935528120713,1146,39.3004115226337,92,3.15500685871056
2017,2018,"corn_soy","corn","soy","#ffd300","#4daf4a",10,11,6.4,5.5,10.2,10.8,6.3,5.6,1118,38.3401920438957,1146,39.3004115226337,1431,49.0740740740741
2017,2018,"corn_springWheat","corn","springWheat","#ffd300","#a65628",10,11,6.4,3.7,10.2,10.8,6.1,4,1,0.0342935528120713,1146,39.3004115226337,697,23.9026063100137
2017,2018,"hay_corn","hay","corn","#f781bf","#ffd300",10,11,4.6,6.4,10.2,10.8,4.8,6.2,2,0.0685871056241426,50,1.71467764060357,348,11.9341563786008
2017,2018,"hay_hay","hay","hay","#f781bf","#f781bf",10,11,4.6,4.6,10.2,10.8,4.6,4.6,46,1.57750342935528,50,1.71467764060357,92,3.15500685871056
2017,2018,"hay_soy","hay","soy","#f781bf","#4daf4a",10,11,4.6,5.5,10.2,10.8,4.7,5.4,2,0.0685871056241426,50,1.71467764060357,1431,49.0740740740741
2017,2018,"other_other","other","other","#AAAAAA","#AAAAAA",10,11,1,1,10.2,10.8,1,1,344,11.7969821673525,362,12.4142661179698,348,11.9341563786008
2017,2018,"other_soy","other","soy","#AAAAAA","#4daf4a",10,11,1,5.5,10.2,10.8,1.5,5,18,0.617283950617284,362,12.4142661179698,1431,49.0740740740741
2017,2018,"soy_corn","soy","corn","#4daf4a","#ffd300",10,11,5.5,6.4,10.2,10.8,5.6,6.3,318,10.9053497942387,1124,38.5459533607682,348,11.9341563786008
2017,2018,"soy_hay","soy","hay","#4daf4a","#f781bf",10,11,5.5,4.6,10.2,10.8,5.4,4.7,45,1.54320987654321,1124,38.5459533607682,92,3.15500685871056
2017,2018,"soy_other","soy","other","#4daf4a","#AAAAAA",10,11,5.5,1,10.2,10.8,5,1.5,4,0.137174211248285,1124,38.5459533607682,348,11.9341563786008
2017,2018,"soy_soy","soy","soy","#4daf4a","#4daf4a",10,11,5.5,5.5,10.2,10.8,5.5,5.5,61,2.09190672153635,1124,38.5459533607682,1431,49.0740740740741
2017,2018,"soy_springWheat","soy","springWheat","#4daf4a","#a65628",10,11,5.5,3.7,10.2,10.8,5.3,3.9,696,23.8683127572016,1124,38.5459533607682,697,23.9026063100137
2017,2018,"springWheat_soy","springWheat","soy","#a65628","#4daf4a",10,11,3.7,5.5,10.2,10.8,3.9,5.3,1,0.0342935528120713,1,0.0342935528120713,1431,49.0740740740741
2017,2018,"sugarbeets_corn","sugarbeets","corn","#377eb8","#ffd300",10,11,2.8,6.4,10.2,10.8,3.2,6,2,0.0685871056241426,233,7.99039780521262,348,11.9341563786008
2017,2018,"sugarbeets_soy","sugarbeets","soy","#377eb8","#4daf4a",10,11,2.8,5.5,10.2,10.8,3.1,5.2,231,7.92181069958848,233,7.99039780521262,1431,49.0740740740741
2018,2019,"corn_corn","corn","corn","#ffd300","#ffd300",11,12,6.4,6.4,11.2,11.8,6.4,6.4,15,0.51440329218107,348,11.9341563786008,97,3.32647462277092
2018,2019,"corn_hay","corn","hay","#ffd300","#f781bf",11,12,6.4,4.6,11.2,11.8,6.2,4.8,1,0.0342935528120713,348,11.9341563786008,93,3.18930041152263
2018,2019,"corn_other","corn","other","#ffd300","#AAAAAA",11,12,6.4,1,11.2,11.8,5.8,1.6,13,0.445816186556927,348,11.9341563786008,361,12.3799725651578
2018,2019,"corn_soy","corn","soy","#ffd300","#4daf4a",11,12,6.4,5.5,11.2,11.8,6.3,5.6,308,10.562414266118,348,11.9341563786008,602,20.6447187928669
2018,2019,"corn_sugarbeets","corn","sugarbeets","#ffd300","#377eb8",11,12,6.4,2.8,11.2,11.8,6,3.2,11,0.377229080932785,348,11.9341563786008,1093,37.482853223594
2018,2019,"hay_hay","hay","hay","#f781bf","#f781bf",11,12,4.6,4.6,11.2,11.8,4.6,4.6,77,2.64060356652949,79,2.70919067215363,93,3.18930041152263
2018,2019,"hay_other","hay","other","#f781bf","#AAAAAA",11,12,4.6,1,11.2,11.8,4.2,1.4,2,0.0685871056241426,79,2.70919067215363,361,12.3799725651578
2018,2019,"other_corn","other","corn","#AAAAAA","#ffd300",11,12,1,6.4,11.2,11.8,1.6,5.8,4,0.137174211248285,361,12.3799725651578,97,3.32647462277092
2018,2019,"other_hay","other","hay","#AAAAAA","#f781bf",11,12,1,4.6,11.2,11.8,1.4,4.2,6,0.205761316872428,361,12.3799725651578,93,3.18930041152263
2018,2019,"other_other","other","other","#AAAAAA","#AAAAAA",11,12,1,1,11.2,11.8,1,1,336,11.522633744856,361,12.3799725651578,361,12.3799725651578
2018,2019,"other_soy","other","soy","#AAAAAA","#4daf4a",11,12,1,5.5,11.2,11.8,1.5,5,12,0.411522633744856,361,12.3799725651578,602,20.6447187928669
2018,2019,"other_springWheat","other","springWheat","#AAAAAA","#a65628",11,12,1,3.7,11.2,11.8,1.3,3.4,3,0.102880658436214,361,12.3799725651578,670,22.9766803840878
2018,2019,"soy_corn","soy","corn","#4daf4a","#ffd300",11,12,5.5,6.4,11.2,11.8,5.6,6.3,67,2.29766803840878,1431,49.0740740740741,97,3.32647462277092
2018,2019,"soy_hay","soy","hay","#4daf4a","#f781bf",11,12,5.5,4.6,11.2,11.8,5.4,4.7,9,0.308641975308642,1431,49.0740740740741,93,3.18930041152263
2018,2019,"soy_other","soy","other","#4daf4a","#AAAAAA",11,12,5.5,1,11.2,11.8,5,1.5,10,0.342935528120713,1431,49.0740740740741,361,12.3799725651578
2018,2019,"soy_soy","soy","soy","#4daf4a","#4daf4a",11,12,5.5,5.5,11.2,11.8,5.5,5.5,265,9.0877914951989,1431,49.0740740740741,602,20.6447187928669
2018,2019,"soy_springWheat","soy","springWheat","#4daf4a","#a65628",11,12,5.5,3.7,11.2,11.8,5.3,3.9,667,22.8737997256516,1431,49.0740740740741,670,22.9766803840878
2018,2019,"soy_sugarbeets","soy","sugarbeets","#4daf4a","#377eb8",11,12,5.5,2.8,11.2,11.8,5.2,3.1,413,14.1632373113855,1431,49.0740740740741,1093,37.482853223594
2018,2019,"springWheat_corn","springWheat","corn","#a65628","#ffd300",11,12,3.7,6.4,11.2,11.8,4,6.1,11,0.377229080932785,697,23.9026063100137,97,3.32647462277092
2018,2019,"springWheat_soy","springWheat","soy","#a65628","#4daf4a",11,12,3.7,5.5,11.2,11.8,3.9,5.3,17,0.582990397805213,697,23.9026063100137,602,20.6447187928669
2018,2019,"springWheat_sugarbeets","springWheat","sugarbeets","#a65628","#377eb8",11,12,3.7,2.8,11.2,11.8,3.6,2.9,669,22.9423868312757,697,23.9026063100137,1093,37.482853223594
2019,2020,"corn_corn","corn","corn","#ffd300","#ffd300",12,13,6.4,6.4,12.2,12.8,6.4,6.4,27,0.925925925925926,97,3.32647462277092,759,26.0288065843621
2019,2020,"corn_other","corn","other","#ffd300","#AAAAAA",12,13,6.4,1,12.2,12.8,5.8,1.6,13,0.445816186556927,97,3.32647462277092,348,11.9341563786008
2019,2020,"corn_soy","corn","soy","#ffd300","#4daf4a",12,13,6.4,5.5,12.2,12.8,6.3,5.6,56,1.92043895747599,97,3.32647462277092,1024,35.116598079561
2019,2020,"corn_sugarbeets","corn","sugarbeets","#ffd300","#377eb8",12,13,6.4,2.8,12.2,12.8,6,3.2,1,0.0342935528120713,97,3.32647462277092,657,22.5308641975309
2019,2020,"hay_hay","hay","hay","#f781bf","#f781bf",12,13,4.6,4.6,12.2,12.8,4.6,4.6,109,3.73799725651578,110,3.77229080932785,120,4.11522633744856
2019,2020,"hay_soy","hay","soy","#f781bf","#4daf4a",12,13,4.6,5.5,12.2,12.8,4.7,5.4,1,0.0342935528120713,110,3.77229080932785,1024,35.116598079561
2019,2020,"other_corn","other","corn","#AAAAAA","#ffd300",12,13,1,6.4,12.2,12.8,1.6,5.8,3,0.102880658436214,344,11.7969821673525,759,26.0288065843621
2019,2020,"other_hay","other","hay","#AAAAAA","#f781bf",12,13,1,4.6,12.2,12.8,1.4,4.2,2,0.0685871056241426,344,11.7969821673525,120,4.11522633744856
2019,2020,"other_other","other","other","#AAAAAA","#AAAAAA",12,13,1,1,12.2,12.8,1,1,329,11.2825788751715,344,11.7969821673525,348,11.9341563786008
2019,2020,"other_soy","other","soy","#AAAAAA","#4daf4a",12,13,1,5.5,12.2,12.8,1.5,5,10,0.342935528120713,344,11.7969821673525,1024,35.116598079561
2019,2020,"soy_corn","soy","corn","#4daf4a","#ffd300",12,13,5.5,6.4,12.2,12.8,5.6,6.3,52,1.78326474622771,602,20.6447187928669,759,26.0288065843621
2019,2020,"soy_hay","soy","hay","#4daf4a","#f781bf",12,13,5.5,4.6,12.2,12.8,5.4,4.7,2,0.0685871056241426,602,20.6447187928669,120,4.11522633744856
2019,2020,"soy_other","soy","other","#4daf4a","#AAAAAA",12,13,5.5,1,12.2,12.8,5,1.5,6,0.205761316872428,602,20.6447187928669,348,11.9341563786008
2019,2020,"soy_soy","soy","soy","#4daf4a","#4daf4a",12,13,5.5,5.5,12.2,12.8,5.5,5.5,536,18.3813443072702,602,20.6447187928669,1024,35.116598079561
2019,2020,"soy_springWheat","soy","springWheat","#4daf4a","#a65628",12,13,5.5,3.7,12.2,12.8,5.3,3.9,6,0.205761316872428,602,20.6447187928669,8,0.274348422496571
2019,2020,"springWheat_hay","springWheat","hay","#a65628","#f781bf",12,13,3.7,4.6,12.2,12.8,3.8,4.5,7,0.240054869684499,670,22.9766803840878,120,4.11522633744856
2019,2020,"springWheat_soy","springWheat","soy","#a65628","#4daf4a",12,13,3.7,5.5,12.2,12.8,3.9,5.3,5,0.171467764060357,670,22.9766803840878,1024,35.116598079561
2019,2020,"springWheat_springWheat","springWheat","springWheat","#a65628","#a65628",12,13,3.7,3.7,12.2,12.8,3.7,3.7,2,0.0685871056241426,670,22.9766803840878,8,0.274348422496571
2019,2020,"springWheat_sugarbeets","springWheat","sugarbeets","#a65628","#377eb8",12,13,3.7,2.8,12.2,12.8,3.6,2.9,656,22.4965706447188,670,22.9766803840878,657,22.5308641975309
2019,2020,"sugarbeets_corn","sugarbeets","corn","#377eb8","#ffd300",12,13,2.8,6.4,12.2,12.8,3.2,6,677,23.2167352537723,1093,37.482853223594,759,26.0288065843621
2019,2020,"sugarbeets_soy","sugarbeets","soy","#377eb8","#4daf4a",12,13,2.8,5.5,12.2,12.8,3.1,5.2,416,14.2661179698217,1093,37.482853223594,1024,35.116598079561
2020,2021,"corn_other","corn","other","#ffd300","#AAAAAA",13,14,6.4,1,13.2,13.8,5.8,1.6,1,0.0342935528120713,759,26.0288065843621,332,11.3854595336077
2020,2021,"corn_soy","corn","soy","#ffd300","#4daf4a",13,14,6.4,5.5,13.2,13.8,6.3,5.6,758,25.9945130315501,759,26.0288065843621,1874,64.2661179698217
2020,2021,"hay_corn","hay","corn","#f781bf","#ffd300",13,14,4.6,6.4,13.2,13.8,4.8,6.2,3,0.102880658436214,116,3.97805212620027,605,20.7475994513032
2020,2021,"hay_hay","hay","hay","#f781bf","#f781bf",13,14,4.6,4.6,13.2,13.8,4.6,4.6,102,3.49794238683128,116,3.97805212620027,104,3.56652949245542
2020,2021,"hay_other","hay","other","#f781bf","#AAAAAA",13,14,4.6,1,13.2,13.8,4.2,1.4,2,0.0685871056241426,116,3.97805212620027,332,11.3854595336077
2020,2021,"hay_soy","hay","soy","#f781bf","#4daf4a",13,14,4.6,5.5,13.2,13.8,4.7,5.4,9,0.308641975308642,116,3.97805212620027,1874,64.2661179698217
2020,2021,"other_corn","other","corn","#AAAAAA","#ffd300",13,14,1,6.4,13.2,13.8,1.6,5.8,1,0.0342935528120713,352,12.0713305898491,605,20.7475994513032
2020,2021,"other_hay","other","hay","#AAAAAA","#f781bf",13,14,1,4.6,13.2,13.8,1.4,4.2,1,0.0342935528120713,352,12.0713305898491,104,3.56652949245542
2020,2021,"other_other","other","other","#AAAAAA","#AAAAAA",13,14,1,1,13.2,13.8,1,1,328,11.2482853223594,352,12.0713305898491,332,11.3854595336077
2020,2021,"other_soy","other","soy","#AAAAAA","#4daf4a",13,14,1,5.5,13.2,13.8,1.5,5,22,0.754458161865569,352,12.0713305898491,1874,64.2661179698217
2020,2021,"soy_corn","soy","corn","#4daf4a","#ffd300",13,14,5.5,6.4,13.2,13.8,5.6,6.3,11,0.377229080932785,1024,35.116598079561,605,20.7475994513032
2020,2021,"soy_soy","soy","soy","#4daf4a","#4daf4a",13,14,5.5,5.5,13.2,13.8,5.5,5.5,1012,34.7050754458162,1024,35.116598079561,1874,64.2661179698217
2020,2021,"soy_sugarbeets","soy","sugarbeets","#4daf4a","#377eb8",13,14,5.5,2.8,13.2,13.8,5.2,3.1,1,0.0342935528120713,1024,35.116598079561,1,0.0342935528120713
2020,2021,"springWheat_hay","springWheat","hay","#a65628","#f781bf",13,14,3.7,4.6,13.2,13.8,3.8,4.5,1,0.0342935528120713,8,0.274348422496571,104,3.56652949245542
2020,2021,"springWheat_other","springWheat","other","#a65628","#AAAAAA",13,14,3.7,1,13.2,13.8,3.4,1.3,1,0.0342935528120713,8,0.274348422496571,332,11.3854595336077
2020,2021,"springWheat_soy","springWheat","soy","#a65628","#4daf4a",13,14,3.7,5.5,13.2,13.8,3.9,5.3,6,0.205761316872428,8,0.274348422496571,1874,64.2661179698217
2020,2021,"sugarbeets_corn","sugarbeets","corn","#377eb8","#ffd300",13,14,2.8,6.4,13.2,13.8,3.2,6,590,20.2331961591221,657,22.5308641975309,605,20.7475994513032
2020,2021,"sugarbeets_soy","sugarbeets","soy","#377eb8","#4daf4a",13,14,2.8,5.5,13.2,13.8,3.1,5.2,67,2.29766803840878,657,22.5308641975309,1874,64.2661179698217
