"xCoords","yCoords","width","colorToUse"
1,6.4,0.705467372134039,"#ffd300"
1.2,6.4,0.705467372134039,"#ffd300"
1.4,6.4,0.705467372134039,"#ffd300"
2,6.4,0.705467372134039,"#ffd300"
1.8,6.4,0.705467372134039,"#ffd300"
1.6,6.4,0.705467372134039,"#ffd300"
1,6.4,2.68077601410935,"#AAAAAA"
1.2,5.8,2.68077601410935,"#AAAAAA"
1.4,5.8,2.68077601410935,"#AAAAAA"
2,1,2.68077601410935,"#ffd300"
1.8,1.6,2.68077601410935,"#ffd300"
1.6,1.6,2.68077601410935,"#ffd300"
1,6.4,15.4850088183422,"#4daf4a"
1.2,6.3,15.4850088183422,"#4daf4a"
1.4,6.3,15.4850088183422,"#4daf4a"
2,5.5,15.4850088183422,"#ffd300"
1.8,5.6,15.4850088183422,"#ffd300"
1.6,5.6,15.4850088183422,"#ffd300"
1,4.6,0.987654320987654,"#f781bf"
1.2,4.6,0.987654320987654,"#f781bf"
1.4,4.6,0.987654320987654,"#f781bf"
2,4.6,0.987654320987654,"#f781bf"
1.8,4.6,0.987654320987654,"#f781bf"
1.6,4.6,0.987654320987654,"#f781bf"
1,4.6,1.12874779541446,"#AAAAAA"
1.2,4.2,1.12874779541446,"#AAAAAA"
1.4,4.2,1.12874779541446,"#AAAAAA"
2,1,1.12874779541446,"#f781bf"
1.8,1.4,1.12874779541446,"#f781bf"
1.6,1.4,1.12874779541446,"#f781bf"
1,4.6,0.317460317460317,"#4daf4a"
1.2,4.7,0.317460317460317,"#4daf4a"
1.4,4.7,0.317460317460317,"#4daf4a"
2,5.5,0.317460317460317,"#f781bf"
1.8,5.4,0.317460317460317,"#f781bf"
1.6,5.4,0.317460317460317,"#f781bf"
1,1,2.11640211640212,"#ffd300"
1.2,1.6,2.11640211640212,"#ffd300"
1.4,1.6,2.11640211640212,"#ffd300"
2,6.4,2.11640211640212,"#AAAAAA"
1.8,5.8,2.11640211640212,"#AAAAAA"
1.6,5.8,2.11640211640212,"#AAAAAA"
1,1,0.987654320987654,"#f781bf"
1.2,1.4,0.987654320987654,"#f781bf"
1.4,1.4,0.987654320987654,"#f781bf"
2,4.6,0.987654320987654,"#AAAAAA"
1.8,4.2,0.987654320987654,"#AAAAAA"
1.6,4.2,0.987654320987654,"#AAAAAA"
1,1,37.4955908289242,"#AAAAAA"
1.2,1,37.4955908289242,"#AAAAAA"
1.4,1,37.4955908289242,"#AAAAAA"
2,1,37.4955908289242,"#AAAAAA"
1.8,1,37.4955908289242,"#AAAAAA"
1.6,1,37.4955908289242,"#AAAAAA"
1,1,1.8342151675485,"#4daf4a"
1.2,1.5,1.8342151675485,"#4daf4a"
1.4,1.5,1.8342151675485,"#4daf4a"
2,5.5,1.8342151675485,"#AAAAAA"
1.8,5,1.8342151675485,"#AAAAAA"
1.6,5,1.8342151675485,"#AAAAAA"
1,1,0.17636684303351,"#a65628"
1.2,1.3,0.17636684303351,"#a65628"
1.4,1.3,0.17636684303351,"#a65628"
2,3.7,0.17636684303351,"#AAAAAA"
1.8,3.4,0.17636684303351,"#AAAAAA"
1.6,3.4,0.17636684303351,"#AAAAAA"
1,5.5,25.6437389770723,"#ffd300"
1.2,5.6,25.6437389770723,"#ffd300"
1.4,5.6,25.6437389770723,"#ffd300"
2,6.4,25.6437389770723,"#4daf4a"
1.8,6.3,25.6437389770723,"#4daf4a"
1.6,6.3,25.6437389770723,"#4daf4a"
1,5.5,0.0705467372134039,"#f781bf"
1.2,5.4,0.0705467372134039,"#f781bf"
1.4,5.4,0.0705467372134039,"#f781bf"
2,4.6,0.0705467372134039,"#4daf4a"
1.8,4.7,0.0705467372134039,"#4daf4a"
1.6,4.7,0.0705467372134039,"#4daf4a"
1,5.5,3.03350970017637,"#AAAAAA"
1.2,5,3.03350970017637,"#AAAAAA"
1.4,5,3.03350970017637,"#AAAAAA"
2,1,3.03350970017637,"#4daf4a"
1.8,1.5,3.03350970017637,"#4daf4a"
1.6,1.5,3.03350970017637,"#4daf4a"
1,5.5,7.05467372134039,"#4daf4a"
1.2,5.5,7.05467372134039,"#4daf4a"
1.4,5.5,7.05467372134039,"#4daf4a"
2,5.5,7.05467372134039,"#4daf4a"
1.8,5.5,7.05467372134039,"#4daf4a"
1.6,5.5,7.05467372134039,"#4daf4a"
1,5.5,0.282186948853616,"#a65628"
1.2,5.3,0.282186948853616,"#a65628"
1.4,5.3,0.282186948853616,"#a65628"
2,3.7,0.282186948853616,"#4daf4a"
1.8,3.9,0.282186948853616,"#4daf4a"
1.6,3.9,0.282186948853616,"#4daf4a"
2,6.4,0.705467372134039,"#ffd300"
2.2,6.4,0.705467372134039,"#ffd300"
2.4,6.4,0.705467372134039,"#ffd300"
3,6.4,0.705467372134039,"#ffd300"
2.8,6.4,0.705467372134039,"#ffd300"
2.6,6.4,0.705467372134039,"#ffd300"
2,6.4,0.0352733686067019,"#f781bf"
2.2,6.2,0.0352733686067019,"#f781bf"
2.4,6.2,0.0352733686067019,"#f781bf"
3,4.6,0.0352733686067019,"#ffd300"
2.8,4.8,0.0352733686067019,"#ffd300"
2.6,4.8,0.0352733686067019,"#ffd300"
2,6.4,1.16402116402116,"#AAAAAA"
2.2,5.8,1.16402116402116,"#AAAAAA"
2.4,5.8,1.16402116402116,"#AAAAAA"
3,1,1.16402116402116,"#ffd300"
2.8,1.6,1.16402116402116,"#ffd300"
2.6,1.6,1.16402116402116,"#ffd300"
2,6.4,26.5608465608466,"#4daf4a"
2.2,6.3,26.5608465608466,"#4daf4a"
2.4,6.3,26.5608465608466,"#4daf4a"
3,5.5,26.5608465608466,"#ffd300"
2.8,5.6,26.5608465608466,"#ffd300"
2.6,5.6,26.5608465608466,"#ffd300"
2,4.6,0.917107583774251,"#f781bf"
2.2,4.6,0.917107583774251,"#f781bf"
2.4,4.6,0.917107583774251,"#f781bf"
3,4.6,0.917107583774251,"#f781bf"
2.8,4.6,0.917107583774251,"#f781bf"
2.6,4.6,0.917107583774251,"#f781bf"
2,4.6,0.776014109347443,"#AAAAAA"
2.2,4.2,0.776014109347443,"#AAAAAA"
2.4,4.2,0.776014109347443,"#AAAAAA"
3,1,0.776014109347443,"#f781bf"
2.8,1.4,0.776014109347443,"#f781bf"
2.6,1.4,0.776014109347443,"#f781bf"
2,1,2.04585537918871,"#ffd300"
2.2,1.6,2.04585537918871,"#ffd300"
2.4,1.6,2.04585537918871,"#ffd300"
3,6.4,2.04585537918871,"#AAAAAA"
2.8,5.8,2.04585537918871,"#AAAAAA"
2.6,5.8,2.04585537918871,"#AAAAAA"
2,1,1.12874779541446,"#f781bf"
2.2,1.4,1.12874779541446,"#f781bf"
2.4,1.4,1.12874779541446,"#f781bf"
3,4.6,1.12874779541446,"#AAAAAA"
2.8,4.2,1.12874779541446,"#AAAAAA"
2.6,4.2,1.12874779541446,"#AAAAAA"
2,1,39.647266313933,"#AAAAAA"
2.2,1,39.647266313933,"#AAAAAA"
2.4,1,39.647266313933,"#AAAAAA"
3,1,39.647266313933,"#AAAAAA"
2.8,1,39.647266313933,"#AAAAAA"
2.6,1,39.647266313933,"#AAAAAA"
2,1,1.7989417989418,"#4daf4a"
2.2,1.5,1.7989417989418,"#4daf4a"
2.4,1.5,1.7989417989418,"#4daf4a"
3,5.5,1.7989417989418,"#AAAAAA"
2.8,5,1.7989417989418,"#AAAAAA"
2.6,5,1.7989417989418,"#AAAAAA"
2,1,0.0705467372134039,"#a65628"
2.2,1.3,0.0705467372134039,"#a65628"
2.4,1.3,0.0705467372134039,"#a65628"
3,3.7,0.0705467372134039,"#AAAAAA"
2.8,3.4,0.0705467372134039,"#AAAAAA"
2.6,3.4,0.0705467372134039,"#AAAAAA"
2,5.5,15.5908289241623,"#ffd300"
2.2,5.6,15.5908289241623,"#ffd300"
2.4,5.6,15.5908289241623,"#ffd300"
3,6.4,15.5908289241623,"#4daf4a"
2.8,6.3,15.5908289241623,"#4daf4a"
2.6,6.3,15.5908289241623,"#4daf4a"
2,5.5,0.952380952380952,"#AAAAAA"
2.2,5,0.952380952380952,"#AAAAAA"
2.4,5,0.952380952380952,"#AAAAAA"
3,1,0.952380952380952,"#4daf4a"
2.8,1.5,0.952380952380952,"#4daf4a"
2.6,1.5,0.952380952380952,"#4daf4a"
2,5.5,5.5026455026455,"#4daf4a"
2.2,5.5,5.5026455026455,"#4daf4a"
2.4,5.5,5.5026455026455,"#4daf4a"
3,5.5,5.5026455026455,"#4daf4a"
2.8,5.5,5.5026455026455,"#4daf4a"
2.6,5.5,5.5026455026455,"#4daf4a"
2,5.5,2.64550264550265,"#377eb8"
2.2,5.2,2.64550264550265,"#377eb8"
2.4,5.2,2.64550264550265,"#377eb8"
3,2.8,2.64550264550265,"#4daf4a"
2.8,3.1,2.64550264550265,"#4daf4a"
2.6,3.1,2.64550264550265,"#4daf4a"
2,3.7,0.388007054673721,"#AAAAAA"
2.2,3.4,0.388007054673721,"#AAAAAA"
2.4,3.4,0.388007054673721,"#AAAAAA"
3,1,0.388007054673721,"#a65628"
2.8,1.3,0.388007054673721,"#a65628"
2.6,1.3,0.388007054673721,"#a65628"
2,3.7,0.0705467372134039,"#a65628"
2.2,3.7,0.0705467372134039,"#a65628"
2.4,3.7,0.0705467372134039,"#a65628"
3,3.7,0.0705467372134039,"#a65628"
2.8,3.7,0.0705467372134039,"#a65628"
2.6,3.7,0.0705467372134039,"#a65628"
3,6.4,4.79717813051146,"#ffd300"
3.2,6.4,4.79717813051146,"#ffd300"
3.4,6.4,4.79717813051146,"#ffd300"
4,6.4,4.79717813051146,"#ffd300"
3.8,6.4,4.79717813051146,"#ffd300"
3.6,6.4,4.79717813051146,"#ffd300"
3,6.4,0.458553791887125,"#AAAAAA"
3.2,5.8,0.458553791887125,"#AAAAAA"
3.4,5.8,0.458553791887125,"#AAAAAA"
4,1,0.458553791887125,"#ffd300"
3.8,1.6,0.458553791887125,"#ffd300"
3.6,1.6,0.458553791887125,"#ffd300"
3,6.4,13.0511463844797,"#4daf4a"
3.2,6.3,13.0511463844797,"#4daf4a"
3.4,6.3,13.0511463844797,"#4daf4a"
4,5.5,13.0511463844797,"#ffd300"
3.8,5.6,13.0511463844797,"#ffd300"
3.6,5.6,13.0511463844797,"#ffd300"
3,6.4,0.0352733686067019,"#377eb8"
3.2,6,0.0352733686067019,"#377eb8"
3.4,6,0.0352733686067019,"#377eb8"
4,2.8,0.0352733686067019,"#ffd300"
3.8,3.2,0.0352733686067019,"#ffd300"
3.6,3.2,0.0352733686067019,"#ffd300"
3,4.6,0.105820105820106,"#ffd300"
3.2,4.8,0.105820105820106,"#ffd300"
3.4,4.8,0.105820105820106,"#ffd300"
4,6.4,0.105820105820106,"#f781bf"
3.8,6.2,0.105820105820106,"#f781bf"
3.6,6.2,0.105820105820106,"#f781bf"
3,4.6,1.51675485008818,"#f781bf"
3.2,4.6,1.51675485008818,"#f781bf"
3.4,4.6,1.51675485008818,"#f781bf"
4,4.6,1.51675485008818,"#f781bf"
3.8,4.6,1.51675485008818,"#f781bf"
3.6,4.6,1.51675485008818,"#f781bf"
3,4.6,0.388007054673721,"#AAAAAA"
3.2,4.2,0.388007054673721,"#AAAAAA"
3.4,4.2,0.388007054673721,"#AAAAAA"
4,1,0.388007054673721,"#f781bf"
3.8,1.4,0.388007054673721,"#f781bf"
3.6,1.4,0.388007054673721,"#f781bf"
3,4.6,0.0705467372134039,"#4daf4a"
3.2,4.7,0.0705467372134039,"#4daf4a"
3.4,4.7,0.0705467372134039,"#4daf4a"
4,5.5,0.0705467372134039,"#f781bf"
3.8,5.4,0.0705467372134039,"#f781bf"
3.6,5.4,0.0705467372134039,"#f781bf"
3,1,3.45679012345679,"#ffd300"
3.2,1.6,3.45679012345679,"#ffd300"
3.4,1.6,3.45679012345679,"#ffd300"
4,6.4,3.45679012345679,"#AAAAAA"
3.8,5.8,3.45679012345679,"#AAAAAA"
3.6,5.8,3.45679012345679,"#AAAAAA"
3,1,3.06878306878307,"#f781bf"
3.2,1.4,3.06878306878307,"#f781bf"
3.4,1.4,3.06878306878307,"#f781bf"
4,4.6,3.06878306878307,"#AAAAAA"
3.8,4.2,3.06878306878307,"#AAAAAA"
3.6,4.2,3.06878306878307,"#AAAAAA"
3,1,34.6384479717813,"#AAAAAA"
3.2,1,34.6384479717813,"#AAAAAA"
3.4,1,34.6384479717813,"#AAAAAA"
4,1,34.6384479717813,"#AAAAAA"
3.8,1,34.6384479717813,"#AAAAAA"
3.6,1,34.6384479717813,"#AAAAAA"
3,1,0.952380952380952,"#4daf4a"
3.2,1.5,0.952380952380952,"#4daf4a"
3.4,1.5,0.952380952380952,"#4daf4a"
4,5.5,0.952380952380952,"#AAAAAA"
3.8,5,0.952380952380952,"#AAAAAA"
3.6,5,0.952380952380952,"#AAAAAA"
3,1,0.811287477954145,"#a65628"
3.2,1.3,0.811287477954145,"#a65628"
3.4,1.3,0.811287477954145,"#a65628"
4,3.7,0.811287477954145,"#AAAAAA"
3.8,3.4,0.811287477954145,"#AAAAAA"
3.6,3.4,0.811287477954145,"#AAAAAA"
3,5.5,26.2081128747795,"#ffd300"
3.2,5.6,26.2081128747795,"#ffd300"
3.4,5.6,26.2081128747795,"#ffd300"
4,6.4,26.2081128747795,"#4daf4a"
3.8,6.3,26.2081128747795,"#4daf4a"
3.6,6.3,26.2081128747795,"#4daf4a"
3,5.5,0.670194003527337,"#AAAAAA"
3.2,5,0.670194003527337,"#AAAAAA"
3.4,5,0.670194003527337,"#AAAAAA"
4,1,0.670194003527337,"#4daf4a"
3.8,1.5,0.670194003527337,"#4daf4a"
3.6,1.5,0.670194003527337,"#4daf4a"
3,5.5,5.82010582010582,"#4daf4a"
3.2,5.5,5.82010582010582,"#4daf4a"
3.4,5.5,5.82010582010582,"#4daf4a"
4,5.5,5.82010582010582,"#4daf4a"
3.8,5.5,5.82010582010582,"#4daf4a"
3.6,5.5,5.82010582010582,"#4daf4a"
3,5.5,1.16402116402116,"#377eb8"
3.2,5.2,1.16402116402116,"#377eb8"
3.4,5.2,1.16402116402116,"#377eb8"
4,2.8,1.16402116402116,"#4daf4a"
3.8,3.1,1.16402116402116,"#4daf4a"
3.6,3.1,1.16402116402116,"#4daf4a"
3,3.7,0.141093474426808,"#AAAAAA"
3.2,3.4,0.141093474426808,"#AAAAAA"
3.4,3.4,0.141093474426808,"#AAAAAA"
4,1,0.141093474426808,"#a65628"
3.8,1.3,0.141093474426808,"#a65628"
3.6,1.3,0.141093474426808,"#a65628"
3,2.8,2.61022927689594,"#ffd300"
3.2,3.2,2.61022927689594,"#ffd300"
3.4,3.2,2.61022927689594,"#ffd300"
4,6.4,2.61022927689594,"#377eb8"
3.8,6,2.61022927689594,"#377eb8"
3.6,6,2.61022927689594,"#377eb8"
3,2.8,0.0352733686067019,"#4daf4a"
3.2,3.1,0.0352733686067019,"#4daf4a"
3.4,3.1,0.0352733686067019,"#4daf4a"
4,5.5,0.0352733686067019,"#377eb8"
3.8,5.2,0.0352733686067019,"#377eb8"
3.6,5.2,0.0352733686067019,"#377eb8"
4,6.4,5.99647266313933,"#ffd300"
4.2,6.4,5.99647266313933,"#ffd300"
4.4,6.4,5.99647266313933,"#ffd300"
5,6.4,5.99647266313933,"#ffd300"
4.8,6.4,5.99647266313933,"#ffd300"
4.6,6.4,5.99647266313933,"#ffd300"
4,6.4,0.0705467372134039,"#e41a1c"
4.2,5.9,0.0705467372134039,"#e41a1c"
4.4,5.9,0.0705467372134039,"#e41a1c"
5,1.9,0.0705467372134039,"#ffd300"
4.8,2.4,0.0705467372134039,"#ffd300"
4.6,2.4,0.0705467372134039,"#ffd300"
4,6.4,1.7989417989418,"#f781bf"
4.2,6.2,1.7989417989418,"#f781bf"
4.4,6.2,1.7989417989418,"#f781bf"
5,4.6,1.7989417989418,"#ffd300"
4.8,4.8,1.7989417989418,"#ffd300"
4.6,4.8,1.7989417989418,"#ffd300"
4,6.4,1.62257495590829,"#AAAAAA"
4.2,5.8,1.62257495590829,"#AAAAAA"
4.4,5.8,1.62257495590829,"#AAAAAA"
5,1,1.62257495590829,"#ffd300"
4.8,1.6,1.62257495590829,"#ffd300"
4.6,1.6,1.62257495590829,"#ffd300"
4,6.4,27.5837742504409,"#4daf4a"
4.2,6.3,27.5837742504409,"#4daf4a"
4.4,6.3,27.5837742504409,"#4daf4a"
5,5.5,27.5837742504409,"#ffd300"
4.8,5.6,27.5837742504409,"#ffd300"
4.6,5.6,27.5837742504409,"#ffd300"
4,6.4,0.105820105820106,"#377eb8"
4.2,6,0.105820105820106,"#377eb8"
4.4,6,0.105820105820106,"#377eb8"
5,2.8,0.105820105820106,"#ffd300"
4.8,3.2,0.105820105820106,"#ffd300"
4.6,3.2,0.105820105820106,"#ffd300"
4,4.6,1.26984126984127,"#ffd300"
4.2,4.8,1.26984126984127,"#ffd300"
4.4,4.8,1.26984126984127,"#ffd300"
5,6.4,1.26984126984127,"#f781bf"
4.8,6.2,1.26984126984127,"#f781bf"
4.6,6.2,1.26984126984127,"#f781bf"
4,4.6,1.94003527336861,"#f781bf"
4.2,4.6,1.94003527336861,"#f781bf"
4.4,4.6,1.94003527336861,"#f781bf"
5,4.6,1.94003527336861,"#f781bf"
4.8,4.6,1.94003527336861,"#f781bf"
4.6,4.6,1.94003527336861,"#f781bf"
4,4.6,2.15167548500882,"#AAAAAA"
4.2,4.2,2.15167548500882,"#AAAAAA"
4.4,4.2,2.15167548500882,"#AAAAAA"
5,1,2.15167548500882,"#f781bf"
4.8,1.4,2.15167548500882,"#f781bf"
4.6,1.4,2.15167548500882,"#f781bf"
4,1,1.30511463844797,"#ffd300"
4.2,1.6,1.30511463844797,"#ffd300"
4.4,1.6,1.30511463844797,"#ffd300"
5,6.4,1.30511463844797,"#AAAAAA"
4.8,5.8,1.30511463844797,"#AAAAAA"
4.6,5.8,1.30511463844797,"#AAAAAA"
4,1,0.246913580246914,"#f781bf"
4.2,1.4,0.246913580246914,"#f781bf"
4.4,1.4,0.246913580246914,"#f781bf"
5,4.6,0.246913580246914,"#AAAAAA"
4.8,4.2,0.246913580246914,"#AAAAAA"
4.6,4.2,0.246913580246914,"#AAAAAA"
4,1,33.2627865961199,"#AAAAAA"
4.2,1,33.2627865961199,"#AAAAAA"
4.4,1,33.2627865961199,"#AAAAAA"
5,1,33.2627865961199,"#AAAAAA"
4.8,1,33.2627865961199,"#AAAAAA"
4.6,1,33.2627865961199,"#AAAAAA"
4,1,0.705467372134039,"#4daf4a"
4.2,1.5,0.705467372134039,"#4daf4a"
4.4,1.5,0.705467372134039,"#4daf4a"
5,5.5,0.705467372134039,"#AAAAAA"
4.8,5,0.705467372134039,"#AAAAAA"
4.6,5,0.705467372134039,"#AAAAAA"
4,5.5,18.1657848324515,"#ffd300"
4.2,5.6,18.1657848324515,"#ffd300"
4.4,5.6,18.1657848324515,"#ffd300"
5,6.4,18.1657848324515,"#4daf4a"
4.8,6.3,18.1657848324515,"#4daf4a"
4.6,6.3,18.1657848324515,"#4daf4a"
4,5.5,0.105820105820106,"#f781bf"
4.2,5.4,0.105820105820106,"#f781bf"
4.4,5.4,0.105820105820106,"#f781bf"
5,4.6,0.105820105820106,"#4daf4a"
4.8,4.7,0.105820105820106,"#4daf4a"
4.6,4.7,0.105820105820106,"#4daf4a"
4,5.5,0.352733686067019,"#AAAAAA"
4.2,5,0.352733686067019,"#AAAAAA"
4.4,5,0.352733686067019,"#AAAAAA"
5,1,0.352733686067019,"#4daf4a"
4.8,1.5,0.352733686067019,"#4daf4a"
4.6,1.5,0.352733686067019,"#4daf4a"
4,5.5,1.30511463844797,"#4daf4a"
4.2,5.5,1.30511463844797,"#4daf4a"
4.4,5.5,1.30511463844797,"#4daf4a"
5,5.5,1.30511463844797,"#4daf4a"
4.8,5.5,1.30511463844797,"#4daf4a"
4.6,5.5,1.30511463844797,"#4daf4a"
4,3.7,0.282186948853616,"#ffd300"
4.2,4,0.282186948853616,"#ffd300"
4.4,4,0.282186948853616,"#ffd300"
5,6.4,0.282186948853616,"#a65628"
4.8,6.1,0.282186948853616,"#a65628"
4.6,6.1,0.282186948853616,"#a65628"
4,3.7,0.529100529100529,"#AAAAAA"
4.2,3.4,0.529100529100529,"#AAAAAA"
4.4,3.4,0.529100529100529,"#AAAAAA"
5,1,0.529100529100529,"#a65628"
4.8,1.3,0.529100529100529,"#a65628"
4.6,1.3,0.529100529100529,"#a65628"
4,2.8,1.19929453262787,"#4daf4a"
4.2,3.1,1.19929453262787,"#4daf4a"
4.4,3.1,1.19929453262787,"#4daf4a"
5,5.5,1.19929453262787,"#377eb8"
4.8,5.2,1.19929453262787,"#377eb8"
4.6,5.2,1.19929453262787,"#377eb8"
5,6.4,5.07936507936508,"#ffd300"
5.2,6.4,5.07936507936508,"#ffd300"
5.4,6.4,5.07936507936508,"#ffd300"
6,6.4,5.07936507936508,"#ffd300"
5.8,6.4,5.07936507936508,"#ffd300"
5.6,6.4,5.07936507936508,"#ffd300"
5,6.4,0.105820105820106,"#f781bf"
5.2,6.2,0.105820105820106,"#f781bf"
5.4,6.2,0.105820105820106,"#f781bf"
6,4.6,0.105820105820106,"#ffd300"
5.8,4.8,0.105820105820106,"#ffd300"
5.6,4.8,0.105820105820106,"#ffd300"
5,6.4,1.34038800705467,"#AAAAAA"
5.2,5.8,1.34038800705467,"#AAAAAA"
5.4,5.8,1.34038800705467,"#AAAAAA"
6,1,1.34038800705467,"#ffd300"
5.8,1.6,1.34038800705467,"#ffd300"
5.6,1.6,1.34038800705467,"#ffd300"
5,6.4,20.4938271604938,"#4daf4a"
5.2,6.3,20.4938271604938,"#4daf4a"
5.4,6.3,20.4938271604938,"#4daf4a"
6,5.5,20.4938271604938,"#ffd300"
5.8,5.6,20.4938271604938,"#ffd300"
5.6,5.6,20.4938271604938,"#ffd300"
5,1.9,0.0705467372134039,"#ffd300"
5.2,2.4,0.0705467372134039,"#ffd300"
5.4,2.4,0.0705467372134039,"#ffd300"
6,6.4,0.0705467372134039,"#e41a1c"
5.8,5.9,0.0705467372134039,"#e41a1c"
5.6,5.9,0.0705467372134039,"#e41a1c"
5,4.6,1.30511463844797,"#ffd300"
5.2,4.8,1.30511463844797,"#ffd300"
5.4,4.8,1.30511463844797,"#ffd300"
6,6.4,1.30511463844797,"#f781bf"
5.8,6.2,1.30511463844797,"#f781bf"
5.6,6.2,1.30511463844797,"#f781bf"
5,4.6,0.0352733686067019,"#f781bf"
5.2,4.6,0.0352733686067019,"#f781bf"
5.4,4.6,0.0352733686067019,"#f781bf"
6,4.6,0.0352733686067019,"#f781bf"
5.8,4.6,0.0352733686067019,"#f781bf"
5.6,4.6,0.0352733686067019,"#f781bf"
5,4.6,0.458553791887125,"#AAAAAA"
5.2,4.2,0.458553791887125,"#AAAAAA"
5.4,4.2,0.458553791887125,"#AAAAAA"
6,1,0.458553791887125,"#f781bf"
5.8,1.4,0.458553791887125,"#f781bf"
5.6,1.4,0.458553791887125,"#f781bf"
5,4.6,1.72839506172839,"#4daf4a"
5.2,4.7,1.72839506172839,"#4daf4a"
5.4,4.7,1.72839506172839,"#4daf4a"
6,5.5,1.72839506172839,"#f781bf"
5.8,5.4,1.72839506172839,"#f781bf"
5.6,5.4,1.72839506172839,"#f781bf"
5,1,2.04585537918871,"#ffd300"
5.2,1.6,2.04585537918871,"#ffd300"
5.4,1.6,2.04585537918871,"#ffd300"
6,6.4,2.04585537918871,"#AAAAAA"
5.8,5.8,2.04585537918871,"#AAAAAA"
5.6,5.8,2.04585537918871,"#AAAAAA"
5,1,0.317460317460317,"#f781bf"
5.2,1.4,0.317460317460317,"#f781bf"
5.4,1.4,0.317460317460317,"#f781bf"
6,4.6,0.317460317460317,"#AAAAAA"
5.8,4.2,0.317460317460317,"#AAAAAA"
5.6,4.2,0.317460317460317,"#AAAAAA"
5,1,35.5908289241623,"#AAAAAA"
5.2,1,35.5908289241623,"#AAAAAA"
5.4,1,35.5908289241623,"#AAAAAA"
6,1,35.5908289241623,"#AAAAAA"
5.8,1,35.5908289241623,"#AAAAAA"
5.6,1,35.5908289241623,"#AAAAAA"
5,1,0.529100529100529,"#4daf4a"
5.2,1.5,0.529100529100529,"#4daf4a"
5.4,1.5,0.529100529100529,"#4daf4a"
6,5.5,0.529100529100529,"#AAAAAA"
5.8,5,0.529100529100529,"#AAAAAA"
5.6,5,0.529100529100529,"#AAAAAA"
5,5.5,29.3121693121693,"#ffd300"
5.2,5.6,29.3121693121693,"#ffd300"
5.4,5.6,29.3121693121693,"#ffd300"
6,6.4,29.3121693121693,"#4daf4a"
5.8,6.3,29.3121693121693,"#4daf4a"
5.6,6.3,29.3121693121693,"#4daf4a"
5,5.5,0.141093474426808,"#f781bf"
5.2,5.4,0.141093474426808,"#f781bf"
5.4,5.4,0.141093474426808,"#f781bf"
6,4.6,0.141093474426808,"#4daf4a"
5.8,4.7,0.141093474426808,"#4daf4a"
5.6,4.7,0.141093474426808,"#4daf4a"
5,5.5,0.670194003527337,"#AAAAAA"
5.2,5,0.670194003527337,"#AAAAAA"
5.4,5,0.670194003527337,"#AAAAAA"
6,1,0.670194003527337,"#4daf4a"
5.8,1.5,0.670194003527337,"#4daf4a"
5.6,1.5,0.670194003527337,"#4daf4a"
5,5.5,0.670194003527337,"#4daf4a"
5.2,5.5,0.670194003527337,"#4daf4a"
5.4,5.5,0.670194003527337,"#4daf4a"
6,5.5,0.670194003527337,"#4daf4a"
5.8,5.5,0.670194003527337,"#4daf4a"
5.6,5.5,0.670194003527337,"#4daf4a"
5,2.8,0.0352733686067019,"#ffd300"
5.2,3.2,0.0352733686067019,"#ffd300"
5.4,3.2,0.0352733686067019,"#ffd300"
6,6.4,0.0352733686067019,"#377eb8"
5.8,6,0.0352733686067019,"#377eb8"
5.6,6,0.0352733686067019,"#377eb8"
5,2.8,0.0352733686067019,"#AAAAAA"
5.2,2.6,0.0352733686067019,"#AAAAAA"
5.4,2.6,0.0352733686067019,"#AAAAAA"
6,1,0.0352733686067019,"#377eb8"
5.8,1.2,0.0352733686067019,"#377eb8"
5.6,1.2,0.0352733686067019,"#377eb8"
5,2.8,0.0352733686067019,"#4daf4a"
5.2,3.1,0.0352733686067019,"#4daf4a"
5.4,3.1,0.0352733686067019,"#4daf4a"
6,5.5,0.0352733686067019,"#377eb8"
5.8,5.2,0.0352733686067019,"#377eb8"
5.6,5.2,0.0352733686067019,"#377eb8"
6,6.4,9.0652557319224,"#ffd300"
6.2,6.4,9.0652557319224,"#ffd300"
6.4,6.4,9.0652557319224,"#ffd300"
7,6.4,9.0652557319224,"#ffd300"
6.8,6.4,9.0652557319224,"#ffd300"
6.6,6.4,9.0652557319224,"#ffd300"
6,6.4,0.246913580246914,"#f781bf"
6.2,6.2,0.246913580246914,"#f781bf"
6.4,6.2,0.246913580246914,"#f781bf"
7,4.6,0.246913580246914,"#ffd300"
6.8,4.8,0.246913580246914,"#ffd300"
6.6,4.8,0.246913580246914,"#ffd300"
6,6.4,2.36331569664903,"#AAAAAA"
6.2,5.8,2.36331569664903,"#AAAAAA"
6.4,5.8,2.36331569664903,"#AAAAAA"
7,1,2.36331569664903,"#ffd300"
6.8,1.6,2.36331569664903,"#ffd300"
6.6,1.6,2.36331569664903,"#ffd300"
6,6.4,25.9611992945326,"#4daf4a"
6.2,6.3,25.9611992945326,"#4daf4a"
6.4,6.3,25.9611992945326,"#4daf4a"
7,5.5,25.9611992945326,"#ffd300"
6.8,5.6,25.9611992945326,"#ffd300"
6.6,5.6,25.9611992945326,"#ffd300"
6,6.4,0.211640211640212,"#377eb8"
6.2,6,0.211640211640212,"#377eb8"
6.4,6,0.211640211640212,"#377eb8"
7,2.8,0.211640211640212,"#ffd300"
6.8,3.2,0.211640211640212,"#ffd300"
6.6,3.2,0.211640211640212,"#ffd300"
6,4.6,0.141093474426808,"#ffd300"
6.2,4.8,0.141093474426808,"#ffd300"
6.4,4.8,0.141093474426808,"#ffd300"
7,6.4,0.141093474426808,"#f781bf"
6.8,6.2,0.141093474426808,"#f781bf"
6.6,6.2,0.141093474426808,"#f781bf"
6,4.6,0.493827160493827,"#f781bf"
6.2,4.6,0.493827160493827,"#f781bf"
6.4,4.6,0.493827160493827,"#f781bf"
7,4.6,0.493827160493827,"#f781bf"
6.8,4.6,0.493827160493827,"#f781bf"
6.6,4.6,0.493827160493827,"#f781bf"
6,4.6,0.17636684303351,"#4daf4a"
6.2,4.7,0.17636684303351,"#4daf4a"
6.4,4.7,0.17636684303351,"#4daf4a"
7,5.5,0.17636684303351,"#f781bf"
6.8,5.4,0.17636684303351,"#f781bf"
6.6,5.4,0.17636684303351,"#f781bf"
6,1,2.04585537918871,"#ffd300"
6.2,1.6,2.04585537918871,"#ffd300"
6.4,1.6,2.04585537918871,"#ffd300"
7,6.4,2.04585537918871,"#AAAAAA"
6.8,5.8,2.04585537918871,"#AAAAAA"
6.6,5.8,2.04585537918871,"#AAAAAA"
6,1,0.776014109347443,"#f781bf"
6.2,1.4,0.776014109347443,"#f781bf"
6.4,1.4,0.776014109347443,"#f781bf"
7,4.6,0.776014109347443,"#AAAAAA"
6.8,4.2,0.776014109347443,"#AAAAAA"
6.6,4.2,0.776014109347443,"#AAAAAA"
6,1,32.5220458553792,"#AAAAAA"
6.2,1,32.5220458553792,"#AAAAAA"
6.4,1,32.5220458553792,"#AAAAAA"
7,1,32.5220458553792,"#AAAAAA"
6.8,1,32.5220458553792,"#AAAAAA"
6.6,1,32.5220458553792,"#AAAAAA"
6,1,2.53968253968254,"#4daf4a"
6.2,1.5,2.53968253968254,"#4daf4a"
6.4,1.5,2.53968253968254,"#4daf4a"
7,5.5,2.53968253968254,"#AAAAAA"
6.8,5,2.53968253968254,"#AAAAAA"
6.6,5,2.53968253968254,"#AAAAAA"
6,5.5,19.3650793650794,"#ffd300"
6.2,5.6,19.3650793650794,"#ffd300"
6.4,5.6,19.3650793650794,"#ffd300"
7,6.4,19.3650793650794,"#4daf4a"
6.8,6.3,19.3650793650794,"#4daf4a"
6.6,6.3,19.3650793650794,"#4daf4a"
6,5.5,0.0352733686067019,"#f781bf"
6.2,5.4,0.0352733686067019,"#f781bf"
6.4,5.4,0.0352733686067019,"#f781bf"
7,4.6,0.0352733686067019,"#4daf4a"
6.8,4.7,0.0352733686067019,"#4daf4a"
6.6,4.7,0.0352733686067019,"#4daf4a"
6,5.5,0.246913580246914,"#AAAAAA"
6.2,5,0.246913580246914,"#AAAAAA"
6.4,5,0.246913580246914,"#AAAAAA"
7,1,0.246913580246914,"#4daf4a"
6.8,1.5,0.246913580246914,"#4daf4a"
6.6,1.5,0.246913580246914,"#4daf4a"
6,5.5,3.80952380952381,"#4daf4a"
6.2,5.5,3.80952380952381,"#4daf4a"
6.4,5.5,3.80952380952381,"#4daf4a"
7,5.5,3.80952380952381,"#4daf4a"
6.8,5.5,3.80952380952381,"#4daf4a"
6.6,5.5,3.80952380952381,"#4daf4a"
7,6.4,3.77425044091711,"#ffd300"
7.2,6.4,3.77425044091711,"#ffd300"
7.4,6.4,3.77425044091711,"#ffd300"
8,6.4,3.77425044091711,"#ffd300"
7.8,6.4,3.77425044091711,"#ffd300"
7.6,6.4,3.77425044091711,"#ffd300"
7,6.4,1.02292768959436,"#f781bf"
7.2,6.2,1.02292768959436,"#f781bf"
7.4,6.2,1.02292768959436,"#f781bf"
8,4.6,1.02292768959436,"#ffd300"
7.8,4.8,1.02292768959436,"#ffd300"
7.6,4.8,1.02292768959436,"#ffd300"
7,6.4,0.493827160493827,"#AAAAAA"
7.2,5.8,0.493827160493827,"#AAAAAA"
7.4,5.8,0.493827160493827,"#AAAAAA"
8,1,0.493827160493827,"#ffd300"
7.8,1.6,0.493827160493827,"#ffd300"
7.6,1.6,0.493827160493827,"#ffd300"
7,6.4,25.326278659612,"#4daf4a"
7.2,6.3,25.326278659612,"#4daf4a"
7.4,6.3,25.326278659612,"#4daf4a"
8,5.5,25.326278659612,"#ffd300"
7.8,5.6,25.326278659612,"#ffd300"
7.6,5.6,25.326278659612,"#ffd300"
7,4.6,1.16402116402116,"#f781bf"
7.2,4.6,1.16402116402116,"#f781bf"
7.4,4.6,1.16402116402116,"#f781bf"
8,4.6,1.16402116402116,"#f781bf"
7.8,4.6,1.16402116402116,"#f781bf"
7.6,4.6,1.16402116402116,"#f781bf"
7,4.6,0.17636684303351,"#AAAAAA"
7.2,4.2,0.17636684303351,"#AAAAAA"
7.4,4.2,0.17636684303351,"#AAAAAA"
8,1,0.17636684303351,"#f781bf"
7.8,1.4,0.17636684303351,"#f781bf"
7.6,1.4,0.17636684303351,"#f781bf"
7,4.6,0.17636684303351,"#4daf4a"
7.2,4.7,0.17636684303351,"#4daf4a"
7.4,4.7,0.17636684303351,"#4daf4a"
8,5.5,0.17636684303351,"#f781bf"
7.8,5.4,0.17636684303351,"#f781bf"
7.6,5.4,0.17636684303351,"#f781bf"
7,1,2.36331569664903,"#ffd300"
7.2,1.6,2.36331569664903,"#ffd300"
7.4,1.6,2.36331569664903,"#ffd300"
8,6.4,2.36331569664903,"#AAAAAA"
7.8,5.8,2.36331569664903,"#AAAAAA"
7.6,5.8,2.36331569664903,"#AAAAAA"
7,1,1.41093474426808,"#f781bf"
7.2,1.4,1.41093474426808,"#f781bf"
7.4,1.4,1.41093474426808,"#f781bf"
8,4.6,1.41093474426808,"#AAAAAA"
7.8,4.2,1.41093474426808,"#AAAAAA"
7.6,4.2,1.41093474426808,"#AAAAAA"
7,1,30.4761904761905,"#AAAAAA"
7.2,1,30.4761904761905,"#AAAAAA"
7.4,1,30.4761904761905,"#AAAAAA"
8,1,30.4761904761905,"#AAAAAA"
7.8,1,30.4761904761905,"#AAAAAA"
7.6,1,30.4761904761905,"#AAAAAA"
7,1,0.917107583774251,"#4daf4a"
7.2,1.5,0.917107583774251,"#4daf4a"
7.4,1.5,0.917107583774251,"#4daf4a"
8,5.5,0.917107583774251,"#AAAAAA"
7.8,5,0.917107583774251,"#AAAAAA"
7.6,5,0.917107583774251,"#AAAAAA"
7,5.5,29.0652557319224,"#ffd300"
7.2,5.6,29.0652557319224,"#ffd300"
7.4,5.6,29.0652557319224,"#ffd300"
8,6.4,29.0652557319224,"#4daf4a"
7.8,6.3,29.0652557319224,"#4daf4a"
7.6,6.3,29.0652557319224,"#4daf4a"
7,5.5,1.19929453262787,"#f781bf"
7.2,5.4,1.19929453262787,"#f781bf"
7.4,5.4,1.19929453262787,"#f781bf"
8,4.6,1.19929453262787,"#4daf4a"
7.8,4.7,1.19929453262787,"#4daf4a"
7.6,4.7,1.19929453262787,"#4daf4a"
7,5.5,0.17636684303351,"#AAAAAA"
7.2,5,0.17636684303351,"#AAAAAA"
7.4,5,0.17636684303351,"#AAAAAA"
8,1,0.17636684303351,"#4daf4a"
7.8,1.5,0.17636684303351,"#4daf4a"
7.6,1.5,0.17636684303351,"#4daf4a"
7,5.5,2.04585537918871,"#4daf4a"
7.2,5.5,2.04585537918871,"#4daf4a"
7.4,5.5,2.04585537918871,"#4daf4a"
8,5.5,2.04585537918871,"#4daf4a"
7.8,5.5,2.04585537918871,"#4daf4a"
7.6,5.5,2.04585537918871,"#4daf4a"
7,2.8,0.17636684303351,"#f781bf"
7.2,3,0.17636684303351,"#f781bf"
7.4,3,0.17636684303351,"#f781bf"
8,4.6,0.17636684303351,"#377eb8"
7.8,4.4,0.17636684303351,"#377eb8"
7.6,4.4,0.17636684303351,"#377eb8"
7,2.8,0.0352733686067019,"#4daf4a"
7.2,3.1,0.0352733686067019,"#4daf4a"
7.4,3.1,0.0352733686067019,"#4daf4a"
8,5.5,0.0352733686067019,"#377eb8"
7.8,5.2,0.0352733686067019,"#377eb8"
7.6,5.2,0.0352733686067019,"#377eb8"
8,6.4,6.20811287477954,"#ffd300"
8.2,6.4,6.20811287477954,"#ffd300"
8.4,6.4,6.20811287477954,"#ffd300"
9,6.4,6.20811287477954,"#ffd300"
8.8,6.4,6.20811287477954,"#ffd300"
8.6,6.4,6.20811287477954,"#ffd300"
8,6.4,0.141093474426808,"#f781bf"
8.2,6.2,0.141093474426808,"#f781bf"
8.4,6.2,0.141093474426808,"#f781bf"
9,4.6,0.141093474426808,"#ffd300"
8.8,4.8,0.141093474426808,"#ffd300"
8.6,4.8,0.141093474426808,"#ffd300"
8,6.4,1.02292768959436,"#AAAAAA"
8.2,5.8,1.02292768959436,"#AAAAAA"
8.4,5.8,1.02292768959436,"#AAAAAA"
9,1,1.02292768959436,"#ffd300"
8.8,1.6,1.02292768959436,"#ffd300"
8.6,1.6,1.02292768959436,"#ffd300"
8,6.4,27.7248677248677,"#4daf4a"
8.2,6.3,27.7248677248677,"#4daf4a"
8.4,6.3,27.7248677248677,"#4daf4a"
9,5.5,27.7248677248677,"#ffd300"
8.8,5.6,27.7248677248677,"#ffd300"
8.6,5.6,27.7248677248677,"#ffd300"
8,6.4,0.105820105820106,"#377eb8"
8.2,6,0.105820105820106,"#377eb8"
8.4,6,0.105820105820106,"#377eb8"
9,2.8,0.105820105820106,"#ffd300"
8.8,3.2,0.105820105820106,"#ffd300"
8.6,3.2,0.105820105820106,"#ffd300"
8,4.6,0.105820105820106,"#ffd300"
8.2,4.8,0.105820105820106,"#ffd300"
8.4,4.8,0.105820105820106,"#ffd300"
9,6.4,0.105820105820106,"#f781bf"
8.8,6.2,0.105820105820106,"#f781bf"
8.6,6.2,0.105820105820106,"#f781bf"
8,4.6,4.72663139329806,"#f781bf"
8.2,4.6,4.72663139329806,"#f781bf"
8.4,4.6,4.72663139329806,"#f781bf"
9,4.6,4.72663139329806,"#f781bf"
8.8,4.6,4.72663139329806,"#f781bf"
8.6,4.6,4.72663139329806,"#f781bf"
8,4.6,0.0705467372134039,"#AAAAAA"
8.2,4.2,0.0705467372134039,"#AAAAAA"
8.4,4.2,0.0705467372134039,"#AAAAAA"
9,1,0.0705467372134039,"#f781bf"
8.8,1.4,0.0705467372134039,"#f781bf"
8.6,1.4,0.0705467372134039,"#f781bf"
8,4.6,0.0352733686067019,"#a65628"
8.2,4.5,0.0352733686067019,"#a65628"
8.4,4.5,0.0352733686067019,"#a65628"
9,3.7,0.0352733686067019,"#f781bf"
8.8,3.8,0.0352733686067019,"#f781bf"
8.6,3.8,0.0352733686067019,"#f781bf"
8,1,0.564373897707231,"#ffd300"
8.2,1.6,0.564373897707231,"#ffd300"
8.4,1.6,0.564373897707231,"#ffd300"
9,6.4,0.564373897707231,"#AAAAAA"
8.8,5.8,0.564373897707231,"#AAAAAA"
8.6,5.8,0.564373897707231,"#AAAAAA"
8,1,0.0705467372134039,"#f781bf"
8.2,1.4,0.0705467372134039,"#f781bf"
8.4,1.4,0.0705467372134039,"#f781bf"
9,4.6,0.0705467372134039,"#AAAAAA"
8.8,4.2,0.0705467372134039,"#AAAAAA"
8.6,4.2,0.0705467372134039,"#AAAAAA"
8,1,30.2292768959436,"#AAAAAA"
8.2,1,30.2292768959436,"#AAAAAA"
8.4,1,30.2292768959436,"#AAAAAA"
9,1,30.2292768959436,"#AAAAAA"
8.8,1,30.2292768959436,"#AAAAAA"
8.6,1,30.2292768959436,"#AAAAAA"
8,1,0.493827160493827,"#4daf4a"
8.2,1.5,0.493827160493827,"#4daf4a"
8.4,1.5,0.493827160493827,"#4daf4a"
9,5.5,0.493827160493827,"#AAAAAA"
8.8,5,0.493827160493827,"#AAAAAA"
8.6,5,0.493827160493827,"#AAAAAA"
8,5.5,26.2433862433862,"#ffd300"
8.2,5.6,26.2433862433862,"#ffd300"
8.4,5.6,26.2433862433862,"#ffd300"
9,6.4,26.2433862433862,"#4daf4a"
8.8,6.3,26.2433862433862,"#4daf4a"
8.6,6.3,26.2433862433862,"#4daf4a"
8,5.5,0.0352733686067019,"#e41a1c"
8.2,5.1,0.0352733686067019,"#e41a1c"
8.4,5.1,0.0352733686067019,"#e41a1c"
9,1.9,0.0352733686067019,"#4daf4a"
8.8,2.3,0.0352733686067019,"#4daf4a"
8.6,2.3,0.0352733686067019,"#4daf4a"
8,5.5,0.458553791887125,"#f781bf"
8.2,5.4,0.458553791887125,"#f781bf"
8.4,5.4,0.458553791887125,"#f781bf"
9,4.6,0.458553791887125,"#4daf4a"
8.8,4.7,0.458553791887125,"#4daf4a"
8.6,4.7,0.458553791887125,"#4daf4a"
8,5.5,0.388007054673721,"#AAAAAA"
8.2,5,0.388007054673721,"#AAAAAA"
8.4,5,0.388007054673721,"#AAAAAA"
9,1,0.388007054673721,"#4daf4a"
8.8,1.5,0.388007054673721,"#4daf4a"
8.6,1.5,0.388007054673721,"#4daf4a"
8,5.5,1.37566137566138,"#4daf4a"
8.2,5.5,1.37566137566138,"#4daf4a"
8.4,5.5,1.37566137566138,"#4daf4a"
9,5.5,1.37566137566138,"#4daf4a"
8.8,5.5,1.37566137566138,"#4daf4a"
8.6,5.5,1.37566137566138,"#4daf4a"
9,6.4,6.03174603174603,"#ffd300"
9.2,6.4,6.03174603174603,"#ffd300"
9.4,6.4,6.03174603174603,"#ffd300"
10,6.4,6.03174603174603,"#ffd300"
9.8,6.4,6.03174603174603,"#ffd300"
9.6,6.4,6.03174603174603,"#ffd300"
9,6.4,0.846560846560847,"#f781bf"
9.2,6.2,0.846560846560847,"#f781bf"
9.4,6.2,0.846560846560847,"#f781bf"
10,4.6,0.846560846560847,"#ffd300"
9.8,4.8,0.846560846560847,"#ffd300"
9.6,4.8,0.846560846560847,"#ffd300"
9,6.4,0.705467372134039,"#AAAAAA"
9.2,5.8,0.705467372134039,"#AAAAAA"
9.4,5.8,0.705467372134039,"#AAAAAA"
10,1,0.705467372134039,"#ffd300"
9.8,1.6,0.705467372134039,"#ffd300"
9.6,1.6,0.705467372134039,"#ffd300"
9,6.4,25.4320987654321,"#4daf4a"
9.2,6.3,25.4320987654321,"#4daf4a"
9.4,6.3,25.4320987654321,"#4daf4a"
10,5.5,25.4320987654321,"#ffd300"
9.8,5.6,25.4320987654321,"#ffd300"
9.6,5.6,25.4320987654321,"#ffd300"
9,6.4,0.105820105820106,"#377eb8"
9.2,6,0.105820105820106,"#377eb8"
9.4,6,0.105820105820106,"#377eb8"
10,2.8,0.105820105820106,"#ffd300"
9.8,3.2,0.105820105820106,"#ffd300"
9.6,3.2,0.105820105820106,"#ffd300"
9,1.9,0.0352733686067019,"#377eb8"
9.2,2,0.0352733686067019,"#377eb8"
9.4,2,0.0352733686067019,"#377eb8"
10,2.8,0.0352733686067019,"#e41a1c"
9.8,2.7,0.0352733686067019,"#e41a1c"
9.6,2.7,0.0352733686067019,"#e41a1c"
9,4.6,0.529100529100529,"#ffd300"
9.2,4.8,0.529100529100529,"#ffd300"
9.4,4.8,0.529100529100529,"#ffd300"
10,6.4,0.529100529100529,"#f781bf"
9.8,6.2,0.529100529100529,"#f781bf"
9.6,6.2,0.529100529100529,"#f781bf"
9,4.6,4.58553791887125,"#f781bf"
9.2,4.6,4.58553791887125,"#f781bf"
9.4,4.6,4.58553791887125,"#f781bf"
10,4.6,4.58553791887125,"#f781bf"
9.8,4.6,4.58553791887125,"#f781bf"
9.6,4.6,4.58553791887125,"#f781bf"
9,4.6,0.141093474426808,"#AAAAAA"
9.2,4.2,0.141093474426808,"#AAAAAA"
9.4,4.2,0.141093474426808,"#AAAAAA"
10,1,0.141093474426808,"#f781bf"
9.8,1.4,0.141093474426808,"#f781bf"
9.6,1.4,0.141093474426808,"#f781bf"
9,4.6,0.282186948853616,"#4daf4a"
9.2,4.7,0.282186948853616,"#4daf4a"
9.4,4.7,0.282186948853616,"#4daf4a"
10,5.5,0.282186948853616,"#f781bf"
9.8,5.4,0.282186948853616,"#f781bf"
9.6,5.4,0.282186948853616,"#f781bf"
9,1,0.881834215167548,"#ffd300"
9.2,1.6,0.881834215167548,"#ffd300"
9.4,1.6,0.881834215167548,"#ffd300"
10,6.4,0.881834215167548,"#AAAAAA"
9.8,5.8,0.881834215167548,"#AAAAAA"
9.6,5.8,0.881834215167548,"#AAAAAA"
9,1,0.17636684303351,"#f781bf"
9.2,1.4,0.17636684303351,"#f781bf"
9.4,1.4,0.17636684303351,"#f781bf"
10,4.6,0.17636684303351,"#AAAAAA"
9.8,4.2,0.17636684303351,"#AAAAAA"
9.6,4.2,0.17636684303351,"#AAAAAA"
9,1,30.0176366843034,"#AAAAAA"
9.2,1,30.0176366843034,"#AAAAAA"
9.4,1,30.0176366843034,"#AAAAAA"
10,1,30.0176366843034,"#AAAAAA"
9.8,1,30.0176366843034,"#AAAAAA"
9.6,1,30.0176366843034,"#AAAAAA"
9,1,0.493827160493827,"#4daf4a"
9.2,1.5,0.493827160493827,"#4daf4a"
9.4,1.5,0.493827160493827,"#4daf4a"
10,5.5,0.493827160493827,"#AAAAAA"
9.8,5,0.493827160493827,"#AAAAAA"
9.6,5,0.493827160493827,"#AAAAAA"
9,5.5,26.2786596119929,"#ffd300"
9.2,5.6,26.2786596119929,"#ffd300"
9.4,5.6,26.2786596119929,"#ffd300"
10,6.4,26.2786596119929,"#4daf4a"
9.8,6.3,26.2786596119929,"#4daf4a"
9.6,6.3,26.2786596119929,"#4daf4a"
9,5.5,0.105820105820106,"#f781bf"
9.2,5.4,0.105820105820106,"#f781bf"
9.4,5.4,0.105820105820106,"#f781bf"
10,4.6,0.105820105820106,"#4daf4a"
9.8,4.7,0.105820105820106,"#4daf4a"
9.6,4.7,0.105820105820106,"#4daf4a"
9,5.5,0.599647266313933,"#AAAAAA"
9.2,5,0.599647266313933,"#AAAAAA"
9.4,5,0.599647266313933,"#AAAAAA"
10,1,0.599647266313933,"#4daf4a"
9.8,1.5,0.599647266313933,"#4daf4a"
9.6,1.5,0.599647266313933,"#4daf4a"
9,5.5,2.61022927689594,"#4daf4a"
9.2,5.5,2.61022927689594,"#4daf4a"
9.4,5.5,2.61022927689594,"#4daf4a"
10,5.5,2.61022927689594,"#4daf4a"
9.8,5.5,2.61022927689594,"#4daf4a"
9.6,5.5,2.61022927689594,"#4daf4a"
9,3.7,0.0352733686067019,"#4daf4a"
9.2,3.9,0.0352733686067019,"#4daf4a"
9.4,3.9,0.0352733686067019,"#4daf4a"
10,5.5,0.0352733686067019,"#a65628"
9.8,5.3,0.0352733686067019,"#a65628"
9.6,5.3,0.0352733686067019,"#a65628"
9,2.8,0.105820105820106,"#f781bf"
9.2,3,0.105820105820106,"#f781bf"
9.4,3,0.105820105820106,"#f781bf"
10,4.6,0.105820105820106,"#377eb8"
9.8,4.4,0.105820105820106,"#377eb8"
9.6,4.4,0.105820105820106,"#377eb8"
10,6.4,4.72663139329806,"#ffd300"
10.2,6.4,4.72663139329806,"#ffd300"
10.4,6.4,4.72663139329806,"#ffd300"
11,6.4,4.72663139329806,"#ffd300"
10.8,6.4,4.72663139329806,"#ffd300"
10.6,6.4,4.72663139329806,"#ffd300"
10,6.4,0.0352733686067019,"#e41a1c"
10.2,5.9,0.0352733686067019,"#e41a1c"
10.4,5.9,0.0352733686067019,"#e41a1c"
11,1.9,0.0352733686067019,"#ffd300"
10.8,2.4,0.0352733686067019,"#ffd300"
10.6,2.4,0.0352733686067019,"#ffd300"
10,6.4,0.493827160493827,"#f781bf"
10.2,6.2,0.493827160493827,"#f781bf"
10.4,6.2,0.493827160493827,"#f781bf"
11,4.6,0.493827160493827,"#ffd300"
10.8,4.8,0.493827160493827,"#ffd300"
10.6,4.8,0.493827160493827,"#ffd300"
10,6.4,0.634920634920635,"#AAAAAA"
10.2,5.8,0.634920634920635,"#AAAAAA"
10.4,5.8,0.634920634920635,"#AAAAAA"
11,1,0.634920634920635,"#ffd300"
10.8,1.6,0.634920634920635,"#ffd300"
10.6,1.6,0.634920634920635,"#ffd300"
10,6.4,27.8306878306878,"#4daf4a"
10.2,6.3,27.8306878306878,"#4daf4a"
10.4,6.3,27.8306878306878,"#4daf4a"
11,5.5,27.8306878306878,"#ffd300"
10.8,5.6,27.8306878306878,"#ffd300"
10.6,5.6,27.8306878306878,"#ffd300"
10,4.6,1.41093474426808,"#ffd300"
10.2,4.8,1.41093474426808,"#ffd300"
10.4,4.8,1.41093474426808,"#ffd300"
11,6.4,1.41093474426808,"#f781bf"
10.8,6.2,1.41093474426808,"#f781bf"
10.6,6.2,1.41093474426808,"#f781bf"
10,4.6,3.91534391534392,"#f781bf"
10.2,4.6,3.91534391534392,"#f781bf"
10.4,4.6,3.91534391534392,"#f781bf"
11,4.6,3.91534391534392,"#f781bf"
10.8,4.6,3.91534391534392,"#f781bf"
10.6,4.6,3.91534391534392,"#f781bf"
10,4.6,0.282186948853616,"#AAAAAA"
10.2,4.2,0.282186948853616,"#AAAAAA"
10.4,4.2,0.282186948853616,"#AAAAAA"
11,1,0.282186948853616,"#f781bf"
10.8,1.4,0.282186948853616,"#f781bf"
10.6,1.4,0.282186948853616,"#f781bf"
10,4.6,0.352733686067019,"#4daf4a"
10.2,4.7,0.352733686067019,"#4daf4a"
10.4,4.7,0.352733686067019,"#4daf4a"
11,5.5,0.352733686067019,"#f781bf"
10.8,5.4,0.352733686067019,"#f781bf"
10.6,5.4,0.352733686067019,"#f781bf"
10,1,0.17636684303351,"#ffd300"
10.2,1.6,0.17636684303351,"#ffd300"
10.4,1.6,0.17636684303351,"#ffd300"
11,6.4,0.17636684303351,"#AAAAAA"
10.8,5.8,0.17636684303351,"#AAAAAA"
10.6,5.8,0.17636684303351,"#AAAAAA"
10,1,0.211640211640212,"#f781bf"
10.2,1.4,0.211640211640212,"#f781bf"
10.4,1.4,0.211640211640212,"#f781bf"
11,4.6,0.211640211640212,"#AAAAAA"
10.8,4.2,0.211640211640212,"#AAAAAA"
10.6,4.2,0.211640211640212,"#AAAAAA"
10,1,30.7231040564374,"#AAAAAA"
10.2,1,30.7231040564374,"#AAAAAA"
10.4,1,30.7231040564374,"#AAAAAA"
11,1,30.7231040564374,"#AAAAAA"
10.8,1,30.7231040564374,"#AAAAAA"
10.6,1,30.7231040564374,"#AAAAAA"
10,1,0.211640211640212,"#4daf4a"
10.2,1.5,0.211640211640212,"#4daf4a"
10.4,1.5,0.211640211640212,"#4daf4a"
11,5.5,0.211640211640212,"#AAAAAA"
10.8,5,0.211640211640212,"#AAAAAA"
10.6,5,0.211640211640212,"#AAAAAA"
10,5.5,24.7971781305115,"#ffd300"
10.2,5.6,24.7971781305115,"#ffd300"
10.4,5.6,24.7971781305115,"#ffd300"
11,6.4,24.7971781305115,"#4daf4a"
10.8,6.3,24.7971781305115,"#4daf4a"
10.6,6.3,24.7971781305115,"#4daf4a"
10,5.5,0.317460317460317,"#f781bf"
10.2,5.4,0.317460317460317,"#f781bf"
10.4,5.4,0.317460317460317,"#f781bf"
11,4.6,0.317460317460317,"#4daf4a"
10.8,4.7,0.317460317460317,"#4daf4a"
10.6,4.7,0.317460317460317,"#4daf4a"
10,5.5,0.141093474426808,"#AAAAAA"
10.2,5,0.141093474426808,"#AAAAAA"
10.4,5,0.141093474426808,"#AAAAAA"
11,1,0.141093474426808,"#4daf4a"
10.8,1.5,0.141093474426808,"#4daf4a"
10.6,1.5,0.141093474426808,"#4daf4a"
10,5.5,3.49206349206349,"#4daf4a"
10.2,5.5,3.49206349206349,"#4daf4a"
10.4,5.5,3.49206349206349,"#4daf4a"
11,5.5,3.49206349206349,"#4daf4a"
10.8,5.5,3.49206349206349,"#4daf4a"
10.6,5.5,3.49206349206349,"#4daf4a"
10,5.5,0.0352733686067019,"#a65628"
10.2,5.3,0.0352733686067019,"#a65628"
10.4,5.3,0.0352733686067019,"#a65628"
11,3.7,0.0352733686067019,"#4daf4a"
10.8,3.9,0.0352733686067019,"#4daf4a"
10.6,3.9,0.0352733686067019,"#4daf4a"
10,5.5,0.0705467372134039,"#377eb8"
10.2,5.2,0.0705467372134039,"#377eb8"
10.4,5.2,0.0705467372134039,"#377eb8"
11,2.8,0.0705467372134039,"#4daf4a"
10.8,3.1,0.0705467372134039,"#4daf4a"
10.6,3.1,0.0705467372134039,"#4daf4a"
10,2.8,0.0705467372134039,"#f781bf"
10.2,3,0.0705467372134039,"#f781bf"
10.4,3,0.0705467372134039,"#f781bf"
11,4.6,0.0705467372134039,"#377eb8"
10.8,4.4,0.0705467372134039,"#377eb8"
10.6,4.4,0.0705467372134039,"#377eb8"
10,2.8,0.0705467372134039,"#AAAAAA"
10.2,2.6,0.0705467372134039,"#AAAAAA"
10.4,2.6,0.0705467372134039,"#AAAAAA"
11,1,0.0705467372134039,"#377eb8"
10.8,1.2,0.0705467372134039,"#377eb8"
10.6,1.2,0.0705467372134039,"#377eb8"
11,6.4,2.68077601410935,"#ffd300"
11.2,6.4,2.68077601410935,"#ffd300"
11.4,6.4,2.68077601410935,"#ffd300"
12,6.4,2.68077601410935,"#ffd300"
11.8,6.4,2.68077601410935,"#ffd300"
11.6,6.4,2.68077601410935,"#ffd300"
11,6.4,0.458553791887125,"#f781bf"
11.2,6.2,0.458553791887125,"#f781bf"
11.4,6.2,0.458553791887125,"#f781bf"
12,4.6,0.458553791887125,"#ffd300"
11.8,4.8,0.458553791887125,"#ffd300"
11.6,4.8,0.458553791887125,"#ffd300"
11,6.4,6.87830687830688,"#AAAAAA"
11.2,5.8,6.87830687830688,"#AAAAAA"
11.4,5.8,6.87830687830688,"#AAAAAA"
12,1,6.87830687830688,"#ffd300"
11.8,1.6,6.87830687830688,"#ffd300"
11.6,1.6,6.87830687830688,"#ffd300"
11,6.4,21.0934744268078,"#4daf4a"
11.2,6.3,21.0934744268078,"#4daf4a"
11.4,6.3,21.0934744268078,"#4daf4a"
12,5.5,21.0934744268078,"#ffd300"
11.8,5.6,21.0934744268078,"#ffd300"
11.6,5.6,21.0934744268078,"#ffd300"
11,1.9,0.0352733686067019,"#ffd300"
11.2,2.4,0.0352733686067019,"#ffd300"
11.4,2.4,0.0352733686067019,"#ffd300"
12,6.4,0.0352733686067019,"#e41a1c"
11.8,5.9,0.0352733686067019,"#e41a1c"
11.6,5.9,0.0352733686067019,"#e41a1c"
11,4.6,4.47971781305115,"#f781bf"
11.2,4.6,4.47971781305115,"#f781bf"
11.4,4.6,4.47971781305115,"#f781bf"
12,4.6,4.47971781305115,"#f781bf"
11.8,4.6,4.47971781305115,"#f781bf"
11.6,4.6,4.47971781305115,"#f781bf"
11,4.6,0.529100529100529,"#AAAAAA"
11.2,4.2,0.529100529100529,"#AAAAAA"
11.4,4.2,0.529100529100529,"#AAAAAA"
12,1,0.529100529100529,"#f781bf"
11.8,1.4,0.529100529100529,"#f781bf"
11.6,1.4,0.529100529100529,"#f781bf"
11,4.6,0.141093474426808,"#4daf4a"
11.2,4.7,0.141093474426808,"#4daf4a"
11.4,4.7,0.141093474426808,"#4daf4a"
12,5.5,0.141093474426808,"#f781bf"
11.8,5.4,0.141093474426808,"#f781bf"
11.6,5.4,0.141093474426808,"#f781bf"
11,1,2.08112874779541,"#ffd300"
11.2,1.6,2.08112874779541,"#ffd300"
11.4,1.6,2.08112874779541,"#ffd300"
12,6.4,2.08112874779541,"#AAAAAA"
11.8,5.8,2.08112874779541,"#AAAAAA"
11.6,5.8,2.08112874779541,"#AAAAAA"
11,1,0.246913580246914,"#f781bf"
11.2,1.4,0.246913580246914,"#f781bf"
11.4,1.4,0.246913580246914,"#f781bf"
12,4.6,0.246913580246914,"#AAAAAA"
11.8,4.2,0.246913580246914,"#AAAAAA"
11.6,4.2,0.246913580246914,"#AAAAAA"
11,1,28.7830687830688,"#AAAAAA"
11.2,1,28.7830687830688,"#AAAAAA"
11.4,1,28.7830687830688,"#AAAAAA"
12,1,28.7830687830688,"#AAAAAA"
11.8,1,28.7830687830688,"#AAAAAA"
11.6,1,28.7830687830688,"#AAAAAA"
11,1,0.599647266313933,"#4daf4a"
11.2,1.5,0.599647266313933,"#4daf4a"
11.4,1.5,0.599647266313933,"#4daf4a"
12,5.5,0.599647266313933,"#AAAAAA"
11.8,5,0.599647266313933,"#AAAAAA"
11.6,5,0.599647266313933,"#AAAAAA"
11,5.5,27.5837742504409,"#ffd300"
11.2,5.6,27.5837742504409,"#ffd300"
11.4,5.6,27.5837742504409,"#ffd300"
12,6.4,27.5837742504409,"#4daf4a"
11.8,6.3,27.5837742504409,"#4daf4a"
11.6,6.3,27.5837742504409,"#4daf4a"
11,5.5,0.423280423280423,"#f781bf"
11.2,5.4,0.423280423280423,"#f781bf"
11.4,5.4,0.423280423280423,"#f781bf"
12,4.6,0.423280423280423,"#4daf4a"
11.8,4.7,0.423280423280423,"#4daf4a"
11.6,4.7,0.423280423280423,"#4daf4a"
11,5.5,2.75132275132275,"#AAAAAA"
11.2,5,2.75132275132275,"#AAAAAA"
11.4,5,2.75132275132275,"#AAAAAA"
12,1,2.75132275132275,"#4daf4a"
11.8,1.5,2.75132275132275,"#4daf4a"
11.6,1.5,2.75132275132275,"#4daf4a"
11,5.5,1.09347442680776,"#4daf4a"
11.2,5.5,1.09347442680776,"#4daf4a"
11.4,5.5,1.09347442680776,"#4daf4a"
12,5.5,1.09347442680776,"#4daf4a"
11.8,5.5,1.09347442680776,"#4daf4a"
11.6,5.5,1.09347442680776,"#4daf4a"
11,5.5,0.0352733686067019,"#a65628"
11.2,5.3,0.0352733686067019,"#a65628"
11.4,5.3,0.0352733686067019,"#a65628"
12,3.7,0.0352733686067019,"#4daf4a"
11.8,3.9,0.0352733686067019,"#4daf4a"
11.6,3.9,0.0352733686067019,"#4daf4a"
11,3.7,0.0352733686067019,"#4daf4a"
11.2,3.9,0.0352733686067019,"#4daf4a"
11.4,3.9,0.0352733686067019,"#4daf4a"
12,5.5,0.0352733686067019,"#a65628"
11.8,5.3,0.0352733686067019,"#a65628"
11.6,5.3,0.0352733686067019,"#a65628"
11,2.8,0.0352733686067019,"#ffd300"
11.2,3.2,0.0352733686067019,"#ffd300"
11.4,3.2,0.0352733686067019,"#ffd300"
12,6.4,0.0352733686067019,"#377eb8"
11.8,6,0.0352733686067019,"#377eb8"
11.6,6,0.0352733686067019,"#377eb8"
11,2.8,0.0352733686067019,"#4daf4a"
11.2,3.1,0.0352733686067019,"#4daf4a"
11.4,3.1,0.0352733686067019,"#4daf4a"
12,5.5,0.0352733686067019,"#377eb8"
11.8,5.2,0.0352733686067019,"#377eb8"
11.6,5.2,0.0352733686067019,"#377eb8"
12,6.4,2.22222222222222,"#ffd300"
12.2,6.4,2.22222222222222,"#ffd300"
12.4,6.4,2.22222222222222,"#ffd300"
13,6.4,2.22222222222222,"#ffd300"
12.8,6.4,2.22222222222222,"#ffd300"
12.6,6.4,2.22222222222222,"#ffd300"
12,6.4,0.0705467372134039,"#f781bf"
12.2,6.2,0.0705467372134039,"#f781bf"
12.4,6.2,0.0705467372134039,"#f781bf"
13,4.6,0.0705467372134039,"#ffd300"
12.8,4.8,0.0705467372134039,"#ffd300"
12.6,4.8,0.0705467372134039,"#ffd300"
12,6.4,0.388007054673721,"#AAAAAA"
12.2,5.8,0.388007054673721,"#AAAAAA"
12.4,5.8,0.388007054673721,"#AAAAAA"
13,1,0.388007054673721,"#ffd300"
12.8,1.6,0.388007054673721,"#ffd300"
12.6,1.6,0.388007054673721,"#ffd300"
12,6.4,29.7354497354497,"#4daf4a"
12.2,6.3,29.7354497354497,"#4daf4a"
12.4,6.3,29.7354497354497,"#4daf4a"
13,5.5,29.7354497354497,"#ffd300"
12.8,5.6,29.7354497354497,"#ffd300"
12.6,5.6,29.7354497354497,"#ffd300"
12,4.6,3.52733686067019,"#ffd300"
12.2,4.8,3.52733686067019,"#ffd300"
12.4,4.8,3.52733686067019,"#ffd300"
13,6.4,3.52733686067019,"#f781bf"
12.8,6.2,3.52733686067019,"#f781bf"
12.6,6.2,3.52733686067019,"#f781bf"
12,4.6,1.65784832451499,"#f781bf"
12.2,4.6,1.65784832451499,"#f781bf"
12.4,4.6,1.65784832451499,"#f781bf"
13,4.6,1.65784832451499,"#f781bf"
12.8,4.6,1.65784832451499,"#f781bf"
12.6,4.6,1.65784832451499,"#f781bf"
12,4.6,0.282186948853616,"#AAAAAA"
12.2,4.2,0.282186948853616,"#AAAAAA"
12.4,4.2,0.282186948853616,"#AAAAAA"
13,1,0.282186948853616,"#f781bf"
12.8,1.4,0.282186948853616,"#f781bf"
12.6,1.4,0.282186948853616,"#f781bf"
12,4.6,0.141093474426808,"#4daf4a"
12.2,4.7,0.141093474426808,"#4daf4a"
12.4,4.7,0.141093474426808,"#4daf4a"
13,5.5,0.141093474426808,"#f781bf"
12.8,5.4,0.141093474426808,"#f781bf"
12.6,5.4,0.141093474426808,"#f781bf"
12,1,5.00881834215168,"#ffd300"
12.2,1.6,5.00881834215168,"#ffd300"
12.4,1.6,5.00881834215168,"#ffd300"
13,6.4,5.00881834215168,"#AAAAAA"
12.8,5.8,5.00881834215168,"#AAAAAA"
12.6,5.8,5.00881834215168,"#AAAAAA"
12,1,0.141093474426808,"#f781bf"
12.2,1.4,0.141093474426808,"#f781bf"
12.4,1.4,0.141093474426808,"#f781bf"
13,4.6,0.141093474426808,"#AAAAAA"
12.8,4.2,0.141093474426808,"#AAAAAA"
12.6,4.2,0.141093474426808,"#AAAAAA"
12,1,28.9594356261023,"#AAAAAA"
12.2,1,28.9594356261023,"#AAAAAA"
12.4,1,28.9594356261023,"#AAAAAA"
13,1,28.9594356261023,"#AAAAAA"
12.8,1,28.9594356261023,"#AAAAAA"
12.6,1,28.9594356261023,"#AAAAAA"
12,1,4.83245149911817,"#4daf4a"
12.2,1.5,4.83245149911817,"#4daf4a"
12.4,1.5,4.83245149911817,"#4daf4a"
13,5.5,4.83245149911817,"#AAAAAA"
12.8,5,4.83245149911817,"#AAAAAA"
12.6,5,4.83245149911817,"#AAAAAA"
12,5.5,21.1992945326279,"#ffd300"
12.2,5.6,21.1992945326279,"#ffd300"
12.4,5.6,21.1992945326279,"#ffd300"
13,6.4,21.1992945326279,"#4daf4a"
12.8,6.3,21.1992945326279,"#4daf4a"
12.6,6.3,21.1992945326279,"#4daf4a"
12,5.5,0.105820105820106,"#f781bf"
12.2,5.4,0.105820105820106,"#f781bf"
12.4,5.4,0.105820105820106,"#f781bf"
13,4.6,0.105820105820106,"#4daf4a"
12.8,4.7,0.105820105820106,"#4daf4a"
12.6,4.7,0.105820105820106,"#4daf4a"
12,5.5,1.69312169312169,"#4daf4a"
12.2,5.5,1.69312169312169,"#4daf4a"
12.4,5.5,1.69312169312169,"#4daf4a"
13,5.5,1.69312169312169,"#4daf4a"
12.8,5.5,1.69312169312169,"#4daf4a"
12.6,5.5,1.69312169312169,"#4daf4a"
12,3.7,0.0352733686067019,"#ffd300"
12.2,4,0.0352733686067019,"#ffd300"
12.4,4,0.0352733686067019,"#ffd300"
13,6.4,0.0352733686067019,"#a65628"
12.8,6.1,0.0352733686067019,"#a65628"
12.6,6.1,0.0352733686067019,"#a65628"
13,6.4,2.22222222222222,"#ffd300"
13.2,6.4,2.22222222222222,"#ffd300"
13.4,6.4,2.22222222222222,"#ffd300"
14,6.4,2.22222222222222,"#ffd300"
13.8,6.4,2.22222222222222,"#ffd300"
13.6,6.4,2.22222222222222,"#ffd300"
13,6.4,0.246913580246914,"#f781bf"
13.2,6.2,0.246913580246914,"#f781bf"
13.4,6.2,0.246913580246914,"#f781bf"
14,4.6,0.246913580246914,"#ffd300"
13.8,4.8,0.246913580246914,"#ffd300"
13.6,4.8,0.246913580246914,"#ffd300"
13,6.4,0.317460317460317,"#AAAAAA"
13.2,5.8,0.317460317460317,"#AAAAAA"
13.4,5.8,0.317460317460317,"#AAAAAA"
14,1,0.317460317460317,"#ffd300"
13.8,1.6,0.317460317460317,"#ffd300"
13.6,1.6,0.317460317460317,"#ffd300"
13,6.4,29.2063492063492,"#4daf4a"
13.2,6.3,29.2063492063492,"#4daf4a"
13.4,6.3,29.2063492063492,"#4daf4a"
14,5.5,29.2063492063492,"#ffd300"
13.8,5.6,29.2063492063492,"#ffd300"
13.6,5.6,29.2063492063492,"#ffd300"
13,4.6,0.317460317460317,"#ffd300"
13.2,4.8,0.317460317460317,"#ffd300"
13.4,4.8,0.317460317460317,"#ffd300"
14,6.4,0.317460317460317,"#f781bf"
13.8,6.2,0.317460317460317,"#f781bf"
13.6,6.2,0.317460317460317,"#f781bf"
13,4.6,0.881834215167548,"#f781bf"
13.2,4.6,0.881834215167548,"#f781bf"
13.4,4.6,0.881834215167548,"#f781bf"
14,4.6,0.881834215167548,"#f781bf"
13.8,4.6,0.881834215167548,"#f781bf"
13.6,4.6,0.881834215167548,"#f781bf"
13,4.6,0.564373897707231,"#AAAAAA"
13.2,4.2,0.564373897707231,"#AAAAAA"
13.4,4.2,0.564373897707231,"#AAAAAA"
14,1,0.564373897707231,"#f781bf"
13.8,1.4,0.564373897707231,"#f781bf"
13.6,1.4,0.564373897707231,"#f781bf"
13,4.6,0.317460317460317,"#4daf4a"
13.2,4.7,0.317460317460317,"#4daf4a"
13.4,4.7,0.317460317460317,"#4daf4a"
14,5.5,0.317460317460317,"#f781bf"
13.8,5.4,0.317460317460317,"#f781bf"
13.6,5.4,0.317460317460317,"#f781bf"
13,1,0.105820105820106,"#ffd300"
13.2,1.6,0.105820105820106,"#ffd300"
13.4,1.6,0.105820105820106,"#ffd300"
14,6.4,0.105820105820106,"#AAAAAA"
13.8,5.8,0.105820105820106,"#AAAAAA"
13.6,5.8,0.105820105820106,"#AAAAAA"
13,1,0.105820105820106,"#f781bf"
13.2,1.4,0.105820105820106,"#f781bf"
13.4,1.4,0.105820105820106,"#f781bf"
14,4.6,0.105820105820106,"#AAAAAA"
13.8,4.2,0.105820105820106,"#AAAAAA"
13.6,4.2,0.105820105820106,"#AAAAAA"
13,1,29.1710758377425,"#AAAAAA"
13.2,1,29.1710758377425,"#AAAAAA"
13.4,1,29.1710758377425,"#AAAAAA"
14,1,29.1710758377425,"#AAAAAA"
13.8,1,29.1710758377425,"#AAAAAA"
13.6,1,29.1710758377425,"#AAAAAA"
13,1,0.105820105820106,"#4daf4a"
13.2,1.5,0.105820105820106,"#4daf4a"
13.4,1.5,0.105820105820106,"#4daf4a"
14,5.5,0.105820105820106,"#AAAAAA"
13.8,5,0.105820105820106,"#AAAAAA"
13.6,5,0.105820105820106,"#AAAAAA"
13,1,0.0352733686067019,"#377eb8"
13.2,1.2,0.0352733686067019,"#377eb8"
13.4,1.2,0.0352733686067019,"#377eb8"
14,2.8,0.0352733686067019,"#AAAAAA"
13.8,2.6,0.0352733686067019,"#AAAAAA"
13.6,2.6,0.0352733686067019,"#AAAAAA"
13,5.5,32.6984126984127,"#ffd300"
13.2,5.6,32.6984126984127,"#ffd300"
13.4,5.6,32.6984126984127,"#ffd300"
14,6.4,32.6984126984127,"#4daf4a"
13.8,6.3,32.6984126984127,"#4daf4a"
13.6,6.3,32.6984126984127,"#4daf4a"
13,5.5,0.388007054673721,"#f781bf"
13.2,5.4,0.388007054673721,"#f781bf"
13.4,5.4,0.388007054673721,"#f781bf"
14,4.6,0.388007054673721,"#4daf4a"
13.8,4.7,0.388007054673721,"#4daf4a"
13.6,4.7,0.388007054673721,"#4daf4a"
13,5.5,0.352733686067019,"#AAAAAA"
13.2,5,0.352733686067019,"#AAAAAA"
13.4,5,0.352733686067019,"#AAAAAA"
14,1,0.352733686067019,"#4daf4a"
13.8,1.5,0.352733686067019,"#4daf4a"
13.6,1.5,0.352733686067019,"#4daf4a"
13,5.5,2.96296296296296,"#4daf4a"
13.2,5.5,2.96296296296296,"#4daf4a"
13.4,5.5,2.96296296296296,"#4daf4a"
14,5.5,2.96296296296296,"#4daf4a"
13.8,5.5,2.96296296296296,"#4daf4a"
13.6,5.5,2.96296296296296,"#4daf4a"
