"xCoords","yCoords","width","colorToUse"
1,6.4,0.591098748261474,"#ffd300"
1.2,6.4,0.591098748261474,"#ffd300"
1.4,6.4,0.591098748261474,"#ffd300"
2,6.4,0.591098748261474,"#ffd300"
1.8,6.4,0.591098748261474,"#ffd300"
1.6,6.4,0.591098748261474,"#ffd300"
1,1,0.139082058414465,"#ffd300"
1.2,1.6,0.139082058414465,"#ffd300"
1.4,1.6,0.139082058414465,"#ffd300"
2,6.4,0.139082058414465,"#AAAAAA"
1.8,5.8,0.139082058414465,"#AAAAAA"
1.6,5.8,0.139082058414465,"#AAAAAA"
1,1,3.78998609179416,"#AAAAAA"
1.2,1,3.78998609179416,"#AAAAAA"
1.4,1,3.78998609179416,"#AAAAAA"
2,1,3.78998609179416,"#AAAAAA"
1.8,1,3.78998609179416,"#AAAAAA"
1.6,1,3.78998609179416,"#AAAAAA"
1,1,0.104311543810848,"#4daf4a"
1.2,1.5,0.104311543810848,"#4daf4a"
1.4,1.5,0.104311543810848,"#4daf4a"
2,5.5,0.104311543810848,"#AAAAAA"
1.8,5,0.104311543810848,"#AAAAAA"
1.6,5,0.104311543810848,"#AAAAAA"
1,1,0.243393602225313,"#a65628"
1.2,1.3,0.243393602225313,"#a65628"
1.4,1.3,0.243393602225313,"#a65628"
2,3.7,0.243393602225313,"#AAAAAA"
1.8,3.4,0.243393602225313,"#AAAAAA"
1.6,3.4,0.243393602225313,"#AAAAAA"
1,5.5,0.0347705146036161,"#AAAAAA"
1.2,5,0.0347705146036161,"#AAAAAA"
1.4,5,0.0347705146036161,"#AAAAAA"
2,1,0.0347705146036161,"#4daf4a"
1.8,1.5,0.0347705146036161,"#4daf4a"
1.6,1.5,0.0347705146036161,"#4daf4a"
1,5.5,0.0695410292072323,"#4daf4a"
1.2,5.5,0.0695410292072323,"#4daf4a"
1.4,5.5,0.0695410292072323,"#4daf4a"
2,5.5,0.0695410292072323,"#4daf4a"
1.8,5.5,0.0695410292072323,"#4daf4a"
1.6,5.5,0.0695410292072323,"#4daf4a"
1,5.5,35.2920723226704,"#a65628"
1.2,5.3,35.2920723226704,"#a65628"
1.4,5.3,35.2920723226704,"#a65628"
2,3.7,35.2920723226704,"#4daf4a"
1.8,3.9,35.2920723226704,"#4daf4a"
1.6,3.9,35.2920723226704,"#4daf4a"
1,3.7,0.173852573018081,"#ffd300"
1.2,4,0.173852573018081,"#ffd300"
1.4,4,0.173852573018081,"#ffd300"
2,6.4,0.173852573018081,"#a65628"
1.8,6.1,0.173852573018081,"#a65628"
1.6,6.1,0.173852573018081,"#a65628"
1,3.7,0.0347705146036161,"#e41a1c"
1.2,3.5,0.0347705146036161,"#e41a1c"
1.4,3.5,0.0347705146036161,"#e41a1c"
2,1.9,0.0347705146036161,"#a65628"
1.8,2.1,0.0347705146036161,"#a65628"
1.6,2.1,0.0347705146036161,"#a65628"
1,3.7,0.0695410292072323,"#f781bf"
1.2,3.8,0.0695410292072323,"#f781bf"
1.4,3.8,0.0695410292072323,"#f781bf"
2,4.6,0.0695410292072323,"#a65628"
1.8,4.5,0.0695410292072323,"#a65628"
1.6,4.5,0.0695410292072323,"#a65628"
1,3.7,0.799721835883171,"#4daf4a"
1.2,3.9,0.799721835883171,"#4daf4a"
1.4,3.9,0.799721835883171,"#4daf4a"
2,5.5,0.799721835883171,"#a65628"
1.8,5.3,0.799721835883171,"#a65628"
1.6,5.3,0.799721835883171,"#a65628"
1,3.7,12.9346314325452,"#a65628"
1.2,3.7,12.9346314325452,"#a65628"
1.4,3.7,12.9346314325452,"#a65628"
2,3.7,12.9346314325452,"#a65628"
1.8,3.7,12.9346314325452,"#a65628"
1.6,3.7,12.9346314325452,"#a65628"
1,3.7,22.3922114047288,"#377eb8"
1.2,3.6,22.3922114047288,"#377eb8"
1.4,3.6,22.3922114047288,"#377eb8"
2,2.8,22.3922114047288,"#a65628"
1.8,2.9,22.3922114047288,"#a65628"
1.6,2.9,22.3922114047288,"#a65628"
1,2.8,23.191933240612,"#ffd300"
1.2,3.2,23.191933240612,"#ffd300"
1.4,3.2,23.191933240612,"#ffd300"
2,6.4,23.191933240612,"#377eb8"
1.8,6,23.191933240612,"#377eb8"
1.6,6,23.191933240612,"#377eb8"
1,2.8,0.0347705146036161,"#a65628"
1.2,2.9,0.0347705146036161,"#a65628"
1.4,2.9,0.0347705146036161,"#a65628"
2,3.7,0.0347705146036161,"#377eb8"
1.8,3.6,0.0347705146036161,"#377eb8"
1.6,3.6,0.0347705146036161,"#377eb8"
1,2.8,0.104311543810848,"#377eb8"
1.2,2.8,0.104311543810848,"#377eb8"
1.4,2.8,0.104311543810848,"#377eb8"
2,2.8,0.104311543810848,"#377eb8"
1.8,2.8,0.104311543810848,"#377eb8"
1.6,2.8,0.104311543810848,"#377eb8"
2,6.4,0.139082058414465,"#ffd300"
2.2,6.4,0.139082058414465,"#ffd300"
2.4,6.4,0.139082058414465,"#ffd300"
3,6.4,0.139082058414465,"#ffd300"
2.8,6.4,0.139082058414465,"#ffd300"
2.6,6.4,0.139082058414465,"#ffd300"
2,6.4,0.0347705146036161,"#e41a1c"
2.2,5.9,0.0347705146036161,"#e41a1c"
2.4,5.9,0.0347705146036161,"#e41a1c"
3,1.9,0.0347705146036161,"#ffd300"
2.8,2.4,0.0347705146036161,"#ffd300"
2.6,2.4,0.0347705146036161,"#ffd300"
2,6.4,0.0347705146036161,"#AAAAAA"
2.2,5.8,0.0347705146036161,"#AAAAAA"
2.4,5.8,0.0347705146036161,"#AAAAAA"
3,1,0.0347705146036161,"#ffd300"
2.8,1.6,0.0347705146036161,"#ffd300"
2.6,1.6,0.0347705146036161,"#ffd300"
2,6.4,23.8873435326843,"#4daf4a"
2.2,6.3,23.8873435326843,"#4daf4a"
2.4,6.3,23.8873435326843,"#4daf4a"
3,5.5,23.8873435326843,"#ffd300"
2.8,5.6,23.8873435326843,"#ffd300"
2.6,5.6,23.8873435326843,"#ffd300"
2,1.9,0.0347705146036161,"#4daf4a"
2.2,2.3,0.0347705146036161,"#4daf4a"
2.4,2.3,0.0347705146036161,"#4daf4a"
3,5.5,0.0347705146036161,"#e41a1c"
2.8,5.1,0.0347705146036161,"#e41a1c"
2.6,5.1,0.0347705146036161,"#e41a1c"
2,4.6,0.0695410292072323,"#4daf4a"
2.2,4.7,0.0695410292072323,"#4daf4a"
2.4,4.7,0.0695410292072323,"#4daf4a"
3,5.5,0.0695410292072323,"#f781bf"
2.8,5.4,0.0695410292072323,"#f781bf"
2.6,5.4,0.0695410292072323,"#f781bf"
2,1,3.78998609179416,"#AAAAAA"
2.2,1,3.78998609179416,"#AAAAAA"
2.4,1,3.78998609179416,"#AAAAAA"
3,1,3.78998609179416,"#AAAAAA"
2.8,1,3.78998609179416,"#AAAAAA"
2.6,1,3.78998609179416,"#AAAAAA"
2,1,0.0347705146036161,"#a65628"
2.2,1.3,0.0347705146036161,"#a65628"
2.4,1.3,0.0347705146036161,"#a65628"
3,3.7,0.0347705146036161,"#AAAAAA"
2.8,3.4,0.0347705146036161,"#AAAAAA"
2.6,3.4,0.0347705146036161,"#AAAAAA"
2,5.5,0.0695410292072323,"#AAAAAA"
2.2,5,0.0695410292072323,"#AAAAAA"
2.4,5,0.0695410292072323,"#AAAAAA"
3,1,0.0695410292072323,"#4daf4a"
2.8,1.5,0.0695410292072323,"#4daf4a"
2.6,1.5,0.0695410292072323,"#4daf4a"
2,5.5,0.764951321279555,"#4daf4a"
2.2,5.5,0.764951321279555,"#4daf4a"
2.4,5.5,0.764951321279555,"#4daf4a"
3,5.5,0.764951321279555,"#4daf4a"
2.8,5.5,0.764951321279555,"#4daf4a"
2.6,5.5,0.764951321279555,"#4daf4a"
2,5.5,0.139082058414465,"#a65628"
2.2,5.3,0.139082058414465,"#a65628"
2.4,5.3,0.139082058414465,"#a65628"
3,3.7,0.139082058414465,"#4daf4a"
2.8,3.9,0.139082058414465,"#4daf4a"
2.6,3.9,0.139082058414465,"#4daf4a"
2,3.7,0.556328233657858,"#ffd300"
2.2,4,0.556328233657858,"#ffd300"
2.4,4,0.556328233657858,"#ffd300"
3,6.4,0.556328233657858,"#a65628"
2.8,6.1,0.556328233657858,"#a65628"
2.6,6.1,0.556328233657858,"#a65628"
2,3.7,0.104311543810848,"#AAAAAA"
2.2,3.4,0.104311543810848,"#AAAAAA"
2.4,3.4,0.104311543810848,"#AAAAAA"
3,1,0.104311543810848,"#a65628"
2.8,1.3,0.104311543810848,"#a65628"
2.6,1.3,0.104311543810848,"#a65628"
2,3.7,23.7482614742698,"#4daf4a"
2.2,3.9,23.7482614742698,"#4daf4a"
2.4,3.9,23.7482614742698,"#4daf4a"
3,5.5,23.7482614742698,"#a65628"
2.8,5.3,23.7482614742698,"#a65628"
2.6,5.3,23.7482614742698,"#a65628"
2,3.7,12.5521557719054,"#a65628"
2.2,3.7,12.5521557719054,"#a65628"
2.4,3.7,12.5521557719054,"#a65628"
3,3.7,12.5521557719054,"#a65628"
2.8,3.7,12.5521557719054,"#a65628"
2.6,3.7,12.5521557719054,"#a65628"
2,3.7,11.5438108484006,"#377eb8"
2.2,3.6,11.5438108484006,"#377eb8"
2.4,3.6,11.5438108484006,"#377eb8"
3,2.8,11.5438108484006,"#a65628"
2.8,2.9,11.5438108484006,"#a65628"
2.6,2.9,11.5438108484006,"#a65628"
2,2.8,22.4965229485396,"#4daf4a"
2.2,3.1,22.4965229485396,"#4daf4a"
2.4,3.1,22.4965229485396,"#4daf4a"
3,5.5,22.4965229485396,"#377eb8"
2.8,5.2,22.4965229485396,"#377eb8"
2.6,5.2,22.4965229485396,"#377eb8"
3,6.4,0.0347705146036161,"#ffd300"
3.2,6.4,0.0347705146036161,"#ffd300"
3.4,6.4,0.0347705146036161,"#ffd300"
4,6.4,0.0347705146036161,"#ffd300"
3.8,6.4,0.0347705146036161,"#ffd300"
3.6,6.4,0.0347705146036161,"#ffd300"
3,6.4,0.521557719054242,"#4daf4a"
3.2,6.3,0.521557719054242,"#4daf4a"
3.4,6.3,0.521557719054242,"#4daf4a"
4,5.5,0.521557719054242,"#ffd300"
3.8,5.6,0.521557719054242,"#ffd300"
3.6,5.6,0.521557719054242,"#ffd300"
3,6.4,0.139082058414465,"#a65628"
3.2,6.1,0.139082058414465,"#a65628"
3.4,6.1,0.139082058414465,"#a65628"
4,3.7,0.139082058414465,"#ffd300"
3.8,4,0.139082058414465,"#ffd300"
3.6,4,0.139082058414465,"#ffd300"
3,1.9,0.0347705146036161,"#a65628"
3.2,2.1,0.0347705146036161,"#a65628"
3.4,2.1,0.0347705146036161,"#a65628"
4,3.7,0.0347705146036161,"#e41a1c"
3.8,3.5,0.0347705146036161,"#e41a1c"
3.6,3.5,0.0347705146036161,"#e41a1c"
3,1,3.68567454798331,"#AAAAAA"
3.2,1,3.68567454798331,"#AAAAAA"
3.4,1,3.68567454798331,"#AAAAAA"
4,1,3.68567454798331,"#AAAAAA"
3.8,1,3.68567454798331,"#AAAAAA"
3.6,1,3.68567454798331,"#AAAAAA"
3,1,0.104311543810848,"#4daf4a"
3.2,1.5,0.104311543810848,"#4daf4a"
3.4,1.5,0.104311543810848,"#4daf4a"
4,5.5,0.104311543810848,"#AAAAAA"
3.8,5,0.104311543810848,"#AAAAAA"
3.6,5,0.104311543810848,"#AAAAAA"
3,1,0.208623087621697,"#a65628"
3.2,1.3,0.208623087621697,"#a65628"
3.4,1.3,0.208623087621697,"#a65628"
4,3.7,0.208623087621697,"#AAAAAA"
3.8,3.4,0.208623087621697,"#AAAAAA"
3.6,3.4,0.208623087621697,"#AAAAAA"
3,5.5,0.278164116828929,"#4daf4a"
3.2,5.5,0.278164116828929,"#4daf4a"
3.4,5.5,0.278164116828929,"#4daf4a"
4,5.5,0.278164116828929,"#4daf4a"
3.8,5.5,0.278164116828929,"#4daf4a"
3.6,5.5,0.278164116828929,"#4daf4a"
3,5.5,70.6189151599444,"#a65628"
3.2,5.3,70.6189151599444,"#a65628"
3.4,5.3,70.6189151599444,"#a65628"
4,3.7,70.6189151599444,"#4daf4a"
3.8,3.9,70.6189151599444,"#4daf4a"
3.6,3.9,70.6189151599444,"#4daf4a"
3,5.5,0.104311543810848,"#377eb8"
3.2,5.2,0.104311543810848,"#377eb8"
3.4,5.2,0.104311543810848,"#377eb8"
4,2.8,0.104311543810848,"#4daf4a"
3.8,3.1,0.104311543810848,"#4daf4a"
3.6,3.1,0.104311543810848,"#4daf4a"
3,3.7,1.18219749652295,"#ffd300"
3.2,4,1.18219749652295,"#ffd300"
3.4,4,1.18219749652295,"#ffd300"
4,6.4,1.18219749652295,"#a65628"
3.8,6.1,1.18219749652295,"#a65628"
3.6,6.1,1.18219749652295,"#a65628"
3,3.7,0.0695410292072323,"#AAAAAA"
3.2,3.4,0.0695410292072323,"#AAAAAA"
3.4,3.4,0.0695410292072323,"#AAAAAA"
4,1,0.0695410292072323,"#a65628"
3.8,1.3,0.0695410292072323,"#a65628"
3.6,1.3,0.0695410292072323,"#a65628"
3,3.7,1.04311543810848,"#4daf4a"
3.2,3.9,1.04311543810848,"#4daf4a"
3.4,3.9,1.04311543810848,"#4daf4a"
4,5.5,1.04311543810848,"#a65628"
3.8,5.3,1.04311543810848,"#a65628"
3.6,5.3,1.04311543810848,"#a65628"
3,3.7,0.417246175243394,"#a65628"
3.2,3.7,0.417246175243394,"#a65628"
3.4,3.7,0.417246175243394,"#a65628"
4,3.7,0.417246175243394,"#a65628"
3.8,3.7,0.417246175243394,"#a65628"
3.6,3.7,0.417246175243394,"#a65628"
3,3.7,10.0139082058414,"#377eb8"
3.2,3.6,10.0139082058414,"#377eb8"
3.4,3.6,10.0139082058414,"#377eb8"
4,2.8,10.0139082058414,"#a65628"
3.8,2.9,10.0139082058414,"#a65628"
3.6,2.9,10.0139082058414,"#a65628"
3,2.8,0.0347705146036161,"#ffd300"
3.2,3.2,0.0347705146036161,"#ffd300"
3.4,3.2,0.0347705146036161,"#ffd300"
4,6.4,0.0347705146036161,"#377eb8"
3.8,6,0.0347705146036161,"#377eb8"
3.6,6,0.0347705146036161,"#377eb8"
3,2.8,11.5090403337969,"#4daf4a"
3.2,3.1,11.5090403337969,"#4daf4a"
3.4,3.1,11.5090403337969,"#4daf4a"
4,5.5,11.5090403337969,"#377eb8"
3.8,5.2,11.5090403337969,"#377eb8"
3.6,5.2,11.5090403337969,"#377eb8"
4,6.4,0.208623087621697,"#ffd300"
4.2,6.4,0.208623087621697,"#ffd300"
4.4,6.4,0.208623087621697,"#ffd300"
5,6.4,0.208623087621697,"#ffd300"
4.8,6.4,0.208623087621697,"#ffd300"
4.6,6.4,0.208623087621697,"#ffd300"
4,6.4,0.90403337969402,"#4daf4a"
4.2,6.3,0.90403337969402,"#4daf4a"
4.4,6.3,0.90403337969402,"#4daf4a"
5,5.5,0.90403337969402,"#ffd300"
4.8,5.6,0.90403337969402,"#ffd300"
4.6,5.6,0.90403337969402,"#ffd300"
4,6.4,0.139082058414465,"#a65628"
4.2,6.1,0.139082058414465,"#a65628"
4.4,6.1,0.139082058414465,"#a65628"
5,3.7,0.139082058414465,"#ffd300"
4.8,4,0.139082058414465,"#ffd300"
4.6,4,0.139082058414465,"#ffd300"
4,1,0.0347705146036161,"#ffd300"
4.2,1.6,0.0347705146036161,"#ffd300"
4.4,1.6,0.0347705146036161,"#ffd300"
5,6.4,0.0347705146036161,"#AAAAAA"
4.8,5.8,0.0347705146036161,"#AAAAAA"
4.6,5.8,0.0347705146036161,"#AAAAAA"
4,1,3.68567454798331,"#AAAAAA"
4.2,1,3.68567454798331,"#AAAAAA"
4.4,1,3.68567454798331,"#AAAAAA"
5,1,3.68567454798331,"#AAAAAA"
4.8,1,3.68567454798331,"#AAAAAA"
4.6,1,3.68567454798331,"#AAAAAA"
4,1,0.0347705146036161,"#a65628"
4.2,1.3,0.0347705146036161,"#a65628"
4.4,1.3,0.0347705146036161,"#a65628"
5,3.7,0.0347705146036161,"#AAAAAA"
4.8,3.4,0.0347705146036161,"#AAAAAA"
4.6,3.4,0.0347705146036161,"#AAAAAA"
4,5.5,0.417246175243394,"#ffd300"
4.2,5.6,0.417246175243394,"#ffd300"
4.4,5.6,0.417246175243394,"#ffd300"
5,6.4,0.417246175243394,"#4daf4a"
4.8,6.3,0.417246175243394,"#4daf4a"
4.6,6.3,0.417246175243394,"#4daf4a"
4,5.5,0.104311543810848,"#AAAAAA"
4.2,5,0.104311543810848,"#AAAAAA"
4.4,5,0.104311543810848,"#AAAAAA"
5,1,0.104311543810848,"#4daf4a"
4.8,1.5,0.104311543810848,"#4daf4a"
4.6,1.5,0.104311543810848,"#4daf4a"
4,5.5,0.382475660639778,"#4daf4a"
4.2,5.5,0.382475660639778,"#4daf4a"
4.4,5.5,0.382475660639778,"#4daf4a"
5,5.5,0.382475660639778,"#4daf4a"
4.8,5.5,0.382475660639778,"#4daf4a"
4.6,5.5,0.382475660639778,"#4daf4a"
4,5.5,12.5521557719054,"#a65628"
4.2,5.3,12.5521557719054,"#a65628"
4.4,5.3,12.5521557719054,"#a65628"
5,3.7,12.5521557719054,"#4daf4a"
4.8,3.9,12.5521557719054,"#4daf4a"
4.6,3.9,12.5521557719054,"#4daf4a"
4,3.7,24.7913769123783,"#ffd300"
4.2,4,24.7913769123783,"#ffd300"
4.4,4,24.7913769123783,"#ffd300"
5,6.4,24.7913769123783,"#a65628"
4.8,6.1,24.7913769123783,"#a65628"
4.6,6.1,24.7913769123783,"#a65628"
4,3.7,0.104311543810848,"#AAAAAA"
4.2,3.4,0.104311543810848,"#AAAAAA"
4.4,3.4,0.104311543810848,"#AAAAAA"
5,1,0.104311543810848,"#a65628"
4.8,1.3,0.104311543810848,"#a65628"
4.6,1.3,0.104311543810848,"#a65628"
4,3.7,22.1488178025035,"#4daf4a"
4.2,3.9,22.1488178025035,"#4daf4a"
4.4,3.9,22.1488178025035,"#4daf4a"
5,5.5,22.1488178025035,"#a65628"
4.8,5.3,22.1488178025035,"#a65628"
4.6,5.3,22.1488178025035,"#a65628"
4,3.7,24.3741307371349,"#377eb8"
4.2,3.6,24.3741307371349,"#377eb8"
4.4,3.6,24.3741307371349,"#377eb8"
5,2.8,24.3741307371349,"#a65628"
4.8,2.9,24.3741307371349,"#a65628"
4.6,2.9,24.3741307371349,"#a65628"
4,2.8,0.417246175243394,"#ffd300"
4.2,3.2,0.417246175243394,"#ffd300"
4.4,3.2,0.417246175243394,"#ffd300"
5,6.4,0.417246175243394,"#377eb8"
4.8,6,0.417246175243394,"#377eb8"
4.6,6,0.417246175243394,"#377eb8"
4,2.8,9.28372739916551,"#4daf4a"
4.2,3.1,9.28372739916551,"#4daf4a"
4.4,3.1,9.28372739916551,"#4daf4a"
5,5.5,9.28372739916551,"#377eb8"
4.8,5.2,9.28372739916551,"#377eb8"
4.6,5.2,9.28372739916551,"#377eb8"
4,2.8,0.312934631432545,"#a65628"
4.2,2.9,0.312934631432545,"#a65628"
4.4,2.9,0.312934631432545,"#a65628"
5,3.7,0.312934631432545,"#377eb8"
4.8,3.6,0.312934631432545,"#377eb8"
4.6,3.6,0.312934631432545,"#377eb8"
4,2.8,0.104311543810848,"#377eb8"
4.2,2.8,0.104311543810848,"#377eb8"
4.4,2.8,0.104311543810848,"#377eb8"
5,2.8,0.104311543810848,"#377eb8"
4.8,2.8,0.104311543810848,"#377eb8"
4.6,2.8,0.104311543810848,"#377eb8"
5,6.4,0.90403337969402,"#ffd300"
5.2,6.4,0.90403337969402,"#ffd300"
5.4,6.4,0.90403337969402,"#ffd300"
6,6.4,0.90403337969402,"#ffd300"
5.8,6.4,0.90403337969402,"#ffd300"
5.6,6.4,0.90403337969402,"#ffd300"
5,6.4,23.7830319888734,"#4daf4a"
5.2,6.3,23.7830319888734,"#4daf4a"
5.4,6.3,23.7830319888734,"#4daf4a"
6,5.5,23.7830319888734,"#ffd300"
5.8,5.6,23.7830319888734,"#ffd300"
5.6,5.6,23.7830319888734,"#ffd300"
5,6.4,1.18219749652295,"#a65628"
5.2,6.1,1.18219749652295,"#a65628"
5.4,6.1,1.18219749652295,"#a65628"
6,3.7,1.18219749652295,"#ffd300"
5.8,4,1.18219749652295,"#ffd300"
5.6,4,1.18219749652295,"#ffd300"
5,1,0.208623087621697,"#ffd300"
5.2,1.6,0.208623087621697,"#ffd300"
5.4,1.6,0.208623087621697,"#ffd300"
6,6.4,0.208623087621697,"#AAAAAA"
5.8,5.8,0.208623087621697,"#AAAAAA"
5.6,5.8,0.208623087621697,"#AAAAAA"
5,1,3.58136300417246,"#AAAAAA"
5.2,1,3.58136300417246,"#AAAAAA"
5.4,1,3.58136300417246,"#AAAAAA"
6,1,3.58136300417246,"#AAAAAA"
5.8,1,3.58136300417246,"#AAAAAA"
5.6,1,3.58136300417246,"#AAAAAA"
5,1,0.0347705146036161,"#a65628"
5.2,1.3,0.0347705146036161,"#a65628"
5.4,1.3,0.0347705146036161,"#a65628"
6,3.7,0.0347705146036161,"#AAAAAA"
5.8,3.4,0.0347705146036161,"#AAAAAA"
5.6,3.4,0.0347705146036161,"#AAAAAA"
5,1,0.0695410292072323,"#377eb8"
5.2,1.2,0.0695410292072323,"#377eb8"
5.4,1.2,0.0695410292072323,"#377eb8"
6,2.8,0.0695410292072323,"#AAAAAA"
5.8,2.6,0.0695410292072323,"#AAAAAA"
5.6,2.6,0.0695410292072323,"#AAAAAA"
5,5.5,22.1140472878999,"#ffd300"
5.2,5.6,22.1140472878999,"#ffd300"
5.4,5.6,22.1140472878999,"#ffd300"
6,6.4,22.1140472878999,"#4daf4a"
5.8,6.3,22.1140472878999,"#4daf4a"
5.6,6.3,22.1140472878999,"#4daf4a"
5,5.5,0.104311543810848,"#4daf4a"
5.2,5.5,0.104311543810848,"#4daf4a"
5.4,5.5,0.104311543810848,"#4daf4a"
6,5.5,0.104311543810848,"#4daf4a"
5.8,5.5,0.104311543810848,"#4daf4a"
5.6,5.5,0.104311543810848,"#4daf4a"
5,5.5,10.5006954102921,"#a65628"
5.2,5.3,10.5006954102921,"#a65628"
5.4,5.3,10.5006954102921,"#a65628"
6,3.7,10.5006954102921,"#4daf4a"
5.8,3.9,10.5006954102921,"#4daf4a"
5.6,3.9,10.5006954102921,"#4daf4a"
5,3.7,0.139082058414465,"#ffd300"
5.2,4,0.139082058414465,"#ffd300"
5.4,4,0.139082058414465,"#ffd300"
6,6.4,0.139082058414465,"#a65628"
5.8,6.1,0.139082058414465,"#a65628"
5.6,6.1,0.139082058414465,"#a65628"
5,3.7,0.0695410292072323,"#AAAAAA"
5.2,3.4,0.0695410292072323,"#AAAAAA"
5.4,3.4,0.0695410292072323,"#AAAAAA"
6,1,0.0695410292072323,"#a65628"
5.8,1.3,0.0695410292072323,"#a65628"
5.6,1.3,0.0695410292072323,"#a65628"
5,3.7,0.799721835883171,"#a65628"
5.2,3.7,0.799721835883171,"#a65628"
5.4,3.7,0.799721835883171,"#a65628"
6,3.7,0.799721835883171,"#a65628"
5.8,3.7,0.799721835883171,"#a65628"
5.6,3.7,0.799721835883171,"#a65628"
5,3.7,12.0305980528512,"#377eb8"
5.2,3.6,12.0305980528512,"#377eb8"
5.4,3.6,12.0305980528512,"#377eb8"
6,2.8,12.0305980528512,"#a65628"
5.8,2.9,12.0305980528512,"#a65628"
5.6,2.9,12.0305980528512,"#a65628"
5,2.8,0.0695410292072323,"#ffd300"
5.2,3.2,0.0695410292072323,"#ffd300"
5.4,3.2,0.0695410292072323,"#ffd300"
6,6.4,0.0695410292072323,"#377eb8"
5.8,6,0.0695410292072323,"#377eb8"
5.6,6,0.0695410292072323,"#377eb8"
5,2.8,24.4089012517385,"#a65628"
5.2,2.9,24.4089012517385,"#a65628"
5.4,2.9,24.4089012517385,"#a65628"
6,3.7,24.4089012517385,"#377eb8"
5.8,3.6,24.4089012517385,"#377eb8"
5.6,3.6,24.4089012517385,"#377eb8"
6,6.4,0.0695410292072323,"#ffd300"
6.2,6.4,0.0695410292072323,"#ffd300"
6.4,6.4,0.0695410292072323,"#ffd300"
7,6.4,0.0695410292072323,"#ffd300"
6.8,6.4,0.0695410292072323,"#ffd300"
6.6,6.4,0.0695410292072323,"#ffd300"
6,6.4,0.521557719054242,"#AAAAAA"
6.2,5.8,0.521557719054242,"#AAAAAA"
6.4,5.8,0.521557719054242,"#AAAAAA"
7,1,0.521557719054242,"#ffd300"
6.8,1.6,0.521557719054242,"#ffd300"
6.6,1.6,0.521557719054242,"#ffd300"
6,6.4,0.521557719054242,"#4daf4a"
6.2,6.3,0.521557719054242,"#4daf4a"
6.4,6.3,0.521557719054242,"#4daf4a"
7,5.5,0.521557719054242,"#ffd300"
6.8,5.6,0.521557719054242,"#ffd300"
6.6,5.6,0.521557719054242,"#ffd300"
6,6.4,0.104311543810848,"#a65628"
6.2,6.1,0.104311543810848,"#a65628"
6.4,6.1,0.104311543810848,"#a65628"
7,3.7,0.104311543810848,"#ffd300"
6.8,4,0.104311543810848,"#ffd300"
6.6,4,0.104311543810848,"#ffd300"
6,6.4,22.2183588317107,"#377eb8"
6.2,6,22.2183588317107,"#377eb8"
6.4,6,22.2183588317107,"#377eb8"
7,2.8,22.2183588317107,"#ffd300"
6.8,3.2,22.2183588317107,"#ffd300"
6.6,3.2,22.2183588317107,"#ffd300"
6,1,3.58136300417246,"#AAAAAA"
6.2,1,3.58136300417246,"#AAAAAA"
6.4,1,3.58136300417246,"#AAAAAA"
7,1,3.58136300417246,"#AAAAAA"
6.8,1,3.58136300417246,"#AAAAAA"
6.6,1,3.58136300417246,"#AAAAAA"
6,1,0.0347705146036161,"#4daf4a"
6.2,1.5,0.0347705146036161,"#4daf4a"
6.4,1.5,0.0347705146036161,"#4daf4a"
7,5.5,0.0347705146036161,"#AAAAAA"
6.8,5,0.0347705146036161,"#AAAAAA"
6.6,5,0.0347705146036161,"#AAAAAA"
6,1,0.0347705146036161,"#a65628"
6.2,1.3,0.0347705146036161,"#a65628"
6.4,1.3,0.0347705146036161,"#a65628"
7,3.7,0.0347705146036161,"#AAAAAA"
6.8,3.4,0.0347705146036161,"#AAAAAA"
6.6,3.4,0.0347705146036161,"#AAAAAA"
6,5.5,0.312934631432545,"#AAAAAA"
6.2,5,0.312934631432545,"#AAAAAA"
6.4,5,0.312934631432545,"#AAAAAA"
7,1,0.312934631432545,"#4daf4a"
6.8,1.5,0.312934631432545,"#4daf4a"
6.6,1.5,0.312934631432545,"#4daf4a"
6,5.5,0.0695410292072323,"#4daf4a"
6.2,5.5,0.0695410292072323,"#4daf4a"
6.4,5.5,0.0695410292072323,"#4daf4a"
7,5.5,0.0695410292072323,"#4daf4a"
6.8,5.5,0.0695410292072323,"#4daf4a"
6.6,5.5,0.0695410292072323,"#4daf4a"
6,5.5,23.5048678720445,"#a65628"
6.2,5.3,23.5048678720445,"#a65628"
6.4,5.3,23.5048678720445,"#a65628"
7,3.7,23.5048678720445,"#4daf4a"
6.8,3.9,23.5048678720445,"#4daf4a"
6.6,3.9,23.5048678720445,"#4daf4a"
6,3.7,1.80806675938804,"#ffd300"
6.2,4,1.80806675938804,"#ffd300"
6.4,4,1.80806675938804,"#ffd300"
7,6.4,1.80806675938804,"#a65628"
6.8,6.1,1.80806675938804,"#a65628"
6.6,6.1,1.80806675938804,"#a65628"
6,3.7,0.0347705146036161,"#e41a1c"
6.2,3.5,0.0347705146036161,"#e41a1c"
6.4,3.5,0.0347705146036161,"#e41a1c"
7,1.9,0.0347705146036161,"#a65628"
6.8,2.1,0.0347705146036161,"#a65628"
6.6,2.1,0.0347705146036161,"#a65628"
6,3.7,0.0695410292072323,"#AAAAAA"
6.2,3.4,0.0695410292072323,"#AAAAAA"
6.4,3.4,0.0695410292072323,"#AAAAAA"
7,1,0.0695410292072323,"#a65628"
6.8,1.3,0.0695410292072323,"#a65628"
6.6,1.3,0.0695410292072323,"#a65628"
6,3.7,23.3310152990264,"#4daf4a"
6.2,3.9,23.3310152990264,"#4daf4a"
6.4,3.9,23.3310152990264,"#4daf4a"
7,5.5,23.3310152990264,"#a65628"
6.8,5.3,23.3310152990264,"#a65628"
6.6,5.3,23.3310152990264,"#a65628"
6,3.7,0.45201668984701,"#a65628"
6.2,3.7,0.45201668984701,"#a65628"
6.4,3.7,0.45201668984701,"#a65628"
7,3.7,0.45201668984701,"#a65628"
6.8,3.7,0.45201668984701,"#a65628"
6.6,3.7,0.45201668984701,"#a65628"
6,3.7,11.230876216968,"#377eb8"
6.2,3.6,11.230876216968,"#377eb8"
6.4,3.6,11.230876216968,"#377eb8"
7,2.8,11.230876216968,"#a65628"
6.8,2.9,11.230876216968,"#a65628"
6.6,2.9,11.230876216968,"#a65628"
6,2.8,0.0695410292072323,"#f781bf"
6.2,3,0.0695410292072323,"#f781bf"
6.4,3,0.0695410292072323,"#f781bf"
7,4.6,0.0695410292072323,"#377eb8"
6.8,4.4,0.0695410292072323,"#377eb8"
6.6,4.4,0.0695410292072323,"#377eb8"
6,2.8,0.139082058414465,"#AAAAAA"
6.2,2.6,0.139082058414465,"#AAAAAA"
6.4,2.6,0.139082058414465,"#AAAAAA"
7,1,0.139082058414465,"#377eb8"
6.8,1.2,0.139082058414465,"#377eb8"
6.6,1.2,0.139082058414465,"#377eb8"
6,2.8,0.347705146036161,"#4daf4a"
6.2,3.1,0.347705146036161,"#4daf4a"
6.4,3.1,0.347705146036161,"#4daf4a"
7,5.5,0.347705146036161,"#377eb8"
6.8,5.2,0.347705146036161,"#377eb8"
6.6,5.2,0.347705146036161,"#377eb8"
6,2.8,11.5438108484006,"#a65628"
6.2,2.9,11.5438108484006,"#a65628"
6.4,2.9,11.5438108484006,"#a65628"
7,3.7,11.5438108484006,"#377eb8"
6.8,3.6,11.5438108484006,"#377eb8"
6.6,3.6,11.5438108484006,"#377eb8"
7,6.4,0.104311543810848,"#ffd300"
7.2,6.4,0.104311543810848,"#ffd300"
7.4,6.4,0.104311543810848,"#ffd300"
8,6.4,0.104311543810848,"#ffd300"
7.8,6.4,0.104311543810848,"#ffd300"
7.6,6.4,0.104311543810848,"#ffd300"
7,6.4,1.14742698191933,"#4daf4a"
7.2,6.3,1.14742698191933,"#4daf4a"
7.4,6.3,1.14742698191933,"#4daf4a"
8,5.5,1.14742698191933,"#ffd300"
7.8,5.6,1.14742698191933,"#ffd300"
7.6,5.6,1.14742698191933,"#ffd300"
7,6.4,0.62586926286509,"#a65628"
7.2,6.1,0.62586926286509,"#a65628"
7.4,6.1,0.62586926286509,"#a65628"
8,3.7,0.62586926286509,"#ffd300"
7.8,4,0.62586926286509,"#ffd300"
7.6,4,0.62586926286509,"#ffd300"
7,1.9,0.0347705146036161,"#a65628"
7.2,2.1,0.0347705146036161,"#a65628"
7.4,2.1,0.0347705146036161,"#a65628"
8,3.7,0.0347705146036161,"#e41a1c"
7.8,3.5,0.0347705146036161,"#e41a1c"
7.6,3.5,0.0347705146036161,"#e41a1c"
7,4.6,0.0695410292072323,"#4daf4a"
7.2,4.7,0.0695410292072323,"#4daf4a"
7.4,4.7,0.0695410292072323,"#4daf4a"
8,5.5,0.0695410292072323,"#f781bf"
7.8,5.4,0.0695410292072323,"#f781bf"
7.6,5.4,0.0695410292072323,"#f781bf"
7,1,0.0347705146036161,"#ffd300"
7.2,1.6,0.0347705146036161,"#ffd300"
7.4,1.6,0.0347705146036161,"#ffd300"
8,6.4,0.0347705146036161,"#AAAAAA"
7.8,5.8,0.0347705146036161,"#AAAAAA"
7.6,5.8,0.0347705146036161,"#AAAAAA"
7,1,3.75521557719054,"#AAAAAA"
7.2,1,3.75521557719054,"#AAAAAA"
7.4,1,3.75521557719054,"#AAAAAA"
8,1,3.75521557719054,"#AAAAAA"
7.8,1,3.75521557719054,"#AAAAAA"
7.6,1,3.75521557719054,"#AAAAAA"
7,1,0.62586926286509,"#4daf4a"
7.2,1.5,0.62586926286509,"#4daf4a"
7.4,1.5,0.62586926286509,"#4daf4a"
8,5.5,0.62586926286509,"#AAAAAA"
7.8,5,0.62586926286509,"#AAAAAA"
7.6,5,0.62586926286509,"#AAAAAA"
7,1,0.208623087621697,"#377eb8"
7.2,1.2,0.208623087621697,"#377eb8"
7.4,1.2,0.208623087621697,"#377eb8"
8,2.8,0.208623087621697,"#AAAAAA"
7.8,2.6,0.208623087621697,"#AAAAAA"
7.6,2.6,0.208623087621697,"#AAAAAA"
7,5.5,1.25173852573018,"#4daf4a"
7.2,5.5,1.25173852573018,"#4daf4a"
7.4,5.5,1.25173852573018,"#4daf4a"
8,5.5,1.25173852573018,"#4daf4a"
7.8,5.5,1.25173852573018,"#4daf4a"
7.6,5.5,1.25173852573018,"#4daf4a"
7,5.5,23.0528511821975,"#a65628"
7.2,5.3,23.0528511821975,"#a65628"
7.4,5.3,23.0528511821975,"#a65628"
8,3.7,23.0528511821975,"#4daf4a"
7.8,3.9,23.0528511821975,"#4daf4a"
7.6,3.9,23.0528511821975,"#4daf4a"
7,3.7,0.243393602225313,"#ffd300"
7.2,4,0.243393602225313,"#ffd300"
7.4,4,0.243393602225313,"#ffd300"
8,6.4,0.243393602225313,"#a65628"
7.8,6.1,0.243393602225313,"#a65628"
7.6,6.1,0.243393602225313,"#a65628"
7,3.7,0.0347705146036161,"#e41a1c"
7.2,3.5,0.0347705146036161,"#e41a1c"
7.4,3.5,0.0347705146036161,"#e41a1c"
8,1.9,0.0347705146036161,"#a65628"
7.8,2.1,0.0347705146036161,"#a65628"
7.6,2.1,0.0347705146036161,"#a65628"
7,3.7,11.4394993045897,"#4daf4a"
7.2,3.9,11.4394993045897,"#4daf4a"
7.4,3.9,11.4394993045897,"#4daf4a"
8,5.5,11.4394993045897,"#a65628"
7.8,5.3,11.4394993045897,"#a65628"
7.6,5.3,11.4394993045897,"#a65628"
7,3.7,0.45201668984701,"#a65628"
7.2,3.7,0.45201668984701,"#a65628"
7.4,3.7,0.45201668984701,"#a65628"
8,3.7,0.45201668984701,"#a65628"
7.8,3.7,0.45201668984701,"#a65628"
7.6,3.7,0.45201668984701,"#a65628"
7,3.7,23.4700973574409,"#377eb8"
7.2,3.6,23.4700973574409,"#377eb8"
7.4,3.6,23.4700973574409,"#377eb8"
8,2.8,23.4700973574409,"#a65628"
7.8,2.9,23.4700973574409,"#a65628"
7.6,2.9,23.4700973574409,"#a65628"
7,2.8,0.104311543810848,"#ffd300"
7.2,3.2,0.104311543810848,"#ffd300"
7.4,3.2,0.104311543810848,"#ffd300"
8,6.4,0.104311543810848,"#377eb8"
7.8,6,0.104311543810848,"#377eb8"
7.6,6,0.104311543810848,"#377eb8"
7,2.8,0.0347705146036161,"#AAAAAA"
7.2,2.6,0.0347705146036161,"#AAAAAA"
7.4,2.6,0.0347705146036161,"#AAAAAA"
8,1,0.0347705146036161,"#377eb8"
7.8,1.2,0.0347705146036161,"#377eb8"
7.6,1.2,0.0347705146036161,"#377eb8"
7,2.8,33.1710709318498,"#4daf4a"
7.2,3.1,33.1710709318498,"#4daf4a"
7.4,3.1,33.1710709318498,"#4daf4a"
8,5.5,33.1710709318498,"#377eb8"
7.8,5.2,33.1710709318498,"#377eb8"
7.6,5.2,33.1710709318498,"#377eb8"
7,2.8,0.139082058414465,"#a65628"
7.2,2.9,0.139082058414465,"#a65628"
7.4,2.9,0.139082058414465,"#a65628"
8,3.7,0.139082058414465,"#377eb8"
7.8,3.6,0.139082058414465,"#377eb8"
7.6,3.6,0.139082058414465,"#377eb8"
8,6.4,0.486787204450626,"#a65628"
8.2,6.1,0.486787204450626,"#a65628"
8.4,6.1,0.486787204450626,"#a65628"
9,3.7,0.486787204450626,"#ffd300"
8.8,4,0.486787204450626,"#ffd300"
8.6,4,0.486787204450626,"#ffd300"
8,1.9,0.0347705146036161,"#a65628"
8.2,2.1,0.0347705146036161,"#a65628"
8.4,2.1,0.0347705146036161,"#a65628"
9,3.7,0.0347705146036161,"#e41a1c"
8.8,3.5,0.0347705146036161,"#e41a1c"
8.6,3.5,0.0347705146036161,"#e41a1c"
8,1,3.78998609179416,"#AAAAAA"
8.2,1,3.78998609179416,"#AAAAAA"
8.4,1,3.78998609179416,"#AAAAAA"
9,1,3.78998609179416,"#AAAAAA"
8.8,1,3.78998609179416,"#AAAAAA"
8.6,1,3.78998609179416,"#AAAAAA"
8,5.5,0.0347705146036161,"#ffd300"
8.2,5.6,0.0347705146036161,"#ffd300"
8.4,5.6,0.0347705146036161,"#ffd300"
9,6.4,0.0347705146036161,"#4daf4a"
8.8,6.3,0.0347705146036161,"#4daf4a"
8.6,6.3,0.0347705146036161,"#4daf4a"
8,5.5,47.6008344923505,"#a65628"
8.2,5.3,47.6008344923505,"#a65628"
8.4,5.3,47.6008344923505,"#a65628"
9,3.7,47.6008344923505,"#4daf4a"
8.8,3.9,47.6008344923505,"#4daf4a"
8.6,3.9,47.6008344923505,"#4daf4a"
8,5.5,0.0695410292072323,"#377eb8"
8.2,5.2,0.0695410292072323,"#377eb8"
8.4,5.2,0.0695410292072323,"#377eb8"
9,2.8,0.0695410292072323,"#4daf4a"
8.8,3.1,0.0695410292072323,"#4daf4a"
8.6,3.1,0.0695410292072323,"#4daf4a"
8,3.7,0.521557719054242,"#ffd300"
8.2,4,0.521557719054242,"#ffd300"
8.4,4,0.521557719054242,"#ffd300"
9,6.4,0.521557719054242,"#a65628"
8.8,6.1,0.521557719054242,"#a65628"
8.6,6.1,0.521557719054242,"#a65628"
8,3.7,7.05841446453408,"#4daf4a"
8.2,3.9,7.05841446453408,"#4daf4a"
8.4,3.9,7.05841446453408,"#4daf4a"
9,5.5,7.05841446453408,"#a65628"
8.8,5.3,7.05841446453408,"#a65628"
8.6,5.3,7.05841446453408,"#a65628"
8,3.7,16.7246175243394,"#377eb8"
8.2,3.6,16.7246175243394,"#377eb8"
8.4,3.6,16.7246175243394,"#377eb8"
9,2.8,16.7246175243394,"#a65628"
8.8,2.9,16.7246175243394,"#a65628"
8.6,2.9,16.7246175243394,"#a65628"
8,2.8,23.6787204450626,"#a65628"
8.2,2.9,23.6787204450626,"#a65628"
8.4,2.9,23.6787204450626,"#a65628"
9,3.7,23.6787204450626,"#377eb8"
8.8,3.6,23.6787204450626,"#377eb8"
8.6,3.6,23.6787204450626,"#377eb8"
9,6.4,0.0695410292072323,"#ffd300"
9.2,6.4,0.0695410292072323,"#ffd300"
9.4,6.4,0.0695410292072323,"#ffd300"
10,6.4,0.0695410292072323,"#ffd300"
9.8,6.4,0.0695410292072323,"#ffd300"
9.6,6.4,0.0695410292072323,"#ffd300"
9,6.4,0.486787204450626,"#4daf4a"
9.2,6.3,0.486787204450626,"#4daf4a"
9.4,6.3,0.486787204450626,"#4daf4a"
10,5.5,0.486787204450626,"#ffd300"
9.8,5.6,0.486787204450626,"#ffd300"
9.6,5.6,0.486787204450626,"#ffd300"
9,1,3.78998609179416,"#AAAAAA"
9.2,1,3.78998609179416,"#AAAAAA"
9.4,1,3.78998609179416,"#AAAAAA"
10,1,3.78998609179416,"#AAAAAA"
9.8,1,3.78998609179416,"#AAAAAA"
9.6,1,3.78998609179416,"#AAAAAA"
9,5.5,6.81502086230876,"#4daf4a"
9.2,5.5,6.81502086230876,"#4daf4a"
9.4,5.5,6.81502086230876,"#4daf4a"
10,5.5,6.81502086230876,"#4daf4a"
9.8,5.5,6.81502086230876,"#4daf4a"
9.6,5.5,6.81502086230876,"#4daf4a"
9,5.5,0.243393602225313,"#a65628"
9.2,5.3,0.243393602225313,"#a65628"
9.4,5.3,0.243393602225313,"#a65628"
10,3.7,0.243393602225313,"#4daf4a"
9.8,3.9,0.243393602225313,"#4daf4a"
9.6,3.9,0.243393602225313,"#4daf4a"
9,3.7,0.0347705146036161,"#e41a1c"
9.2,3.5,0.0347705146036161,"#e41a1c"
9.4,3.5,0.0347705146036161,"#e41a1c"
10,1.9,0.0347705146036161,"#a65628"
9.8,2.1,0.0347705146036161,"#a65628"
9.6,2.1,0.0347705146036161,"#a65628"
9,3.7,0.0347705146036161,"#f781bf"
9.2,3.8,0.0347705146036161,"#f781bf"
9.4,3.8,0.0347705146036161,"#f781bf"
10,4.6,0.0347705146036161,"#a65628"
9.8,4.5,0.0347705146036161,"#a65628"
9.6,4.5,0.0347705146036161,"#a65628"
9,3.7,12.7955493741307,"#4daf4a"
9.2,3.9,12.7955493741307,"#4daf4a"
9.4,3.9,12.7955493741307,"#4daf4a"
10,5.5,12.7955493741307,"#a65628"
9.8,5.3,12.7955493741307,"#a65628"
9.6,5.3,12.7955493741307,"#a65628"
9,3.7,0.0347705146036161,"#a65628"
9.2,3.7,0.0347705146036161,"#a65628"
9.4,3.7,0.0347705146036161,"#a65628"
10,3.7,0.0347705146036161,"#a65628"
9.8,3.7,0.0347705146036161,"#a65628"
9.6,3.7,0.0347705146036161,"#a65628"
9,3.7,58.9012517385257,"#377eb8"
9.2,3.6,58.9012517385257,"#377eb8"
9.4,3.6,58.9012517385257,"#377eb8"
10,2.8,58.9012517385257,"#a65628"
9.8,2.9,58.9012517385257,"#a65628"
9.6,2.9,58.9012517385257,"#a65628"
9,2.8,0.695410292072323,"#ffd300"
9.2,3.2,0.695410292072323,"#ffd300"
9.4,3.2,0.695410292072323,"#ffd300"
10,6.4,0.695410292072323,"#377eb8"
9.8,6,0.695410292072323,"#377eb8"
9.6,6,0.695410292072323,"#377eb8"
9,2.8,16.0987482614743,"#4daf4a"
9.2,3.1,16.0987482614743,"#4daf4a"
9.4,3.1,16.0987482614743,"#4daf4a"
10,5.5,16.0987482614743,"#377eb8"
9.8,5.2,16.0987482614743,"#377eb8"
9.6,5.2,16.0987482614743,"#377eb8"
10,6.4,0.139082058414465,"#ffd300"
10.2,6.4,0.139082058414465,"#ffd300"
10.4,6.4,0.139082058414465,"#ffd300"
11,6.4,0.139082058414465,"#ffd300"
10.8,6.4,0.139082058414465,"#ffd300"
10.6,6.4,0.139082058414465,"#ffd300"
10,6.4,0.62586926286509,"#a65628"
10.2,6.1,0.62586926286509,"#a65628"
10.4,6.1,0.62586926286509,"#a65628"
11,3.7,0.62586926286509,"#ffd300"
10.8,4,0.62586926286509,"#ffd300"
10.6,4,0.62586926286509,"#ffd300"
10,1.9,0.0347705146036161,"#a65628"
10.2,2.1,0.0347705146036161,"#a65628"
10.4,2.1,0.0347705146036161,"#a65628"
11,3.7,0.0347705146036161,"#e41a1c"
10.8,3.5,0.0347705146036161,"#e41a1c"
10.6,3.5,0.0347705146036161,"#e41a1c"
10,4.6,0.0347705146036161,"#4daf4a"
10.2,4.7,0.0347705146036161,"#4daf4a"
10.4,4.7,0.0347705146036161,"#4daf4a"
11,5.5,0.0347705146036161,"#f781bf"
10.8,5.4,0.0347705146036161,"#f781bf"
10.6,5.4,0.0347705146036161,"#f781bf"
10,1,3.78998609179416,"#AAAAAA"
10.2,1,3.78998609179416,"#AAAAAA"
10.4,1,3.78998609179416,"#AAAAAA"
11,1,3.78998609179416,"#AAAAAA"
10.8,1,3.78998609179416,"#AAAAAA"
10.6,1,3.78998609179416,"#AAAAAA"
10,5.5,11.6481223922114,"#ffd300"
10.2,5.6,11.6481223922114,"#ffd300"
10.4,5.6,11.6481223922114,"#ffd300"
11,6.4,11.6481223922114,"#4daf4a"
10.8,6.3,11.6481223922114,"#4daf4a"
10.6,6.3,11.6481223922114,"#4daf4a"
10,5.5,0.869262865090403,"#4daf4a"
10.2,5.5,0.869262865090403,"#4daf4a"
10.4,5.5,0.869262865090403,"#4daf4a"
11,5.5,0.869262865090403,"#4daf4a"
10.8,5.5,0.869262865090403,"#4daf4a"
10.6,5.5,0.869262865090403,"#4daf4a"
10,5.5,23.6787204450626,"#a65628"
10.2,5.3,23.6787204450626,"#a65628"
10.4,5.3,23.6787204450626,"#a65628"
11,3.7,23.6787204450626,"#4daf4a"
10.8,3.9,23.6787204450626,"#4daf4a"
10.6,3.9,23.6787204450626,"#4daf4a"
10,3.7,0.0347705146036161,"#4daf4a"
10.2,3.9,0.0347705146036161,"#4daf4a"
10.4,3.9,0.0347705146036161,"#4daf4a"
11,5.5,0.0347705146036161,"#a65628"
10.8,5.3,0.0347705146036161,"#a65628"
10.6,5.3,0.0347705146036161,"#a65628"
10,3.7,0.243393602225313,"#a65628"
10.2,3.7,0.243393602225313,"#a65628"
10.4,3.7,0.243393602225313,"#a65628"
11,3.7,0.243393602225313,"#a65628"
10.8,3.7,0.243393602225313,"#a65628"
10.6,3.7,0.243393602225313,"#a65628"
10,2.8,0.208623087621697,"#ffd300"
10.2,3.2,0.208623087621697,"#ffd300"
10.4,3.2,0.208623087621697,"#ffd300"
11,6.4,0.208623087621697,"#377eb8"
10.8,6,0.208623087621697,"#377eb8"
10.6,6,0.208623087621697,"#377eb8"
10,2.8,35.2225312934631,"#4daf4a"
10.2,3.1,35.2225312934631,"#4daf4a"
10.4,3.1,35.2225312934631,"#4daf4a"
11,5.5,35.2225312934631,"#377eb8"
10.8,5.2,35.2225312934631,"#377eb8"
10.6,5.2,35.2225312934631,"#377eb8"
10,2.8,23.4700973574409,"#a65628"
10.2,2.9,23.4700973574409,"#a65628"
10.4,2.9,23.4700973574409,"#a65628"
11,3.7,23.4700973574409,"#377eb8"
10.8,3.6,23.4700973574409,"#377eb8"
10.6,3.6,23.4700973574409,"#377eb8"
11,6.4,0.104311543810848,"#ffd300"
11.2,6.4,0.104311543810848,"#ffd300"
11.4,6.4,0.104311543810848,"#ffd300"
12,6.4,0.104311543810848,"#ffd300"
11.8,6.4,0.104311543810848,"#ffd300"
11.6,6.4,0.104311543810848,"#ffd300"
11,6.4,11.7524339360223,"#4daf4a"
11.2,6.3,11.7524339360223,"#4daf4a"
11.4,6.3,11.7524339360223,"#4daf4a"
12,5.5,11.7524339360223,"#ffd300"
11.8,5.6,11.7524339360223,"#ffd300"
11.6,5.6,11.7524339360223,"#ffd300"
11,6.4,0.139082058414465,"#a65628"
11.2,6.1,0.139082058414465,"#a65628"
11.4,6.1,0.139082058414465,"#a65628"
12,3.7,0.139082058414465,"#ffd300"
11.8,4,0.139082058414465,"#ffd300"
11.6,4,0.139082058414465,"#ffd300"
11,1,2.92072322670376,"#AAAAAA"
11.2,1,2.92072322670376,"#AAAAAA"
11.4,1,2.92072322670376,"#AAAAAA"
12,1,2.92072322670376,"#AAAAAA"
11.8,1,2.92072322670376,"#AAAAAA"
11.6,1,2.92072322670376,"#AAAAAA"
11,1,0.869262865090403,"#a65628"
11.2,1.3,0.869262865090403,"#a65628"
11.4,1.3,0.869262865090403,"#a65628"
12,3.7,0.869262865090403,"#AAAAAA"
11.8,3.4,0.869262865090403,"#AAAAAA"
11.6,3.4,0.869262865090403,"#AAAAAA"
11,5.5,0.730180806675939,"#4daf4a"
11.2,5.5,0.730180806675939,"#4daf4a"
11.4,5.5,0.730180806675939,"#4daf4a"
12,5.5,0.730180806675939,"#4daf4a"
11.8,5.5,0.730180806675939,"#4daf4a"
11.6,5.5,0.730180806675939,"#4daf4a"
11,5.5,35.4311543810848,"#a65628"
11.2,5.3,35.4311543810848,"#a65628"
11.4,5.3,35.4311543810848,"#a65628"
12,3.7,35.4311543810848,"#4daf4a"
11.8,3.9,35.4311543810848,"#4daf4a"
11.6,3.9,35.4311543810848,"#4daf4a"
11,3.7,0.243393602225313,"#ffd300"
11.2,4,0.243393602225313,"#ffd300"
11.4,4,0.243393602225313,"#ffd300"
12,6.4,0.243393602225313,"#a65628"
11.8,6.1,0.243393602225313,"#a65628"
11.6,6.1,0.243393602225313,"#a65628"
11,3.7,0.0347705146036161,"#AAAAAA"
11.2,3.4,0.0347705146036161,"#AAAAAA"
11.4,3.4,0.0347705146036161,"#AAAAAA"
12,1,0.0347705146036161,"#a65628"
11.8,1.3,0.0347705146036161,"#a65628"
11.6,1.3,0.0347705146036161,"#a65628"
11,3.7,0.173852573018081,"#4daf4a"
11.2,3.9,0.173852573018081,"#4daf4a"
11.4,3.9,0.173852573018081,"#4daf4a"
12,5.5,0.173852573018081,"#a65628"
11.8,5.3,0.173852573018081,"#a65628"
11.6,5.3,0.173852573018081,"#a65628"
11,3.7,47.6008344923505,"#a65628"
11.2,3.7,47.6008344923505,"#a65628"
11.4,3.7,47.6008344923505,"#a65628"
12,3.7,47.6008344923505,"#a65628"
11.8,3.7,47.6008344923505,"#a65628"
11.6,3.7,47.6008344923505,"#a65628"
12,6.4,0.104311543810848,"#4daf4a"
12.2,6.3,0.104311543810848,"#4daf4a"
12.4,6.3,0.104311543810848,"#4daf4a"
13,5.5,0.104311543810848,"#ffd300"
12.8,5.6,0.104311543810848,"#ffd300"
12.6,5.6,0.104311543810848,"#ffd300"
12,6.4,0.208623087621697,"#a65628"
12.2,6.1,0.208623087621697,"#a65628"
12.4,6.1,0.208623087621697,"#a65628"
13,3.7,0.208623087621697,"#ffd300"
12.8,4,0.208623087621697,"#ffd300"
12.6,4,0.208623087621697,"#ffd300"
12,6.4,0.0347705146036161,"#377eb8"
12.2,6,0.0347705146036161,"#377eb8"
12.4,6,0.0347705146036161,"#377eb8"
13,2.8,0.0347705146036161,"#ffd300"
12.8,3.2,0.0347705146036161,"#ffd300"
12.6,3.2,0.0347705146036161,"#ffd300"
12,1,2.92072322670376,"#AAAAAA"
12.2,1,2.92072322670376,"#AAAAAA"
12.4,1,2.92072322670376,"#AAAAAA"
13,1,2.92072322670376,"#AAAAAA"
12.8,1,2.92072322670376,"#AAAAAA"
12.6,1,2.92072322670376,"#AAAAAA"
12,1,0.0347705146036161,"#a65628"
12.2,1.3,0.0347705146036161,"#a65628"
12.4,1.3,0.0347705146036161,"#a65628"
13,3.7,0.0347705146036161,"#AAAAAA"
12.8,3.4,0.0347705146036161,"#AAAAAA"
12.6,3.4,0.0347705146036161,"#AAAAAA"
12,5.5,0.0695410292072323,"#4daf4a"
12.2,5.5,0.0695410292072323,"#4daf4a"
12.4,5.5,0.0695410292072323,"#4daf4a"
13,5.5,0.0695410292072323,"#4daf4a"
12.8,5.5,0.0695410292072323,"#4daf4a"
12.6,5.5,0.0695410292072323,"#4daf4a"
12,5.5,12.586926286509,"#a65628"
12.2,5.3,12.586926286509,"#a65628"
12.4,5.3,12.586926286509,"#a65628"
13,3.7,12.586926286509,"#4daf4a"
12.8,3.9,12.586926286509,"#4daf4a"
12.6,3.9,12.586926286509,"#4daf4a"
12,3.7,0.0347705146036161,"#ffd300"
12.2,4,0.0347705146036161,"#ffd300"
12.4,4,0.0347705146036161,"#ffd300"
13,6.4,0.0347705146036161,"#a65628"
12.8,6.1,0.0347705146036161,"#a65628"
12.6,6.1,0.0347705146036161,"#a65628"
12,3.7,0.0347705146036161,"#f781bf"
12.2,3.8,0.0347705146036161,"#f781bf"
12.4,3.8,0.0347705146036161,"#f781bf"
13,4.6,0.0347705146036161,"#a65628"
12.8,4.5,0.0347705146036161,"#a65628"
12.6,4.5,0.0347705146036161,"#a65628"
12,3.7,1.52990264255911,"#4daf4a"
12.2,3.9,1.52990264255911,"#4daf4a"
12.4,3.9,1.52990264255911,"#4daf4a"
13,5.5,1.52990264255911,"#a65628"
12.8,5.3,1.52990264255911,"#a65628"
12.6,5.3,1.52990264255911,"#a65628"
12,3.7,2.29485396383867,"#a65628"
12.2,3.7,2.29485396383867,"#a65628"
12.4,3.7,2.29485396383867,"#a65628"
13,3.7,2.29485396383867,"#a65628"
12.8,3.7,2.29485396383867,"#a65628"
12.6,3.7,2.29485396383867,"#a65628"
12,3.7,80.1460361613352,"#377eb8"
12.2,3.6,80.1460361613352,"#377eb8"
12.4,3.6,80.1460361613352,"#377eb8"
13,2.8,80.1460361613352,"#a65628"
12.8,2.9,80.1460361613352,"#a65628"
12.6,2.9,80.1460361613352,"#a65628"
13,6.4,0.0347705146036161,"#4daf4a"
13.2,6.3,0.0347705146036161,"#4daf4a"
13.4,6.3,0.0347705146036161,"#4daf4a"
14,5.5,0.0347705146036161,"#ffd300"
13.8,5.6,0.0347705146036161,"#ffd300"
13.6,5.6,0.0347705146036161,"#ffd300"
13,4.6,0.0347705146036161,"#ffd300"
13.2,4.8,0.0347705146036161,"#ffd300"
13.4,4.8,0.0347705146036161,"#ffd300"
14,6.4,0.0347705146036161,"#f781bf"
13.8,6.2,0.0347705146036161,"#f781bf"
13.6,6.2,0.0347705146036161,"#f781bf"
13,1,2.92072322670376,"#AAAAAA"
13.2,1,2.92072322670376,"#AAAAAA"
13.4,1,2.92072322670376,"#AAAAAA"
14,1,2.92072322670376,"#AAAAAA"
13.8,1,2.92072322670376,"#AAAAAA"
13.6,1,2.92072322670376,"#AAAAAA"
13,5.5,0.243393602225313,"#ffd300"
13.2,5.6,0.243393602225313,"#ffd300"
13.4,5.6,0.243393602225313,"#ffd300"
14,6.4,0.243393602225313,"#4daf4a"
13.8,6.3,0.243393602225313,"#4daf4a"
13.6,6.3,0.243393602225313,"#4daf4a"
13,5.5,1.35605006954103,"#4daf4a"
13.2,5.5,1.35605006954103,"#4daf4a"
13.4,5.5,1.35605006954103,"#4daf4a"
14,5.5,1.35605006954103,"#4daf4a"
13.8,5.5,1.35605006954103,"#4daf4a"
13.6,5.5,1.35605006954103,"#4daf4a"
13,5.5,0.0695410292072323,"#a65628"
13.2,5.3,0.0695410292072323,"#a65628"
13.4,5.3,0.0695410292072323,"#a65628"
14,3.7,0.0695410292072323,"#4daf4a"
13.8,3.9,0.0695410292072323,"#4daf4a"
13.6,3.9,0.0695410292072323,"#4daf4a"
13,5.5,0.0347705146036161,"#377eb8"
13.2,5.2,0.0347705146036161,"#377eb8"
13.4,5.2,0.0347705146036161,"#377eb8"
14,2.8,0.0347705146036161,"#4daf4a"
13.8,3.1,0.0347705146036161,"#4daf4a"
13.6,3.1,0.0347705146036161,"#4daf4a"
13,3.7,0.278164116828929,"#ffd300"
13.2,4,0.278164116828929,"#ffd300"
13.4,4,0.278164116828929,"#ffd300"
14,6.4,0.278164116828929,"#a65628"
13.8,6.1,0.278164116828929,"#a65628"
13.6,6.1,0.278164116828929,"#a65628"
13,3.7,2.53824756606398,"#4daf4a"
13.2,3.9,2.53824756606398,"#4daf4a"
13.4,3.9,2.53824756606398,"#4daf4a"
14,5.5,2.53824756606398,"#a65628"
13.8,5.3,2.53824756606398,"#a65628"
13.6,5.3,2.53824756606398,"#a65628"
13,3.7,12.3087621696801,"#a65628"
13.2,3.7,12.3087621696801,"#a65628"
13.4,3.7,12.3087621696801,"#a65628"
14,3.7,12.3087621696801,"#a65628"
13.8,3.7,12.3087621696801,"#a65628"
13.6,3.7,12.3087621696801,"#a65628"
13,2.8,23.2614742698192,"#ffd300"
13.2,3.2,23.2614742698192,"#ffd300"
13.4,3.2,23.2614742698192,"#ffd300"
14,6.4,23.2614742698192,"#377eb8"
13.8,6,23.2614742698192,"#377eb8"
13.6,6,23.2614742698192,"#377eb8"
13,2.8,45.5146036161335,"#4daf4a"
13.2,3.1,45.5146036161335,"#4daf4a"
13.4,3.1,45.5146036161335,"#4daf4a"
14,5.5,45.5146036161335,"#377eb8"
13.8,5.2,45.5146036161335,"#377eb8"
13.6,5.2,45.5146036161335,"#377eb8"
13,2.8,11.4047287899861,"#a65628"
13.2,2.9,11.4047287899861,"#a65628"
13.4,2.9,11.4047287899861,"#a65628"
14,3.7,11.4047287899861,"#377eb8"
13.8,3.6,11.4047287899861,"#377eb8"
13.6,3.6,11.4047287899861,"#377eb8"
