"xCoords","yCoords","width","colorToUse"
1,6.4,44.952178533475,"#ffd300"
1.2,6.4,44.952178533475,"#ffd300"
1.4,6.4,44.952178533475,"#ffd300"
2,6.4,44.952178533475,"#ffd300"
1.8,6.4,44.952178533475,"#ffd300"
1.6,6.4,44.952178533475,"#ffd300"
1,6.4,0.0354233085370174,"#f781bf"
1.2,6.2,0.0354233085370174,"#f781bf"
1.4,6.2,0.0354233085370174,"#f781bf"
2,4.6,0.0354233085370174,"#ffd300"
1.8,4.8,0.0354233085370174,"#ffd300"
1.6,4.8,0.0354233085370174,"#ffd300"
1,6.4,5.38434289762664,"#AAAAAA"
1.2,5.8,5.38434289762664,"#AAAAAA"
1.4,5.8,5.38434289762664,"#AAAAAA"
2,1,5.38434289762664,"#ffd300"
1.8,1.6,5.38434289762664,"#ffd300"
1.6,1.6,5.38434289762664,"#ffd300"
1,6.4,5.73857598299681,"#4daf4a"
1.2,6.3,5.73857598299681,"#4daf4a"
1.4,6.3,5.73857598299681,"#4daf4a"
2,5.5,5.73857598299681,"#ffd300"
1.8,5.6,5.73857598299681,"#ffd300"
1.6,5.6,5.73857598299681,"#ffd300"
1,6.4,0.318809776833156,"#a65628"
1.2,6.1,0.318809776833156,"#a65628"
1.4,6.1,0.318809776833156,"#a65628"
2,3.7,0.318809776833156,"#ffd300"
1.8,4,0.318809776833156,"#ffd300"
1.6,4,0.318809776833156,"#ffd300"
1,6.4,0.106269925611052,"#377eb8"
1.2,6,0.106269925611052,"#377eb8"
1.4,6,0.106269925611052,"#377eb8"
2,2.8,0.106269925611052,"#ffd300"
1.8,3.2,0.106269925611052,"#ffd300"
1.6,3.2,0.106269925611052,"#ffd300"
1,4.6,0.106269925611052,"#f781bf"
1.2,4.6,0.106269925611052,"#f781bf"
1.4,4.6,0.106269925611052,"#f781bf"
2,4.6,0.106269925611052,"#f781bf"
1.8,4.6,0.106269925611052,"#f781bf"
1.6,4.6,0.106269925611052,"#f781bf"
1,4.6,0.106269925611052,"#AAAAAA"
1.2,4.2,0.106269925611052,"#AAAAAA"
1.4,4.2,0.106269925611052,"#AAAAAA"
2,1,0.106269925611052,"#f781bf"
1.8,1.4,0.106269925611052,"#f781bf"
1.6,1.4,0.106269925611052,"#f781bf"
1,1,3.01098122564648,"#ffd300"
1.2,1.6,3.01098122564648,"#ffd300"
1.4,1.6,3.01098122564648,"#ffd300"
2,6.4,3.01098122564648,"#AAAAAA"
1.8,5.8,3.01098122564648,"#AAAAAA"
1.6,5.8,3.01098122564648,"#AAAAAA"
1,1,0.0708466170740347,"#f781bf"
1.2,1.4,0.0708466170740347,"#f781bf"
1.4,1.4,0.0708466170740347,"#f781bf"
2,4.6,0.0708466170740347,"#AAAAAA"
1.8,4.2,0.0708466170740347,"#AAAAAA"
1.6,4.2,0.0708466170740347,"#AAAAAA"
1,1,34.0063761955367,"#AAAAAA"
1.2,1,34.0063761955367,"#AAAAAA"
1.4,1,34.0063761955367,"#AAAAAA"
2,1,34.0063761955367,"#AAAAAA"
1.8,1,34.0063761955367,"#AAAAAA"
1.6,1,34.0063761955367,"#AAAAAA"
1,1,0.318809776833156,"#4daf4a"
1.2,1.5,0.318809776833156,"#4daf4a"
1.4,1.5,0.318809776833156,"#4daf4a"
2,5.5,0.318809776833156,"#AAAAAA"
1.8,5,0.318809776833156,"#AAAAAA"
1.6,5,0.318809776833156,"#AAAAAA"
1,1,0.318809776833156,"#a65628"
1.2,1.3,0.318809776833156,"#a65628"
1.4,1.3,0.318809776833156,"#a65628"
2,3.7,0.318809776833156,"#AAAAAA"
1.8,3.4,0.318809776833156,"#AAAAAA"
1.6,3.4,0.318809776833156,"#AAAAAA"
1,5.5,0.354233085370174,"#ffd300"
1.2,5.6,0.354233085370174,"#ffd300"
1.4,5.6,0.354233085370174,"#ffd300"
2,6.4,0.354233085370174,"#4daf4a"
1.8,6.3,0.354233085370174,"#4daf4a"
1.6,6.3,0.354233085370174,"#4daf4a"
1,5.5,0.141693234148069,"#f781bf"
1.2,5.4,0.141693234148069,"#f781bf"
1.4,5.4,0.141693234148069,"#f781bf"
2,4.6,0.141693234148069,"#4daf4a"
1.8,4.7,0.141693234148069,"#4daf4a"
1.6,4.7,0.141693234148069,"#4daf4a"
1,5.5,3.64860077931279,"#AAAAAA"
1.2,5,3.64860077931279,"#AAAAAA"
1.4,5,3.64860077931279,"#AAAAAA"
2,1,3.64860077931279,"#4daf4a"
1.8,1.5,3.64860077931279,"#4daf4a"
1.6,1.5,3.64860077931279,"#4daf4a"
1,5.5,0.389656393907191,"#4daf4a"
1.2,5.5,0.389656393907191,"#4daf4a"
1.4,5.5,0.389656393907191,"#4daf4a"
2,5.5,0.389656393907191,"#4daf4a"
1.8,5.5,0.389656393907191,"#4daf4a"
1.6,5.5,0.389656393907191,"#4daf4a"
1,5.5,0.779312787814382,"#a65628"
1.2,5.3,0.779312787814382,"#a65628"
1.4,5.3,0.779312787814382,"#a65628"
2,3.7,0.779312787814382,"#4daf4a"
1.8,3.9,0.779312787814382,"#4daf4a"
1.6,3.9,0.779312787814382,"#4daf4a"
1,3.7,0.177116542685087,"#AAAAAA"
1.2,3.4,0.177116542685087,"#AAAAAA"
1.4,3.4,0.177116542685087,"#AAAAAA"
2,1,0.177116542685087,"#a65628"
1.8,1.3,0.177116542685087,"#a65628"
1.6,1.3,0.177116542685087,"#a65628"
1,3.7,0.0354233085370174,"#a65628"
1.2,3.7,0.0354233085370174,"#a65628"
1.4,3.7,0.0354233085370174,"#a65628"
2,3.7,0.0354233085370174,"#a65628"
1.8,3.7,0.0354233085370174,"#a65628"
1.6,3.7,0.0354233085370174,"#a65628"
2,6.4,1.13354587318456,"#ffd300"
2.2,6.4,1.13354587318456,"#ffd300"
2.4,6.4,1.13354587318456,"#ffd300"
3,6.4,1.13354587318456,"#ffd300"
2.8,6.4,1.13354587318456,"#ffd300"
2.6,6.4,1.13354587318456,"#ffd300"
2,6.4,0.0708466170740347,"#f781bf"
2.2,6.2,0.0708466170740347,"#f781bf"
2.4,6.2,0.0708466170740347,"#f781bf"
3,4.6,0.0708466170740347,"#ffd300"
2.8,4.8,0.0708466170740347,"#ffd300"
2.6,4.8,0.0708466170740347,"#ffd300"
2,6.4,1.98370527807297,"#AAAAAA"
2.2,5.8,1.98370527807297,"#AAAAAA"
2.4,5.8,1.98370527807297,"#AAAAAA"
3,1,1.98370527807297,"#ffd300"
2.8,1.6,1.98370527807297,"#ffd300"
2.6,1.6,1.98370527807297,"#ffd300"
2,6.4,44.952178533475,"#4daf4a"
2.2,6.3,44.952178533475,"#4daf4a"
2.4,6.3,44.952178533475,"#4daf4a"
3,5.5,44.952178533475,"#ffd300"
2.8,5.6,44.952178533475,"#ffd300"
2.6,5.6,44.952178533475,"#ffd300"
2,6.4,0.177116542685087,"#a65628"
2.2,6.1,0.177116542685087,"#a65628"
2.4,6.1,0.177116542685087,"#a65628"
3,3.7,0.177116542685087,"#ffd300"
2.8,4,0.177116542685087,"#ffd300"
2.6,4,0.177116542685087,"#ffd300"
2,4.6,0.0354233085370174,"#ffd300"
2.2,4.8,0.0354233085370174,"#ffd300"
2.4,4.8,0.0354233085370174,"#ffd300"
3,6.4,0.0354233085370174,"#f781bf"
2.8,6.2,0.0354233085370174,"#f781bf"
2.6,6.2,0.0354233085370174,"#f781bf"
2,4.6,0.0708466170740347,"#f781bf"
2.2,4.6,0.0708466170740347,"#f781bf"
2.4,4.6,0.0708466170740347,"#f781bf"
3,4.6,0.0708466170740347,"#f781bf"
2.8,4.6,0.0708466170740347,"#f781bf"
2.6,4.6,0.0708466170740347,"#f781bf"
2,4.6,0.0708466170740347,"#AAAAAA"
2.2,4.2,0.0708466170740347,"#AAAAAA"
2.4,4.2,0.0708466170740347,"#AAAAAA"
3,1,0.0708466170740347,"#f781bf"
2.8,1.4,0.0708466170740347,"#f781bf"
2.6,1.4,0.0708466170740347,"#f781bf"
2,4.6,0.141693234148069,"#4daf4a"
2.2,4.7,0.141693234148069,"#4daf4a"
2.4,4.7,0.141693234148069,"#4daf4a"
3,5.5,0.141693234148069,"#f781bf"
2.8,5.4,0.141693234148069,"#f781bf"
2.6,5.4,0.141693234148069,"#f781bf"
2,1,1.52320226709175,"#ffd300"
2.2,1.6,1.52320226709175,"#ffd300"
2.4,1.6,1.52320226709175,"#ffd300"
3,6.4,1.52320226709175,"#AAAAAA"
2.8,5.8,1.52320226709175,"#AAAAAA"
2.6,5.8,1.52320226709175,"#AAAAAA"
2,1,0.212539851222104,"#f781bf"
2.2,1.4,0.212539851222104,"#f781bf"
2.4,1.4,0.212539851222104,"#f781bf"
3,4.6,0.212539851222104,"#AAAAAA"
2.8,4.2,0.212539851222104,"#AAAAAA"
2.6,4.2,0.212539851222104,"#AAAAAA"
2,1,36.9819341126461,"#AAAAAA"
2.2,1,36.9819341126461,"#AAAAAA"
2.4,1,36.9819341126461,"#AAAAAA"
3,1,36.9819341126461,"#AAAAAA"
2.8,1,36.9819341126461,"#AAAAAA"
2.6,1,36.9819341126461,"#AAAAAA"
2,1,3.89656393907191,"#4daf4a"
2.2,1.5,3.89656393907191,"#4daf4a"
2.4,1.5,3.89656393907191,"#4daf4a"
3,5.5,3.89656393907191,"#AAAAAA"
2.8,5,3.89656393907191,"#AAAAAA"
2.6,5,3.89656393907191,"#AAAAAA"
2,1,0.743889479277364,"#a65628"
2.2,1.3,0.743889479277364,"#a65628"
2.4,1.3,0.743889479277364,"#a65628"
3,3.7,0.743889479277364,"#AAAAAA"
2.8,3.4,0.743889479277364,"#AAAAAA"
2.6,3.4,0.743889479277364,"#AAAAAA"
2,5.5,5.1009564293305,"#ffd300"
2.2,5.6,5.1009564293305,"#ffd300"
2.4,5.6,5.1009564293305,"#ffd300"
3,6.4,5.1009564293305,"#4daf4a"
2.8,6.3,5.1009564293305,"#4daf4a"
2.6,6.3,5.1009564293305,"#4daf4a"
2,5.5,0.0354233085370174,"#f781bf"
2.2,5.4,0.0354233085370174,"#f781bf"
2.4,5.4,0.0354233085370174,"#f781bf"
3,4.6,0.0354233085370174,"#4daf4a"
2.8,4.7,0.0354233085370174,"#4daf4a"
2.6,4.7,0.0354233085370174,"#4daf4a"
2,5.5,0.495926319518243,"#AAAAAA"
2.2,5,0.495926319518243,"#AAAAAA"
2.4,5,0.495926319518243,"#AAAAAA"
3,1,0.495926319518243,"#4daf4a"
2.8,1.5,0.495926319518243,"#4daf4a"
2.6,1.5,0.495926319518243,"#4daf4a"
2,5.5,0.53134962805526,"#4daf4a"
2.2,5.5,0.53134962805526,"#4daf4a"
2.4,5.5,0.53134962805526,"#4daf4a"
3,5.5,0.53134962805526,"#4daf4a"
2.8,5.5,0.53134962805526,"#4daf4a"
2.6,5.5,0.53134962805526,"#4daf4a"
2,5.5,0.283386468296139,"#a65628"
2.2,5.3,0.283386468296139,"#a65628"
2.4,5.3,0.283386468296139,"#a65628"
3,3.7,0.283386468296139,"#4daf4a"
2.8,3.9,0.283386468296139,"#4daf4a"
2.6,3.9,0.283386468296139,"#4daf4a"
2,3.7,0.637619553666312,"#ffd300"
2.2,4,0.637619553666312,"#ffd300"
2.4,4,0.637619553666312,"#ffd300"
3,6.4,0.637619553666312,"#a65628"
2.8,6.1,0.637619553666312,"#a65628"
2.6,6.1,0.637619553666312,"#a65628"
2,3.7,0.106269925611052,"#AAAAAA"
2.2,3.4,0.106269925611052,"#AAAAAA"
2.4,3.4,0.106269925611052,"#AAAAAA"
3,1,0.106269925611052,"#a65628"
2.8,1.3,0.106269925611052,"#a65628"
2.6,1.3,0.106269925611052,"#a65628"
2,3.7,0.708466170740347,"#4daf4a"
2.2,3.9,0.708466170740347,"#4daf4a"
2.4,3.9,0.708466170740347,"#4daf4a"
3,5.5,0.708466170740347,"#a65628"
2.8,5.3,0.708466170740347,"#a65628"
2.6,5.3,0.708466170740347,"#a65628"
2,2.8,0.106269925611052,"#4daf4a"
2.2,3.1,0.106269925611052,"#4daf4a"
2.4,3.1,0.106269925611052,"#4daf4a"
3,5.5,0.106269925611052,"#377eb8"
2.8,5.2,0.106269925611052,"#377eb8"
2.6,5.2,0.106269925611052,"#377eb8"
3,6.4,0.602196245129295,"#ffd300"
3.2,6.4,0.602196245129295,"#ffd300"
3.4,6.4,0.602196245129295,"#ffd300"
4,6.4,0.602196245129295,"#ffd300"
3.8,6.4,0.602196245129295,"#ffd300"
3.6,6.4,0.602196245129295,"#ffd300"
3,6.4,0.850159404888417,"#AAAAAA"
3.2,5.8,0.850159404888417,"#AAAAAA"
3.4,5.8,0.850159404888417,"#AAAAAA"
4,1,0.850159404888417,"#ffd300"
3.8,1.6,0.850159404888417,"#ffd300"
3.6,1.6,0.850159404888417,"#ffd300"
3,6.4,6.97839178179242,"#4daf4a"
3.2,6.3,6.97839178179242,"#4daf4a"
3.4,6.3,6.97839178179242,"#4daf4a"
4,5.5,6.97839178179242,"#ffd300"
3.8,5.6,6.97839178179242,"#ffd300"
3.6,5.6,6.97839178179242,"#ffd300"
3,4.6,0.212539851222104,"#ffd300"
3.2,4.8,0.212539851222104,"#ffd300"
3.4,4.8,0.212539851222104,"#ffd300"
4,6.4,0.212539851222104,"#f781bf"
3.8,6.2,0.212539851222104,"#f781bf"
3.6,6.2,0.212539851222104,"#f781bf"
3,4.6,0.0354233085370174,"#f781bf"
3.2,4.6,0.0354233085370174,"#f781bf"
3.4,4.6,0.0354233085370174,"#f781bf"
4,4.6,0.0354233085370174,"#f781bf"
3.8,4.6,0.0354233085370174,"#f781bf"
3.6,4.6,0.0354233085370174,"#f781bf"
3,4.6,0.106269925611052,"#AAAAAA"
3.2,4.2,0.106269925611052,"#AAAAAA"
3.4,4.2,0.106269925611052,"#AAAAAA"
4,1,0.106269925611052,"#f781bf"
3.8,1.4,0.106269925611052,"#f781bf"
3.6,1.4,0.106269925611052,"#f781bf"
3,4.6,0.0354233085370174,"#4daf4a"
3.2,4.7,0.0354233085370174,"#4daf4a"
3.4,4.7,0.0354233085370174,"#4daf4a"
4,5.5,0.0354233085370174,"#f781bf"
3.8,5.4,0.0354233085370174,"#f781bf"
3.6,5.4,0.0354233085370174,"#f781bf"
3,1,4.14452709883103,"#ffd300"
3.2,1.6,4.14452709883103,"#ffd300"
3.4,1.6,4.14452709883103,"#ffd300"
4,6.4,4.14452709883103,"#AAAAAA"
3.8,5.8,4.14452709883103,"#AAAAAA"
3.6,5.8,4.14452709883103,"#AAAAAA"
3,1,0.0354233085370174,"#f781bf"
3.2,1.4,0.0354233085370174,"#f781bf"
3.4,1.4,0.0354233085370174,"#f781bf"
4,4.6,0.0354233085370174,"#AAAAAA"
3.8,4.2,0.0354233085370174,"#AAAAAA"
3.6,4.2,0.0354233085370174,"#AAAAAA"
3,1,33.7938363443146,"#AAAAAA"
3.2,1,33.7938363443146,"#AAAAAA"
3.4,1,33.7938363443146,"#AAAAAA"
4,1,33.7938363443146,"#AAAAAA"
3.8,1,33.7938363443146,"#AAAAAA"
3.6,1,33.7938363443146,"#AAAAAA"
3,1,1.55862557562876,"#4daf4a"
3.2,1.5,1.55862557562876,"#4daf4a"
3.4,1.5,1.55862557562876,"#4daf4a"
4,5.5,1.55862557562876,"#AAAAAA"
3.8,5,1.55862557562876,"#AAAAAA"
3.6,5,1.55862557562876,"#AAAAAA"
3,1,0.106269925611052,"#a65628"
3.2,1.3,0.106269925611052,"#a65628"
3.4,1.3,0.106269925611052,"#a65628"
4,3.7,0.106269925611052,"#AAAAAA"
3.8,3.4,0.106269925611052,"#AAAAAA"
3.6,3.4,0.106269925611052,"#AAAAAA"
3,5.5,45.2355650017712,"#ffd300"
3.2,5.6,45.2355650017712,"#ffd300"
3.4,5.6,45.2355650017712,"#ffd300"
4,6.4,45.2355650017712,"#4daf4a"
3.8,6.3,45.2355650017712,"#4daf4a"
3.6,6.3,45.2355650017712,"#4daf4a"
3,5.5,0.779312787814382,"#AAAAAA"
3.2,5,0.779312787814382,"#AAAAAA"
3.4,5,0.779312787814382,"#AAAAAA"
4,1,0.779312787814382,"#4daf4a"
3.8,1.5,0.779312787814382,"#4daf4a"
3.6,1.5,0.779312787814382,"#4daf4a"
3,5.5,4.32164364151612,"#4daf4a"
3.2,5.5,4.32164364151612,"#4daf4a"
3.4,5.5,4.32164364151612,"#4daf4a"
4,5.5,4.32164364151612,"#4daf4a"
3.8,5.5,4.32164364151612,"#4daf4a"
3.6,5.5,4.32164364151612,"#4daf4a"
3,3.7,0.53134962805526,"#ffd300"
3.2,4,0.53134962805526,"#ffd300"
3.4,4,0.53134962805526,"#ffd300"
4,6.4,0.53134962805526,"#a65628"
3.8,6.1,0.53134962805526,"#a65628"
3.6,6.1,0.53134962805526,"#a65628"
3,3.7,0.354233085370174,"#AAAAAA"
3.2,3.4,0.354233085370174,"#AAAAAA"
3.4,3.4,0.354233085370174,"#AAAAAA"
4,1,0.354233085370174,"#a65628"
3.8,1.3,0.354233085370174,"#a65628"
3.6,1.3,0.354233085370174,"#a65628"
3,3.7,0.318809776833156,"#4daf4a"
3.2,3.9,0.318809776833156,"#4daf4a"
3.4,3.9,0.318809776833156,"#4daf4a"
4,5.5,0.318809776833156,"#a65628"
3.8,5.3,0.318809776833156,"#a65628"
3.6,5.3,0.318809776833156,"#a65628"
4,6.4,3.36521431101665,"#ffd300"
4.2,6.4,3.36521431101665,"#ffd300"
4.4,6.4,3.36521431101665,"#ffd300"
5,6.4,3.36521431101665,"#ffd300"
4.8,6.4,3.36521431101665,"#ffd300"
4.6,6.4,3.36521431101665,"#ffd300"
4,6.4,0.921006021962451,"#AAAAAA"
4.2,5.8,0.921006021962451,"#AAAAAA"
4.4,5.8,0.921006021962451,"#AAAAAA"
5,1,0.921006021962451,"#ffd300"
4.8,1.6,0.921006021962451,"#ffd300"
4.6,1.6,0.921006021962451,"#ffd300"
4,6.4,46.0503010981226,"#4daf4a"
4.2,6.3,46.0503010981226,"#4daf4a"
4.4,6.3,46.0503010981226,"#4daf4a"
5,5.5,46.0503010981226,"#ffd300"
4.8,5.6,46.0503010981226,"#ffd300"
4.6,5.6,46.0503010981226,"#ffd300"
4,6.4,0.318809776833156,"#a65628"
4.2,6.1,0.318809776833156,"#a65628"
4.4,6.1,0.318809776833156,"#a65628"
5,3.7,0.318809776833156,"#ffd300"
4.8,4,0.318809776833156,"#ffd300"
4.6,4,0.318809776833156,"#ffd300"
4,6.4,0.0708466170740347,"#377eb8"
4.2,6,0.0708466170740347,"#377eb8"
4.4,6,0.0708466170740347,"#377eb8"
5,2.8,0.0708466170740347,"#ffd300"
4.8,3.2,0.0708466170740347,"#ffd300"
4.6,3.2,0.0708466170740347,"#ffd300"
4,4.6,0.0354233085370174,"#AAAAAA"
4.2,4.2,0.0354233085370174,"#AAAAAA"
4.4,4.2,0.0354233085370174,"#AAAAAA"
5,1,0.0354233085370174,"#f781bf"
4.8,1.4,0.0354233085370174,"#f781bf"
4.6,1.4,0.0354233085370174,"#f781bf"
4,1,1.34608572440666,"#ffd300"
4.2,1.6,1.34608572440666,"#ffd300"
4.4,1.6,1.34608572440666,"#ffd300"
5,6.4,1.34608572440666,"#AAAAAA"
4.8,5.8,1.34608572440666,"#AAAAAA"
4.6,5.8,1.34608572440666,"#AAAAAA"
4,1,32.554020545519,"#AAAAAA"
4.2,1,32.554020545519,"#AAAAAA"
4.4,1,32.554020545519,"#AAAAAA"
5,1,32.554020545519,"#AAAAAA"
4.8,1,32.554020545519,"#AAAAAA"
4.6,1,32.554020545519,"#AAAAAA"
4,1,1.80658873538789,"#4daf4a"
4.2,1.5,1.80658873538789,"#4daf4a"
4.4,1.5,1.80658873538789,"#4daf4a"
5,5.5,1.80658873538789,"#AAAAAA"
4.8,5,1.80658873538789,"#AAAAAA"
4.6,5,1.80658873538789,"#AAAAAA"
4,1,0.212539851222104,"#a65628"
4.2,1.3,0.212539851222104,"#a65628"
4.4,1.3,0.212539851222104,"#a65628"
5,3.7,0.212539851222104,"#AAAAAA"
4.8,3.4,0.212539851222104,"#AAAAAA"
4.6,3.4,0.212539851222104,"#AAAAAA"
4,5.5,11.3000354233085,"#ffd300"
4.2,5.6,11.3000354233085,"#ffd300"
4.4,5.6,11.3000354233085,"#ffd300"
5,6.4,11.3000354233085,"#4daf4a"
4.8,6.3,11.3000354233085,"#4daf4a"
4.6,6.3,11.3000354233085,"#4daf4a"
4,5.5,0.67304286220333,"#AAAAAA"
4.2,5,0.67304286220333,"#AAAAAA"
4.4,5,0.67304286220333,"#AAAAAA"
5,1,0.67304286220333,"#4daf4a"
4.8,1.5,0.67304286220333,"#4daf4a"
4.6,1.5,0.67304286220333,"#4daf4a"
4,5.5,0.991852639036486,"#4daf4a"
4.2,5.5,0.991852639036486,"#4daf4a"
4.4,5.5,0.991852639036486,"#4daf4a"
5,5.5,0.991852639036486,"#4daf4a"
4.8,5.5,0.991852639036486,"#4daf4a"
4.6,5.5,0.991852639036486,"#4daf4a"
4,5.5,0.247963159759122,"#a65628"
4.2,5.3,0.247963159759122,"#a65628"
4.4,5.3,0.247963159759122,"#a65628"
5,3.7,0.247963159759122,"#4daf4a"
4.8,3.9,0.247963159759122,"#4daf4a"
4.6,3.9,0.247963159759122,"#4daf4a"
4,3.7,0.106269925611052,"#AAAAAA"
4.2,3.4,0.106269925611052,"#AAAAAA"
4.4,3.4,0.106269925611052,"#AAAAAA"
5,1,0.106269925611052,"#a65628"
4.8,1.3,0.106269925611052,"#a65628"
4.6,1.3,0.106269925611052,"#a65628"
5,6.4,1.73574211831385,"#ffd300"
5.2,6.4,1.73574211831385,"#ffd300"
5.4,6.4,1.73574211831385,"#ffd300"
6,6.4,1.73574211831385,"#ffd300"
5.8,6.4,1.73574211831385,"#ffd300"
5.6,6.4,1.73574211831385,"#ffd300"
5,6.4,0.814736096351399,"#AAAAAA"
5.2,5.8,0.814736096351399,"#AAAAAA"
5.4,5.8,0.814736096351399,"#AAAAAA"
6,1,0.814736096351399,"#ffd300"
5.8,1.6,0.814736096351399,"#ffd300"
5.6,1.6,0.814736096351399,"#ffd300"
5,6.4,13.4608572440666,"#4daf4a"
5.2,6.3,13.4608572440666,"#4daf4a"
5.4,6.3,13.4608572440666,"#4daf4a"
6,5.5,13.4608572440666,"#ffd300"
5.8,5.6,13.4608572440666,"#ffd300"
5.6,5.6,13.4608572440666,"#ffd300"
5,4.6,0.0354233085370174,"#f781bf"
5.2,4.6,0.0354233085370174,"#f781bf"
5.4,4.6,0.0354233085370174,"#f781bf"
6,4.6,0.0354233085370174,"#f781bf"
5.8,4.6,0.0354233085370174,"#f781bf"
5.6,4.6,0.0354233085370174,"#f781bf"
5,1,0.460503010981226,"#ffd300"
5.2,1.6,0.460503010981226,"#ffd300"
5.4,1.6,0.460503010981226,"#ffd300"
6,6.4,0.460503010981226,"#AAAAAA"
5.8,5.8,0.460503010981226,"#AAAAAA"
5.6,5.8,0.460503010981226,"#AAAAAA"
5,1,0.106269925611052,"#f781bf"
5.2,1.4,0.106269925611052,"#f781bf"
5.4,1.4,0.106269925611052,"#f781bf"
6,4.6,0.106269925611052,"#AAAAAA"
5.8,4.2,0.106269925611052,"#AAAAAA"
5.6,4.2,0.106269925611052,"#AAAAAA"
5,1,32.731137088204,"#AAAAAA"
5.2,1,32.731137088204,"#AAAAAA"
5.4,1,32.731137088204,"#AAAAAA"
6,1,32.731137088204,"#AAAAAA"
5.8,1,32.731137088204,"#AAAAAA"
5.6,1,32.731137088204,"#AAAAAA"
5,1,0.956429330499469,"#4daf4a"
5.2,1.5,0.956429330499469,"#4daf4a"
5.4,1.5,0.956429330499469,"#4daf4a"
6,5.5,0.956429330499469,"#AAAAAA"
5.8,5,0.956429330499469,"#AAAAAA"
5.6,5,0.956429330499469,"#AAAAAA"
5,5.5,42.4371236273468,"#ffd300"
5.2,5.6,42.4371236273468,"#ffd300"
5.4,5.6,42.4371236273468,"#ffd300"
6,6.4,42.4371236273468,"#4daf4a"
5.8,6.3,42.4371236273468,"#4daf4a"
5.6,6.3,42.4371236273468,"#4daf4a"
5,5.5,4.53418349273822,"#AAAAAA"
5.2,5,4.53418349273822,"#AAAAAA"
5.4,5,4.53418349273822,"#AAAAAA"
6,1,4.53418349273822,"#4daf4a"
5.8,1.5,4.53418349273822,"#4daf4a"
5.6,1.5,4.53418349273822,"#4daf4a"
5,5.5,1.87743535246192,"#4daf4a"
5.2,5.5,1.87743535246192,"#4daf4a"
5.4,5.5,1.87743535246192,"#4daf4a"
6,5.5,1.87743535246192,"#4daf4a"
5.8,5.5,1.87743535246192,"#4daf4a"
5.6,5.5,1.87743535246192,"#4daf4a"
5,3.7,0.0708466170740347,"#ffd300"
5.2,4,0.0708466170740347,"#ffd300"
5.4,4,0.0708466170740347,"#ffd300"
6,6.4,0.0708466170740347,"#a65628"
5.8,6.1,0.0708466170740347,"#a65628"
5.6,6.1,0.0708466170740347,"#a65628"
5,3.7,0.708466170740347,"#4daf4a"
5.2,3.9,0.708466170740347,"#4daf4a"
5.4,3.9,0.708466170740347,"#4daf4a"
6,5.5,0.708466170740347,"#a65628"
5.8,5.3,0.708466170740347,"#a65628"
5.6,5.3,0.708466170740347,"#a65628"
5,2.8,0.0354233085370174,"#f781bf"
5.2,3,0.0354233085370174,"#f781bf"
5.4,3,0.0354233085370174,"#f781bf"
6,4.6,0.0354233085370174,"#377eb8"
5.8,4.4,0.0354233085370174,"#377eb8"
5.6,4.4,0.0354233085370174,"#377eb8"
5,2.8,0.0354233085370174,"#4daf4a"
5.2,3.1,0.0354233085370174,"#4daf4a"
5.4,3.1,0.0354233085370174,"#4daf4a"
6,5.5,0.0354233085370174,"#377eb8"
5.8,5.2,0.0354233085370174,"#377eb8"
5.6,5.2,0.0354233085370174,"#377eb8"
6,6.4,1.41693234148069,"#ffd300"
6.2,6.4,1.41693234148069,"#ffd300"
6.4,6.4,1.41693234148069,"#ffd300"
7,6.4,1.41693234148069,"#ffd300"
6.8,6.4,1.41693234148069,"#ffd300"
6.6,6.4,1.41693234148069,"#ffd300"
6,6.4,0.283386468296139,"#AAAAAA"
6.2,5.8,0.283386468296139,"#AAAAAA"
6.4,5.8,0.283386468296139,"#AAAAAA"
7,1,0.283386468296139,"#ffd300"
6.8,1.6,0.283386468296139,"#ffd300"
6.6,1.6,0.283386468296139,"#ffd300"
6,6.4,43.0038965639391,"#4daf4a"
6.2,6.3,43.0038965639391,"#4daf4a"
6.4,6.3,43.0038965639391,"#4daf4a"
7,5.5,43.0038965639391,"#ffd300"
6.8,5.6,43.0038965639391,"#ffd300"
6.6,5.6,43.0038965639391,"#ffd300"
6,4.6,0.0354233085370174,"#ffd300"
6.2,4.8,0.0354233085370174,"#ffd300"
6.4,4.8,0.0354233085370174,"#ffd300"
7,6.4,0.0354233085370174,"#f781bf"
6.8,6.2,0.0354233085370174,"#f781bf"
6.6,6.2,0.0354233085370174,"#f781bf"
6,4.6,0.0354233085370174,"#f781bf"
6.2,4.6,0.0354233085370174,"#f781bf"
6.4,4.6,0.0354233085370174,"#f781bf"
7,4.6,0.0354233085370174,"#f781bf"
6.8,4.6,0.0354233085370174,"#f781bf"
6.6,4.6,0.0354233085370174,"#f781bf"
6,4.6,0.0708466170740347,"#AAAAAA"
6.2,4.2,0.0708466170740347,"#AAAAAA"
6.4,4.2,0.0708466170740347,"#AAAAAA"
7,1,0.0708466170740347,"#f781bf"
6.8,1.4,0.0708466170740347,"#f781bf"
6.6,1.4,0.0708466170740347,"#f781bf"
6,1,1.23981579879561,"#ffd300"
6.2,1.6,1.23981579879561,"#ffd300"
6.4,1.6,1.23981579879561,"#ffd300"
7,6.4,1.23981579879561,"#AAAAAA"
6.8,5.8,1.23981579879561,"#AAAAAA"
6.6,5.8,1.23981579879561,"#AAAAAA"
6,1,0.212539851222104,"#f781bf"
6.2,1.4,0.212539851222104,"#f781bf"
6.4,1.4,0.212539851222104,"#f781bf"
7,4.6,0.212539851222104,"#AAAAAA"
6.8,4.2,0.212539851222104,"#AAAAAA"
6.6,4.2,0.212539851222104,"#AAAAAA"
6,1,30.0035423308537,"#AAAAAA"
6.2,1,30.0035423308537,"#AAAAAA"
6.4,1,30.0035423308537,"#AAAAAA"
7,1,30.0035423308537,"#AAAAAA"
6.8,1,30.0035423308537,"#AAAAAA"
6.6,1,30.0035423308537,"#AAAAAA"
6,1,6.65958200495926,"#4daf4a"
6.2,1.5,6.65958200495926,"#4daf4a"
6.4,1.5,6.65958200495926,"#4daf4a"
7,5.5,6.65958200495926,"#AAAAAA"
6.8,5,6.65958200495926,"#AAAAAA"
6.6,5,6.65958200495926,"#AAAAAA"
6,5.5,10.9458023379384,"#ffd300"
6.2,5.6,10.9458023379384,"#ffd300"
6.4,5.6,10.9458023379384,"#ffd300"
7,6.4,10.9458023379384,"#4daf4a"
6.8,6.3,10.9458023379384,"#4daf4a"
6.6,6.3,10.9458023379384,"#4daf4a"
6,5.5,0.0354233085370174,"#e41a1c"
6.2,5.1,0.0354233085370174,"#e41a1c"
6.4,5.1,0.0354233085370174,"#e41a1c"
7,1.9,0.0354233085370174,"#4daf4a"
6.8,2.3,0.0354233085370174,"#4daf4a"
6.6,2.3,0.0354233085370174,"#4daf4a"
6,5.5,0.0354233085370174,"#f781bf"
6.2,5.4,0.0354233085370174,"#f781bf"
6.4,5.4,0.0354233085370174,"#f781bf"
7,4.6,0.0354233085370174,"#4daf4a"
6.8,4.7,0.0354233085370174,"#4daf4a"
6.6,4.7,0.0354233085370174,"#4daf4a"
6,5.5,2.76301806588735,"#AAAAAA"
6.2,5,2.76301806588735,"#AAAAAA"
6.4,5,2.76301806588735,"#AAAAAA"
7,1,2.76301806588735,"#4daf4a"
6.8,1.5,2.76301806588735,"#4daf4a"
6.6,1.5,2.76301806588735,"#4daf4a"
6,5.5,3.2589443854056,"#4daf4a"
6.2,5.5,3.2589443854056,"#4daf4a"
6.4,5.5,3.2589443854056,"#4daf4a"
7,5.5,3.2589443854056,"#4daf4a"
6.8,5.5,3.2589443854056,"#4daf4a"
6.6,5.5,3.2589443854056,"#4daf4a"
7,6.4,2.12539851222104,"#ffd300"
7.2,6.4,2.12539851222104,"#ffd300"
7.4,6.4,2.12539851222104,"#ffd300"
8,6.4,2.12539851222104,"#ffd300"
7.8,6.4,2.12539851222104,"#ffd300"
7.6,6.4,2.12539851222104,"#ffd300"
7,6.4,0.0708466170740347,"#e41a1c"
7.2,5.9,0.0708466170740347,"#e41a1c"
7.4,5.9,0.0708466170740347,"#e41a1c"
8,1.9,0.0708466170740347,"#ffd300"
7.8,2.4,0.0708466170740347,"#ffd300"
7.6,2.4,0.0708466170740347,"#ffd300"
7,6.4,1.13354587318456,"#AAAAAA"
7.2,5.8,1.13354587318456,"#AAAAAA"
7.4,5.8,1.13354587318456,"#AAAAAA"
8,1,1.13354587318456,"#ffd300"
7.8,1.6,1.13354587318456,"#ffd300"
7.6,1.6,1.13354587318456,"#ffd300"
7,6.4,10.3081827842721,"#4daf4a"
7.2,6.3,10.3081827842721,"#4daf4a"
7.4,6.3,10.3081827842721,"#4daf4a"
8,5.5,10.3081827842721,"#ffd300"
7.8,5.6,10.3081827842721,"#ffd300"
7.6,5.6,10.3081827842721,"#ffd300"
7,1.9,0.0354233085370174,"#ffd300"
7.2,2.4,0.0354233085370174,"#ffd300"
7.4,2.4,0.0354233085370174,"#ffd300"
8,6.4,0.0354233085370174,"#e41a1c"
7.8,5.9,0.0354233085370174,"#e41a1c"
7.6,5.9,0.0354233085370174,"#e41a1c"
7,4.6,0.0354233085370174,"#ffd300"
7.2,4.8,0.0354233085370174,"#ffd300"
7.4,4.8,0.0354233085370174,"#ffd300"
8,6.4,0.0354233085370174,"#f781bf"
7.8,6.2,0.0354233085370174,"#f781bf"
7.6,6.2,0.0354233085370174,"#f781bf"
7,4.6,0.247963159759122,"#AAAAAA"
7.2,4.2,0.247963159759122,"#AAAAAA"
7.4,4.2,0.247963159759122,"#AAAAAA"
8,1,0.247963159759122,"#f781bf"
7.8,1.4,0.247963159759122,"#f781bf"
7.6,1.4,0.247963159759122,"#f781bf"
7,1,0.602196245129295,"#ffd300"
7.2,1.6,0.602196245129295,"#ffd300"
7.4,1.6,0.602196245129295,"#ffd300"
8,6.4,0.602196245129295,"#AAAAAA"
7.8,5.8,0.602196245129295,"#AAAAAA"
7.6,5.8,0.602196245129295,"#AAAAAA"
7,1,32.1997874601488,"#AAAAAA"
7.2,1,32.1997874601488,"#AAAAAA"
7.4,1,32.1997874601488,"#AAAAAA"
8,1,32.1997874601488,"#AAAAAA"
7.8,1,32.1997874601488,"#AAAAAA"
7.6,1,32.1997874601488,"#AAAAAA"
7,1,0.318809776833156,"#4daf4a"
7.2,1.5,0.318809776833156,"#4daf4a"
7.4,1.5,0.318809776833156,"#4daf4a"
8,5.5,0.318809776833156,"#AAAAAA"
7.8,5,0.318809776833156,"#AAAAAA"
7.6,5,0.318809776833156,"#AAAAAA"
7,5.5,50.0885582713425,"#ffd300"
7.2,5.6,50.0885582713425,"#ffd300"
7.4,5.6,50.0885582713425,"#ffd300"
8,6.4,50.0885582713425,"#4daf4a"
7.8,6.3,50.0885582713425,"#4daf4a"
7.6,6.3,50.0885582713425,"#4daf4a"
7,5.5,0.0708466170740347,"#e41a1c"
7.2,5.1,0.0708466170740347,"#e41a1c"
7.4,5.1,0.0708466170740347,"#e41a1c"
8,1.9,0.0708466170740347,"#4daf4a"
7.8,2.3,0.0708466170740347,"#4daf4a"
7.6,2.3,0.0708466170740347,"#4daf4a"
7,5.5,1.6294721927028,"#AAAAAA"
7.2,5,1.6294721927028,"#AAAAAA"
7.4,5,1.6294721927028,"#AAAAAA"
8,1,1.6294721927028,"#4daf4a"
7.8,1.5,1.6294721927028,"#4daf4a"
7.6,1.5,1.6294721927028,"#4daf4a"
7,5.5,1.13354587318456,"#4daf4a"
7.2,5.5,1.13354587318456,"#4daf4a"
7.4,5.5,1.13354587318456,"#4daf4a"
8,5.5,1.13354587318456,"#4daf4a"
7.8,5.5,1.13354587318456,"#4daf4a"
7.6,5.5,1.13354587318456,"#4daf4a"
8,6.4,43.9957492029756,"#ffd300"
8.2,6.4,43.9957492029756,"#ffd300"
8.4,6.4,43.9957492029756,"#ffd300"
9,6.4,43.9957492029756,"#ffd300"
8.8,6.4,43.9957492029756,"#ffd300"
8.6,6.4,43.9957492029756,"#ffd300"
8,6.4,1.31066241586964,"#AAAAAA"
8.2,5.8,1.31066241586964,"#AAAAAA"
8.4,5.8,1.31066241586964,"#AAAAAA"
9,1,1.31066241586964,"#ffd300"
8.8,1.6,1.31066241586964,"#ffd300"
8.6,1.6,1.31066241586964,"#ffd300"
8,6.4,7.58058802692171,"#4daf4a"
8.2,6.3,7.58058802692171,"#4daf4a"
8.4,6.3,7.58058802692171,"#4daf4a"
9,5.5,7.58058802692171,"#ffd300"
8.8,5.6,7.58058802692171,"#ffd300"
8.6,5.6,7.58058802692171,"#ffd300"
8,1.9,0.0354233085370174,"#ffd300"
8.2,2.4,0.0354233085370174,"#ffd300"
8.4,2.4,0.0354233085370174,"#ffd300"
9,6.4,0.0354233085370174,"#e41a1c"
8.8,5.9,0.0354233085370174,"#e41a1c"
8.6,5.9,0.0354233085370174,"#e41a1c"
8,1.9,0.106269925611052,"#4daf4a"
8.2,2.3,0.106269925611052,"#4daf4a"
8.4,2.3,0.106269925611052,"#4daf4a"
9,5.5,0.106269925611052,"#e41a1c"
8.8,5.1,0.106269925611052,"#e41a1c"
8.6,5.1,0.106269925611052,"#e41a1c"
8,1,0.425079702444208,"#ffd300"
8.2,1.6,0.425079702444208,"#ffd300"
8.4,1.6,0.425079702444208,"#ffd300"
9,6.4,0.425079702444208,"#AAAAAA"
8.8,5.8,0.425079702444208,"#AAAAAA"
8.6,5.8,0.425079702444208,"#AAAAAA"
8,1,31.3496280552604,"#AAAAAA"
8.2,1,31.3496280552604,"#AAAAAA"
8.4,1,31.3496280552604,"#AAAAAA"
9,1,31.3496280552604,"#AAAAAA"
8.8,1,31.3496280552604,"#AAAAAA"
8.6,1,31.3496280552604,"#AAAAAA"
8,1,3.43606092809068,"#4daf4a"
8.2,1.5,3.43606092809068,"#4daf4a"
8.4,1.5,3.43606092809068,"#4daf4a"
9,5.5,3.43606092809068,"#AAAAAA"
8.8,5,3.43606092809068,"#AAAAAA"
8.6,5,3.43606092809068,"#AAAAAA"
8,5.5,6.05738575982997,"#ffd300"
8.2,5.6,6.05738575982997,"#ffd300"
8.4,5.6,6.05738575982997,"#ffd300"
9,6.4,6.05738575982997,"#4daf4a"
8.8,6.3,6.05738575982997,"#4daf4a"
8.6,6.3,6.05738575982997,"#4daf4a"
8,5.5,0.0354233085370174,"#f781bf"
8.2,5.4,0.0354233085370174,"#f781bf"
8.4,5.4,0.0354233085370174,"#f781bf"
9,4.6,0.0354233085370174,"#4daf4a"
8.8,4.7,0.0354233085370174,"#4daf4a"
8.6,4.7,0.0354233085370174,"#4daf4a"
8,5.5,0.177116542685087,"#AAAAAA"
8.2,5,0.177116542685087,"#AAAAAA"
8.4,5,0.177116542685087,"#AAAAAA"
9,1,0.177116542685087,"#4daf4a"
8.8,1.5,0.177116542685087,"#4daf4a"
8.6,1.5,0.177116542685087,"#4daf4a"
8,5.5,5.49061282323769,"#4daf4a"
8.2,5.5,5.49061282323769,"#4daf4a"
8.4,5.5,5.49061282323769,"#4daf4a"
9,5.5,5.49061282323769,"#4daf4a"
8.8,5.5,5.49061282323769,"#4daf4a"
8.6,5.5,5.49061282323769,"#4daf4a"
9,6.4,1.8420120439249,"#ffd300"
9.2,6.4,1.8420120439249,"#ffd300"
9.4,6.4,1.8420120439249,"#ffd300"
10,6.4,1.8420120439249,"#ffd300"
9.8,6.4,1.8420120439249,"#ffd300"
9.6,6.4,1.8420120439249,"#ffd300"
9,6.4,0.0708466170740347,"#f781bf"
9.2,6.2,0.0708466170740347,"#f781bf"
9.4,6.2,0.0708466170740347,"#f781bf"
10,4.6,0.0708466170740347,"#ffd300"
9.8,4.8,0.0708466170740347,"#ffd300"
9.6,4.8,0.0708466170740347,"#ffd300"
9,6.4,0.212539851222104,"#AAAAAA"
9.2,5.8,0.212539851222104,"#AAAAAA"
9.4,5.8,0.212539851222104,"#AAAAAA"
10,1,0.212539851222104,"#ffd300"
9.8,1.6,0.212539851222104,"#ffd300"
9.6,1.6,0.212539851222104,"#ffd300"
9,6.4,48.3882394615657,"#4daf4a"
9.2,6.3,48.3882394615657,"#4daf4a"
9.4,6.3,48.3882394615657,"#4daf4a"
10,5.5,48.3882394615657,"#ffd300"
9.8,5.6,48.3882394615657,"#ffd300"
9.6,5.6,48.3882394615657,"#ffd300"
9,4.6,0.0354233085370174,"#4daf4a"
9.2,4.7,0.0354233085370174,"#4daf4a"
9.4,4.7,0.0354233085370174,"#4daf4a"
10,5.5,0.0354233085370174,"#f781bf"
9.8,5.4,0.0354233085370174,"#f781bf"
9.6,5.4,0.0354233085370174,"#f781bf"
9,1,0.743889479277364,"#ffd300"
9.2,1.6,0.743889479277364,"#ffd300"
9.4,1.6,0.743889479277364,"#ffd300"
10,6.4,0.743889479277364,"#AAAAAA"
9.8,5.8,0.743889479277364,"#AAAAAA"
9.6,5.8,0.743889479277364,"#AAAAAA"
9,1,31.4913212894084,"#AAAAAA"
9.2,1,31.4913212894084,"#AAAAAA"
9.4,1,31.4913212894084,"#AAAAAA"
10,1,31.4913212894084,"#AAAAAA"
9.8,1,31.4913212894084,"#AAAAAA"
9.6,1,31.4913212894084,"#AAAAAA"
9,1,0.566772936592278,"#4daf4a"
9.2,1.5,0.566772936592278,"#4daf4a"
9.4,1.5,0.566772936592278,"#4daf4a"
10,5.5,0.566772936592278,"#AAAAAA"
9.8,5,0.566772936592278,"#AAAAAA"
9.6,5,0.566772936592278,"#AAAAAA"
9,1,0.0354233085370174,"#a65628"
9.2,1.3,0.0354233085370174,"#a65628"
9.4,1.3,0.0354233085370174,"#a65628"
10,3.7,0.0354233085370174,"#AAAAAA"
9.8,3.4,0.0354233085370174,"#AAAAAA"
9.6,3.4,0.0354233085370174,"#AAAAAA"
9,5.5,13.4254339355296,"#ffd300"
9.2,5.6,13.4254339355296,"#ffd300"
9.4,5.6,13.4254339355296,"#ffd300"
10,6.4,13.4254339355296,"#4daf4a"
9.8,6.3,13.4254339355296,"#4daf4a"
9.6,6.3,13.4254339355296,"#4daf4a"
9,5.5,0.0354233085370174,"#f781bf"
9.2,5.4,0.0354233085370174,"#f781bf"
9.4,5.4,0.0354233085370174,"#f781bf"
10,4.6,0.0354233085370174,"#4daf4a"
9.8,4.7,0.0354233085370174,"#4daf4a"
9.6,4.7,0.0354233085370174,"#4daf4a"
9,5.5,0.885582713425434,"#AAAAAA"
9.2,5,0.885582713425434,"#AAAAAA"
9.4,5,0.885582713425434,"#AAAAAA"
10,1,0.885582713425434,"#4daf4a"
9.8,1.5,0.885582713425434,"#4daf4a"
9.6,1.5,0.885582713425434,"#4daf4a"
9,5.5,2.05455189514701,"#4daf4a"
9.2,5.5,2.05455189514701,"#4daf4a"
9.4,5.5,2.05455189514701,"#4daf4a"
10,5.5,2.05455189514701,"#4daf4a"
9.8,5.5,2.05455189514701,"#4daf4a"
9.6,5.5,2.05455189514701,"#4daf4a"
9,5.5,0.212539851222104,"#a65628"
9.2,5.3,0.212539851222104,"#a65628"
9.4,5.3,0.212539851222104,"#a65628"
10,3.7,0.212539851222104,"#4daf4a"
9.8,3.9,0.212539851222104,"#4daf4a"
9.6,3.9,0.212539851222104,"#4daf4a"
10,6.4,1.77116542685087,"#ffd300"
10.2,6.4,1.77116542685087,"#ffd300"
10.4,6.4,1.77116542685087,"#ffd300"
11,6.4,1.77116542685087,"#ffd300"
10.8,6.4,1.77116542685087,"#ffd300"
10.6,6.4,1.77116542685087,"#ffd300"
10,6.4,0.0354233085370174,"#f781bf"
10.2,6.2,0.0354233085370174,"#f781bf"
10.4,6.2,0.0354233085370174,"#f781bf"
11,4.6,0.0354233085370174,"#ffd300"
10.8,4.8,0.0354233085370174,"#ffd300"
10.6,4.8,0.0354233085370174,"#ffd300"
10,6.4,0.212539851222104,"#AAAAAA"
10.2,5.8,0.212539851222104,"#AAAAAA"
10.4,5.8,0.212539851222104,"#AAAAAA"
11,1,0.212539851222104,"#ffd300"
10.8,1.6,0.212539851222104,"#ffd300"
10.6,1.6,0.212539851222104,"#ffd300"
10,6.4,13.9567835635848,"#4daf4a"
10.2,6.3,13.9567835635848,"#4daf4a"
10.4,6.3,13.9567835635848,"#4daf4a"
11,5.5,13.9567835635848,"#ffd300"
10.8,5.6,13.9567835635848,"#ffd300"
10.6,5.6,13.9567835635848,"#ffd300"
10,6.4,0.0354233085370174,"#377eb8"
10.2,6,0.0354233085370174,"#377eb8"
10.4,6,0.0354233085370174,"#377eb8"
11,2.8,0.0354233085370174,"#ffd300"
10.8,3.2,0.0354233085370174,"#ffd300"
10.6,3.2,0.0354233085370174,"#ffd300"
10,4.6,0.0354233085370174,"#ffd300"
10.2,4.8,0.0354233085370174,"#ffd300"
10.4,4.8,0.0354233085370174,"#ffd300"
11,6.4,0.0354233085370174,"#f781bf"
10.8,6.2,0.0354233085370174,"#f781bf"
10.6,6.2,0.0354233085370174,"#f781bf"
10,4.6,0.0708466170740347,"#4daf4a"
10.2,4.7,0.0708466170740347,"#4daf4a"
10.4,4.7,0.0708466170740347,"#4daf4a"
11,5.5,0.0708466170740347,"#f781bf"
10.8,5.4,0.0708466170740347,"#f781bf"
10.6,5.4,0.0708466170740347,"#f781bf"
10,1,0.141693234148069,"#ffd300"
10.2,1.6,0.141693234148069,"#ffd300"
10.4,1.6,0.141693234148069,"#ffd300"
11,6.4,0.141693234148069,"#AAAAAA"
10.8,5.8,0.141693234148069,"#AAAAAA"
10.6,5.8,0.141693234148069,"#AAAAAA"
10,1,0.0708466170740347,"#f781bf"
10.2,1.4,0.0708466170740347,"#f781bf"
10.4,1.4,0.0708466170740347,"#f781bf"
11,4.6,0.0708466170740347,"#AAAAAA"
10.8,4.2,0.0708466170740347,"#AAAAAA"
10.6,4.2,0.0708466170740347,"#AAAAAA"
10,1,31.7038611406305,"#AAAAAA"
10.2,1,31.7038611406305,"#AAAAAA"
10.4,1,31.7038611406305,"#AAAAAA"
11,1,31.7038611406305,"#AAAAAA"
10.8,1,31.7038611406305,"#AAAAAA"
10.6,1,31.7038611406305,"#AAAAAA"
10,1,0.67304286220333,"#4daf4a"
10.2,1.5,0.67304286220333,"#4daf4a"
10.4,1.5,0.67304286220333,"#4daf4a"
11,5.5,0.67304286220333,"#AAAAAA"
10.8,5,0.67304286220333,"#AAAAAA"
10.6,5,0.67304286220333,"#AAAAAA"
10,5.5,49.6989018774354,"#ffd300"
10.2,5.6,49.6989018774354,"#ffd300"
10.4,5.6,49.6989018774354,"#ffd300"
11,6.4,49.6989018774354,"#4daf4a"
10.8,6.3,49.6989018774354,"#4daf4a"
10.6,6.3,49.6989018774354,"#4daf4a"
10,5.5,1.34608572440666,"#4daf4a"
10.2,5.5,1.34608572440666,"#4daf4a"
10.4,5.5,1.34608572440666,"#4daf4a"
11,5.5,1.34608572440666,"#4daf4a"
10.8,5.5,1.34608572440666,"#4daf4a"
10.6,5.5,1.34608572440666,"#4daf4a"
10,3.7,0.0354233085370174,"#ffd300"
10.2,4,0.0354233085370174,"#ffd300"
10.4,4,0.0354233085370174,"#ffd300"
11,6.4,0.0354233085370174,"#a65628"
10.8,6.1,0.0354233085370174,"#a65628"
10.6,6.1,0.0354233085370174,"#a65628"
10,3.7,0.0354233085370174,"#AAAAAA"
10.2,3.4,0.0354233085370174,"#AAAAAA"
10.4,3.4,0.0354233085370174,"#AAAAAA"
11,1,0.0354233085370174,"#a65628"
10.8,1.3,0.0354233085370174,"#a65628"
10.6,1.3,0.0354233085370174,"#a65628"
10,3.7,0.177116542685087,"#4daf4a"
10.2,3.9,0.177116542685087,"#4daf4a"
10.4,3.9,0.177116542685087,"#4daf4a"
11,5.5,0.177116542685087,"#a65628"
10.8,5.3,0.177116542685087,"#a65628"
10.6,5.3,0.177116542685087,"#a65628"
11,6.4,3.2589443854056,"#ffd300"
11.2,6.4,3.2589443854056,"#ffd300"
11.4,6.4,3.2589443854056,"#ffd300"
12,6.4,3.2589443854056,"#ffd300"
11.8,6.4,3.2589443854056,"#ffd300"
11.6,6.4,3.2589443854056,"#ffd300"
11,6.4,15.9759121501948,"#AAAAAA"
11.2,5.8,15.9759121501948,"#AAAAAA"
11.4,5.8,15.9759121501948,"#AAAAAA"
12,1,15.9759121501948,"#ffd300"
11.8,1.6,15.9759121501948,"#ffd300"
11.6,1.6,15.9759121501948,"#ffd300"
11,6.4,32.2352107686858,"#4daf4a"
11.2,6.3,32.2352107686858,"#4daf4a"
11.4,6.3,32.2352107686858,"#4daf4a"
12,5.5,32.2352107686858,"#ffd300"
11.8,5.6,32.2352107686858,"#ffd300"
11.6,5.6,32.2352107686858,"#ffd300"
11,6.4,0.212539851222104,"#377eb8"
11.2,6,0.212539851222104,"#377eb8"
11.4,6,0.212539851222104,"#377eb8"
12,2.8,0.212539851222104,"#ffd300"
11.8,3.2,0.212539851222104,"#ffd300"
11.6,3.2,0.212539851222104,"#ffd300"
11,4.6,0.0354233085370174,"#ffd300"
11.2,4.8,0.0354233085370174,"#ffd300"
11.4,4.8,0.0354233085370174,"#ffd300"
12,6.4,0.0354233085370174,"#f781bf"
11.8,6.2,0.0354233085370174,"#f781bf"
11.6,6.2,0.0354233085370174,"#f781bf"
11,4.6,0.0354233085370174,"#f781bf"
11.2,4.6,0.0354233085370174,"#f781bf"
11.4,4.6,0.0354233085370174,"#f781bf"
12,4.6,0.0354233085370174,"#f781bf"
11.8,4.6,0.0354233085370174,"#f781bf"
11.6,4.6,0.0354233085370174,"#f781bf"
11,4.6,0.0708466170740347,"#4daf4a"
11.2,4.7,0.0708466170740347,"#4daf4a"
11.4,4.7,0.0708466170740347,"#4daf4a"
12,5.5,0.0708466170740347,"#f781bf"
11.8,5.4,0.0708466170740347,"#f781bf"
11.6,5.4,0.0708466170740347,"#f781bf"
11,1,0.318809776833156,"#ffd300"
11.2,1.6,0.318809776833156,"#ffd300"
11.4,1.6,0.318809776833156,"#ffd300"
12,6.4,0.318809776833156,"#AAAAAA"
11.8,5.8,0.318809776833156,"#AAAAAA"
11.6,5.8,0.318809776833156,"#AAAAAA"
11,1,30.7120085015941,"#AAAAAA"
11.2,1,30.7120085015941,"#AAAAAA"
11.4,1,30.7120085015941,"#AAAAAA"
12,1,30.7120085015941,"#AAAAAA"
11.8,1,30.7120085015941,"#AAAAAA"
11.6,1,30.7120085015941,"#AAAAAA"
11,1,0.885582713425434,"#4daf4a"
11.2,1.5,0.885582713425434,"#4daf4a"
11.4,1.5,0.885582713425434,"#4daf4a"
12,5.5,0.885582713425434,"#AAAAAA"
11.8,5,0.885582713425434,"#AAAAAA"
11.6,5,0.885582713425434,"#AAAAAA"
11,5.5,12.6106978391782,"#ffd300"
11.2,5.6,12.6106978391782,"#ffd300"
11.4,5.6,12.6106978391782,"#ffd300"
12,6.4,12.6106978391782,"#4daf4a"
11.8,6.3,12.6106978391782,"#4daf4a"
11.6,6.3,12.6106978391782,"#4daf4a"
11,5.5,3.32979100247963,"#AAAAAA"
11.2,5,3.32979100247963,"#AAAAAA"
11.4,5,3.32979100247963,"#AAAAAA"
12,1,3.32979100247963,"#4daf4a"
11.8,1.5,3.32979100247963,"#4daf4a"
11.6,1.5,3.32979100247963,"#4daf4a"
11,5.5,0.283386468296139,"#4daf4a"
11.2,5.5,0.283386468296139,"#4daf4a"
11.4,5.5,0.283386468296139,"#4daf4a"
12,5.5,0.283386468296139,"#4daf4a"
11.8,5.5,0.283386468296139,"#4daf4a"
11.6,5.5,0.283386468296139,"#4daf4a"
11,2.8,0.0354233085370174,"#ffd300"
11.2,3.2,0.0354233085370174,"#ffd300"
11.4,3.2,0.0354233085370174,"#ffd300"
12,6.4,0.0354233085370174,"#377eb8"
11.8,6,0.0354233085370174,"#377eb8"
11.6,6,0.0354233085370174,"#377eb8"
12,6.4,2.47963159759122,"#ffd300"
12.2,6.4,2.47963159759122,"#ffd300"
12.4,6.4,2.47963159759122,"#ffd300"
13,6.4,2.47963159759122,"#ffd300"
12.8,6.4,2.47963159759122,"#ffd300"
12.6,6.4,2.47963159759122,"#ffd300"
12,6.4,0.0354233085370174,"#f781bf"
12.2,6.2,0.0354233085370174,"#f781bf"
12.4,6.2,0.0354233085370174,"#f781bf"
13,4.6,0.0354233085370174,"#ffd300"
12.8,4.8,0.0354233085370174,"#ffd300"
12.6,4.8,0.0354233085370174,"#ffd300"
12,6.4,0.743889479277364,"#AAAAAA"
12.2,5.8,0.743889479277364,"#AAAAAA"
12.4,5.8,0.743889479277364,"#AAAAAA"
13,1,0.743889479277364,"#ffd300"
12.8,1.6,0.743889479277364,"#ffd300"
12.6,1.6,0.743889479277364,"#ffd300"
12,6.4,12.8232376904003,"#4daf4a"
12.2,6.3,12.8232376904003,"#4daf4a"
12.4,6.3,12.8232376904003,"#4daf4a"
13,5.5,12.8232376904003,"#ffd300"
12.8,5.6,12.8232376904003,"#ffd300"
12.6,5.6,12.8232376904003,"#ffd300"
12,6.4,0.177116542685087,"#a65628"
12.2,6.1,0.177116542685087,"#a65628"
12.4,6.1,0.177116542685087,"#a65628"
13,3.7,0.177116542685087,"#ffd300"
12.8,4,0.177116542685087,"#ffd300"
12.6,4,0.177116542685087,"#ffd300"
12,1,19.0577399929153,"#ffd300"
12.2,1.6,19.0577399929153,"#ffd300"
12.4,1.6,19.0577399929153,"#ffd300"
13,6.4,19.0577399929153,"#AAAAAA"
12.8,5.8,19.0577399929153,"#AAAAAA"
12.6,5.8,19.0577399929153,"#AAAAAA"
12,1,0.708466170740347,"#f781bf"
12.2,1.4,0.708466170740347,"#f781bf"
12.4,1.4,0.708466170740347,"#f781bf"
13,4.6,0.708466170740347,"#AAAAAA"
12.8,4.2,0.708466170740347,"#AAAAAA"
12.6,4.2,0.708466170740347,"#AAAAAA"
12,1,29.6847325540205,"#AAAAAA"
12.2,1,29.6847325540205,"#AAAAAA"
12.4,1,29.6847325540205,"#AAAAAA"
13,1,29.6847325540205,"#AAAAAA"
12.8,1,29.6847325540205,"#AAAAAA"
12.6,1,29.6847325540205,"#AAAAAA"
12,1,0.566772936592278,"#4daf4a"
12.2,1.5,0.566772936592278,"#4daf4a"
12.4,1.5,0.566772936592278,"#4daf4a"
13,5.5,0.566772936592278,"#AAAAAA"
12.8,5,0.566772936592278,"#AAAAAA"
12.6,5,0.566772936592278,"#AAAAAA"
12,1,0.0354233085370174,"#377eb8"
12.2,1.2,0.0354233085370174,"#377eb8"
12.4,1.2,0.0354233085370174,"#377eb8"
13,2.8,0.0354233085370174,"#AAAAAA"
12.8,2.6,0.0354233085370174,"#AAAAAA"
12.6,2.6,0.0354233085370174,"#AAAAAA"
12,5.5,32.5185972369819,"#ffd300"
12.2,5.6,32.5185972369819,"#ffd300"
12.4,5.6,32.5185972369819,"#ffd300"
13,6.4,32.5185972369819,"#4daf4a"
12.8,6.3,32.5185972369819,"#4daf4a"
12.6,6.3,32.5185972369819,"#4daf4a"
12,5.5,0.0708466170740347,"#f781bf"
12.2,5.4,0.0708466170740347,"#f781bf"
12.4,5.4,0.0708466170740347,"#f781bf"
13,4.6,0.0708466170740347,"#4daf4a"
12.8,4.7,0.0708466170740347,"#4daf4a"
12.6,4.7,0.0708466170740347,"#4daf4a"
12,5.5,0.67304286220333,"#AAAAAA"
12.2,5,0.67304286220333,"#AAAAAA"
12.4,5,0.67304286220333,"#AAAAAA"
13,1,0.67304286220333,"#4daf4a"
12.8,1.5,0.67304286220333,"#4daf4a"
12.6,1.5,0.67304286220333,"#4daf4a"
12,5.5,0.0708466170740347,"#4daf4a"
12.2,5.5,0.0708466170740347,"#4daf4a"
12.4,5.5,0.0708466170740347,"#4daf4a"
13,5.5,0.0708466170740347,"#4daf4a"
12.8,5.5,0.0708466170740347,"#4daf4a"
12.6,5.5,0.0708466170740347,"#4daf4a"
12,5.5,0.0354233085370174,"#a65628"
12.2,5.3,0.0354233085370174,"#a65628"
12.4,5.3,0.0354233085370174,"#a65628"
13,3.7,0.0354233085370174,"#4daf4a"
12.8,3.9,0.0354233085370174,"#4daf4a"
12.6,3.9,0.0354233085370174,"#4daf4a"
12,5.5,0.106269925611052,"#377eb8"
12.2,5.2,0.106269925611052,"#377eb8"
12.4,5.2,0.106269925611052,"#377eb8"
13,2.8,0.106269925611052,"#4daf4a"
12.8,3.1,0.106269925611052,"#4daf4a"
12.6,3.1,0.106269925611052,"#4daf4a"
12,2.8,0.212539851222104,"#ffd300"
12.2,3.2,0.212539851222104,"#ffd300"
12.4,3.2,0.212539851222104,"#ffd300"
13,6.4,0.212539851222104,"#377eb8"
12.8,6,0.212539851222104,"#377eb8"
12.6,6,0.212539851222104,"#377eb8"
13,6.4,1.38150903294368,"#ffd300"
13.2,6.4,1.38150903294368,"#ffd300"
13.4,6.4,1.38150903294368,"#ffd300"
14,6.4,1.38150903294368,"#ffd300"
13.8,6.4,1.38150903294368,"#ffd300"
13.6,6.4,1.38150903294368,"#ffd300"
13,6.4,52.8869996457669,"#4daf4a"
13.2,6.3,52.8869996457669,"#4daf4a"
13.4,6.3,52.8869996457669,"#4daf4a"
14,5.5,52.8869996457669,"#ffd300"
13.8,5.6,52.8869996457669,"#ffd300"
13.6,5.6,52.8869996457669,"#ffd300"
13,4.6,0.0708466170740347,"#ffd300"
13.2,4.8,0.0708466170740347,"#ffd300"
13.4,4.8,0.0708466170740347,"#ffd300"
14,6.4,0.0708466170740347,"#f781bf"
13.8,6.2,0.0708466170740347,"#f781bf"
13.6,6.2,0.0708466170740347,"#f781bf"
13,4.6,0.460503010981226,"#f781bf"
13.2,4.6,0.460503010981226,"#f781bf"
13.4,4.6,0.460503010981226,"#f781bf"
14,4.6,0.460503010981226,"#f781bf"
13.8,4.6,0.460503010981226,"#f781bf"
13.6,4.6,0.460503010981226,"#f781bf"
13,4.6,0.318809776833156,"#AAAAAA"
13.2,4.2,0.318809776833156,"#AAAAAA"
13.4,4.2,0.318809776833156,"#AAAAAA"
14,1,0.318809776833156,"#f781bf"
13.8,1.4,0.318809776833156,"#f781bf"
13.6,1.4,0.318809776833156,"#f781bf"
13,1,0.425079702444208,"#ffd300"
13.2,1.6,0.425079702444208,"#ffd300"
13.4,1.6,0.425079702444208,"#ffd300"
14,6.4,0.425079702444208,"#AAAAAA"
13.8,5.8,0.425079702444208,"#AAAAAA"
13.6,5.8,0.425079702444208,"#AAAAAA"
13,1,29.7555791710946,"#AAAAAA"
13.2,1,29.7555791710946,"#AAAAAA"
13.4,1,29.7555791710946,"#AAAAAA"
14,1,29.7555791710946,"#AAAAAA"
13.8,1,29.7555791710946,"#AAAAAA"
13.6,1,29.7555791710946,"#AAAAAA"
13,1,0.885582713425434,"#4daf4a"
13.2,1.5,0.885582713425434,"#4daf4a"
13.4,1.5,0.885582713425434,"#4daf4a"
14,5.5,0.885582713425434,"#AAAAAA"
13.8,5,0.885582713425434,"#AAAAAA"
13.6,5,0.885582713425434,"#AAAAAA"
13,5.5,12.327311370882,"#ffd300"
13.2,5.6,12.327311370882,"#ffd300"
13.4,5.6,12.327311370882,"#ffd300"
14,6.4,12.327311370882,"#4daf4a"
13.8,6.3,12.327311370882,"#4daf4a"
13.6,6.3,12.327311370882,"#4daf4a"
13,5.5,0.425079702444208,"#f781bf"
13.2,5.4,0.425079702444208,"#f781bf"
13.4,5.4,0.425079702444208,"#f781bf"
14,4.6,0.425079702444208,"#4daf4a"
13.8,4.7,0.425079702444208,"#4daf4a"
13.6,4.7,0.425079702444208,"#4daf4a"
13,5.5,0.212539851222104,"#AAAAAA"
13.2,5,0.212539851222104,"#AAAAAA"
13.4,5,0.212539851222104,"#AAAAAA"
14,1,0.212539851222104,"#4daf4a"
13.8,1.5,0.212539851222104,"#4daf4a"
13.6,1.5,0.212539851222104,"#4daf4a"
13,5.5,0.495926319518243,"#4daf4a"
13.2,5.5,0.495926319518243,"#4daf4a"
13.4,5.5,0.495926319518243,"#4daf4a"
14,5.5,0.495926319518243,"#4daf4a"
13.8,5.5,0.495926319518243,"#4daf4a"
13.6,5.5,0.495926319518243,"#4daf4a"
13,3.7,0.177116542685087,"#ffd300"
13.2,4,0.177116542685087,"#ffd300"
13.4,4,0.177116542685087,"#ffd300"
14,6.4,0.177116542685087,"#a65628"
13.8,6.1,0.177116542685087,"#a65628"
13.6,6.1,0.177116542685087,"#a65628"
13,3.7,0.0354233085370174,"#AAAAAA"
13.2,3.4,0.0354233085370174,"#AAAAAA"
13.4,3.4,0.0354233085370174,"#AAAAAA"
14,1,0.0354233085370174,"#a65628"
13.8,1.3,0.0354233085370174,"#a65628"
13.6,1.3,0.0354233085370174,"#a65628"
13,2.8,0.141693234148069,"#4daf4a"
13.2,3.1,0.141693234148069,"#4daf4a"
13.4,3.1,0.141693234148069,"#4daf4a"
14,5.5,0.141693234148069,"#377eb8"
13.8,5.2,0.141693234148069,"#377eb8"
13.6,5.2,0.141693234148069,"#377eb8"
