"yearFrom","yearTo","cropRotate","cropFrom","cropTo","plottingColorFrom","plottingColorTo","plotXAxisFrom","plotXAxisTo","plotYAxisFrom","plotYAxisTo","xEndFrom","xEndTo","yEndFrom_streamlined","yEndTo_streamlined","totalNumPixels_cropTransition","totalPercPixelsWiArea_cropTransition","totalNumPixels_cropYearFrom","totalPercPixelsWiArea_cropYearFrom","totalNumPixels_cropYearTo","totalPercPixelsWiArea_cropYearTo"
2008,2009,"corn_corn","corn","corn","#ffd300","#ffd300",1,2,6.4,6.4,1.2,1.8,6.4,6.4,137,4.74048442906574,284,9.82698961937716,1292,44.7058823529412
2008,2009,"corn_other","corn","other","#ffd300","#AAAAAA",1,2,6.4,1,1.2,1.8,5.8,1.6,4,0.13840830449827,284,9.82698961937716,1361,47.0934256055363
2008,2009,"corn_soy","corn","soy","#ffd300","#4daf4a",1,2,6.4,5.5,1.2,1.8,6.3,5.6,143,4.94809688581315,284,9.82698961937716,222,7.68166089965398
2008,2009,"hay_other","hay","other","#f781bf","#AAAAAA",1,2,4.6,1,1.2,1.8,4.2,1.4,5,0.173010380622837,6,0.207612456747405,1361,47.0934256055363
2008,2009,"hay_soy","hay","soy","#f781bf","#4daf4a",1,2,4.6,5.5,1.2,1.8,4.7,5.4,1,0.0346020761245675,6,0.207612456747405,222,7.68166089965398
2008,2009,"other_corn","other","corn","#AAAAAA","#ffd300",1,2,1,6.4,1.2,1.8,1.6,5.8,37,1.280276816609,1379,47.7162629757785,1292,44.7058823529412
2008,2009,"other_hay","other","hay","#AAAAAA","#f781bf",1,2,1,4.6,1.2,1.8,1.4,4.2,6,0.207612456747405,1379,47.7162629757785,14,0.484429065743945
2008,2009,"other_other","other","other","#AAAAAA","#AAAAAA",1,2,1,1,1.2,1.8,1,1,1291,44.6712802768166,1379,47.7162629757785,1361,47.0934256055363
2008,2009,"other_soy","other","soy","#AAAAAA","#4daf4a",1,2,1,5.5,1.2,1.8,1.5,5,44,1.52249134948097,1379,47.7162629757785,222,7.68166089965398
2008,2009,"other_springWheat","other","springWheat","#AAAAAA","#a65628",1,2,1,3.7,1.2,1.8,1.3,3.4,1,0.0346020761245675,1379,47.7162629757785,1,0.0346020761245675
2008,2009,"soy_corn","soy","corn","#4daf4a","#ffd300",1,2,5.5,6.4,1.2,1.8,5.6,6.3,1118,38.6851211072664,1221,42.2491349480969,1292,44.7058823529412
2008,2009,"soy_hay","soy","hay","#4daf4a","#f781bf",1,2,5.5,4.6,1.2,1.8,5.4,4.7,8,0.27681660899654,1221,42.2491349480969,14,0.484429065743945
2008,2009,"soy_other","soy","other","#4daf4a","#AAAAAA",1,2,5.5,1,1.2,1.8,5,1.5,61,2.11072664359862,1221,42.2491349480969,1361,47.0934256055363
2008,2009,"soy_soy","soy","soy","#4daf4a","#4daf4a",1,2,5.5,5.5,1.2,1.8,5.5,5.5,34,1.17647058823529,1221,42.2491349480969,222,7.68166089965398
2009,2010,"corn_corn","corn","corn","#ffd300","#ffd300",2,3,6.4,6.4,2.2,2.8,6.4,6.4,133,4.60207612456747,1292,44.7058823529412,332,11.4878892733564
2009,2010,"corn_other","corn","other","#ffd300","#AAAAAA",2,3,6.4,1,2.2,2.8,5.8,1.6,31,1.07266435986159,1292,44.7058823529412,1301,45.0173010380623
2009,2010,"corn_soy","corn","soy","#ffd300","#4daf4a",2,3,6.4,5.5,2.2,2.8,6.3,5.6,1128,39.0311418685121,1292,44.7058823529412,1256,43.4602076124567
2009,2010,"hay_other","hay","other","#f781bf","#AAAAAA",2,3,4.6,1,2.2,2.8,4.2,1.4,4,0.13840830449827,14,0.484429065743945,1301,45.0173010380623
2009,2010,"hay_soy","hay","soy","#f781bf","#4daf4a",2,3,4.6,5.5,2.2,2.8,4.7,5.4,10,0.346020761245675,14,0.484429065743945,1256,43.4602076124567
2009,2010,"other_corn","other","corn","#AAAAAA","#ffd300",2,3,1,6.4,2.2,2.8,1.6,5.8,32,1.10726643598616,1361,47.0934256055363,332,11.4878892733564
2009,2010,"other_hay","other","hay","#AAAAAA","#f781bf",2,3,1,4.6,2.2,2.8,1.4,4.2,1,0.0346020761245675,1361,47.0934256055363,1,0.0346020761245675
2009,2010,"other_other","other","other","#AAAAAA","#AAAAAA",2,3,1,1,2.2,2.8,1,1,1237,42.80276816609,1361,47.0934256055363,1301,45.0173010380623
2009,2010,"other_soy","other","soy","#AAAAAA","#4daf4a",2,3,1,5.5,2.2,2.8,1.5,5,91,3.14878892733564,1361,47.0934256055363,1256,43.4602076124567
2009,2010,"soy_corn","soy","corn","#4daf4a","#ffd300",2,3,5.5,6.4,2.2,2.8,5.6,6.3,167,5.77854671280277,222,7.68166089965398,332,11.4878892733564
2009,2010,"soy_other","soy","other","#4daf4a","#AAAAAA",2,3,5.5,1,2.2,2.8,5,1.5,28,0.968858131487889,222,7.68166089965398,1301,45.0173010380623
2009,2010,"soy_soy","soy","soy","#4daf4a","#4daf4a",2,3,5.5,5.5,2.2,2.8,5.5,5.5,27,0.934256055363322,222,7.68166089965398,1256,43.4602076124567
2009,2010,"springWheat_other","springWheat","other","#a65628","#AAAAAA",2,3,3.7,1,2.2,2.8,3.4,1.3,1,0.0346020761245675,1,0.0346020761245675,1301,45.0173010380623
2010,2011,"corn_corn","corn","corn","#ffd300","#ffd300",3,4,6.4,6.4,3.2,3.8,6.4,6.4,155,5.36332179930796,332,11.4878892733564,1422,49.2041522491349
2010,2011,"corn_other","corn","other","#ffd300","#AAAAAA",3,4,6.4,1,3.2,3.8,5.8,1.6,25,0.865051903114187,332,11.4878892733564,1248,43.1833910034602
2010,2011,"corn_soy","corn","soy","#ffd300","#4daf4a",3,4,6.4,5.5,3.2,3.8,6.3,5.6,152,5.25951557093426,332,11.4878892733564,179,6.19377162629758
2010,2011,"hay_hay","hay","hay","#f781bf","#f781bf",3,4,4.6,4.6,3.2,3.8,4.6,4.6,3,0.103806228373702,4,0.13840830449827,41,1.41868512110727
2010,2011,"hay_other","hay","other","#f781bf","#AAAAAA",3,4,4.6,1,3.2,3.8,4.2,1.4,1,0.0346020761245675,4,0.13840830449827,1248,43.1833910034602
2010,2011,"other_corn","other","corn","#AAAAAA","#ffd300",3,4,1,6.4,3.2,3.8,1.6,5.8,65,2.24913494809689,1298,44.9134948096886,1422,49.2041522491349
2010,2011,"other_hay","other","hay","#AAAAAA","#f781bf",3,4,1,4.6,3.2,3.8,1.4,4.2,38,1.31487889273356,1298,44.9134948096886,41,1.41868512110727
2010,2011,"other_other","other","other","#AAAAAA","#AAAAAA",3,4,1,1,3.2,3.8,1,1,1171,40.5190311418685,1298,44.9134948096886,1248,43.1833910034602
2010,2011,"other_soy","other","soy","#AAAAAA","#4daf4a",3,4,1,5.5,3.2,3.8,1.5,5,24,0.830449826989619,1298,44.9134948096886,179,6.19377162629758
2010,2011,"soy_corn","soy","corn","#4daf4a","#ffd300",3,4,5.5,6.4,3.2,3.8,5.6,6.3,1202,41.5916955017301,1256,43.4602076124567,1422,49.2041522491349
2010,2011,"soy_other","soy","other","#4daf4a","#AAAAAA",3,4,5.5,1,3.2,3.8,5,1.5,51,1.76470588235294,1256,43.4602076124567,1248,43.1833910034602
2010,2011,"soy_soy","soy","soy","#4daf4a","#4daf4a",3,4,5.5,5.5,3.2,3.8,5.5,5.5,3,0.103806228373702,1256,43.4602076124567,179,6.19377162629758
2011,2012,"corn_corn","corn","corn","#ffd300","#ffd300",4,5,6.4,6.4,4.2,4.8,6.4,6.4,297,10.2768166089965,1422,49.2041522491349,463,16.0207612456747
2011,2012,"corn_other","corn","other","#ffd300","#AAAAAA",4,5,6.4,1,4.2,4.8,5.8,1.6,50,1.73010380622837,1422,49.2041522491349,1322,45.7439446366782
2011,2012,"corn_soy","corn","soy","#ffd300","#4daf4a",4,5,6.4,5.5,4.2,4.8,6.3,5.6,1075,37.19723183391,1422,49.2041522491349,1094,37.8546712802768
2011,2012,"hay_hay","hay","hay","#f781bf","#f781bf",4,5,4.6,4.6,4.2,4.8,4.6,4.6,11,0.380622837370242,49,1.69550173010381,11,0.380622837370242
2011,2012,"hay_other","hay","other","#f781bf","#AAAAAA",4,5,4.6,1,4.2,4.8,4.2,1.4,38,1.31487889273356,49,1.69550173010381,1322,45.7439446366782
2011,2012,"other_corn","other","corn","#AAAAAA","#ffd300",4,5,1,6.4,4.2,4.8,1.6,5.8,5,0.173010380622837,1240,42.9065743944637,463,16.0207612456747
2011,2012,"other_other","other","other","#AAAAAA","#AAAAAA",4,5,1,1,4.2,4.8,1,1,1217,42.1107266435986,1240,42.9065743944637,1322,45.7439446366782
2011,2012,"other_soy","other","soy","#AAAAAA","#4daf4a",4,5,1,5.5,4.2,4.8,1.5,5,18,0.622837370242215,1240,42.9065743944637,1094,37.8546712802768
2011,2012,"soy_corn","soy","corn","#4daf4a","#ffd300",4,5,5.5,6.4,4.2,4.8,5.6,6.3,161,5.57093425605536,179,6.19377162629758,463,16.0207612456747
2011,2012,"soy_other","soy","other","#4daf4a","#AAAAAA",4,5,5.5,1,4.2,4.8,5,1.5,17,0.588235294117647,179,6.19377162629758,1322,45.7439446366782
2011,2012,"soy_soy","soy","soy","#4daf4a","#4daf4a",4,5,5.5,5.5,4.2,4.8,5.5,5.5,1,0.0346020761245675,179,6.19377162629758,1094,37.8546712802768
2012,2013,"corn_corn","corn","corn","#ffd300","#ffd300",5,6,6.4,6.4,5.2,5.8,6.4,6.4,267,9.23875432525952,463,16.0207612456747,1414,48.9273356401384
2012,2013,"corn_hay","corn","hay","#ffd300","#f781bf",5,6,6.4,4.6,5.2,5.8,6.2,4.8,1,0.0346020761245675,463,16.0207612456747,11,0.380622837370242
2012,2013,"corn_other","corn","other","#ffd300","#AAAAAA",5,6,6.4,1,5.2,5.8,5.8,1.6,20,0.69204152249135,463,16.0207612456747,1271,43.9792387543253
2012,2013,"corn_soy","corn","soy","#ffd300","#4daf4a",5,6,6.4,5.5,5.2,5.8,6.3,5.6,175,6.05536332179931,463,16.0207612456747,194,6.71280276816609
2012,2013,"hay_hay","hay","hay","#f781bf","#f781bf",5,6,4.6,4.6,5.2,5.8,4.6,4.6,10,0.346020761245675,10,0.346020761245675,11,0.380622837370242
2012,2013,"other_corn","other","corn","#AAAAAA","#ffd300",5,6,1,6.4,5.2,5.8,1.6,5.8,77,2.6643598615917,1323,45.7785467128028,1414,48.9273356401384
2012,2013,"other_other","other","other","#AAAAAA","#AAAAAA",5,6,1,1,5.2,5.8,1,1,1234,42.6989619377163,1323,45.7785467128028,1271,43.9792387543253
2012,2013,"other_soy","other","soy","#AAAAAA","#4daf4a",5,6,1,5.5,5.2,5.8,1.5,5,12,0.41522491349481,1323,45.7785467128028,194,6.71280276816609
2012,2013,"soy_corn","soy","corn","#4daf4a","#ffd300",5,6,5.5,6.4,5.2,5.8,5.6,6.3,1070,37.0242214532872,1094,37.8546712802768,1414,48.9273356401384
2012,2013,"soy_other","soy","other","#4daf4a","#AAAAAA",5,6,5.5,1,5.2,5.8,5,1.5,17,0.588235294117647,1094,37.8546712802768,1271,43.9792387543253
2012,2013,"soy_soy","soy","soy","#4daf4a","#4daf4a",5,6,5.5,5.5,5.2,5.8,5.5,5.5,7,0.242214532871972,1094,37.8546712802768,194,6.71280276816609
2013,2014,"corn_corn","corn","corn","#ffd300","#ffd300",6,7,6.4,6.4,6.2,6.8,6.4,6.4,112,3.87543252595156,1414,48.9273356401384,225,7.78546712802768
2013,2014,"corn_other","corn","other","#ffd300","#AAAAAA",6,7,6.4,1,6.2,6.8,5.8,1.6,17,0.588235294117647,1414,48.9273356401384,1181,40.8650519031142
2013,2014,"corn_soy","corn","soy","#ffd300","#4daf4a",6,7,6.4,5.5,6.2,6.8,6.3,5.6,1285,44.4636678200692,1414,48.9273356401384,1470,50.8650519031142
2013,2014,"hay_soy","hay","soy","#f781bf","#4daf4a",6,7,4.6,5.5,6.2,6.8,4.7,5.4,1,0.0346020761245675,1,0.0346020761245675,1470,50.8650519031142
2013,2014,"other_corn","other","corn","#AAAAAA","#ffd300",6,7,1,6.4,6.2,6.8,1.6,5.8,10,0.346020761245675,1281,44.3252595155709,225,7.78546712802768
2013,2014,"other_hay","other","hay","#AAAAAA","#f781bf",6,7,1,4.6,6.2,6.8,1.4,4.2,14,0.484429065743945,1281,44.3252595155709,14,0.484429065743945
2013,2014,"other_other","other","other","#AAAAAA","#AAAAAA",6,7,1,1,6.2,6.8,1,1,1161,40.1730103806228,1281,44.3252595155709,1181,40.8650519031142
2013,2014,"other_soy","other","soy","#AAAAAA","#4daf4a",6,7,1,5.5,6.2,6.8,1.5,5,96,3.32179930795848,1281,44.3252595155709,1470,50.8650519031142
2013,2014,"soy_corn","soy","corn","#4daf4a","#ffd300",6,7,5.5,6.4,6.2,6.8,5.6,6.3,103,3.56401384083045,194,6.71280276816609,225,7.78546712802768
2013,2014,"soy_other","soy","other","#4daf4a","#AAAAAA",6,7,5.5,1,6.2,6.8,5,1.5,3,0.103806228373702,194,6.71280276816609,1181,40.8650519031142
2013,2014,"soy_soy","soy","soy","#4daf4a","#4daf4a",6,7,5.5,5.5,6.2,6.8,5.5,5.5,88,3.04498269896194,194,6.71280276816609,1470,50.8650519031142
2014,2015,"corn_corn","corn","corn","#ffd300","#ffd300",7,8,6.4,6.4,7.2,7.8,6.4,6.4,111,3.84083044982699,225,7.78546712802768,1521,52.6297577854671
2014,2015,"corn_hay","corn","hay","#ffd300","#f781bf",7,8,6.4,4.6,7.2,7.8,6.2,4.8,2,0.0692041522491349,225,7.78546712802768,9,0.311418685121107
2014,2015,"corn_other","corn","other","#ffd300","#AAAAAA",7,8,6.4,1,7.2,7.8,5.8,1.6,1,0.0346020761245675,225,7.78546712802768,1162,40.2076124567474
2014,2015,"corn_soy","corn","soy","#ffd300","#4daf4a",7,8,6.4,5.5,7.2,7.8,6.3,5.6,111,3.84083044982699,225,7.78546712802768,198,6.85121107266436
2014,2015,"hay_hay","hay","hay","#f781bf","#f781bf",7,8,4.6,4.6,7.2,7.8,4.6,4.6,7,0.242214532871972,21,0.726643598615917,9,0.311418685121107
2014,2015,"hay_other","hay","other","#f781bf","#AAAAAA",7,8,4.6,1,7.2,7.8,4.2,1.4,14,0.484429065743945,21,0.726643598615917,1162,40.2076124567474
2014,2015,"other_corn","other","corn","#AAAAAA","#ffd300",7,8,1,6.4,7.2,7.8,1.6,5.8,30,1.03806228373702,1174,40.6228373702422,1521,52.6297577854671
2014,2015,"other_other","other","other","#AAAAAA","#AAAAAA",7,8,1,1,7.2,7.8,1,1,1140,39.4463667820069,1174,40.6228373702422,1162,40.2076124567474
2014,2015,"other_soy","other","soy","#AAAAAA","#4daf4a",7,8,1,5.5,7.2,7.8,1.5,5,4,0.13840830449827,1174,40.6228373702422,198,6.85121107266436
2014,2015,"soy_corn","soy","corn","#4daf4a","#ffd300",7,8,5.5,6.4,7.2,7.8,5.6,6.3,1380,47.7508650519031,1470,50.8650519031142,1521,52.6297577854671
2014,2015,"soy_other","soy","other","#4daf4a","#AAAAAA",7,8,5.5,1,7.2,7.8,5,1.5,7,0.242214532871972,1470,50.8650519031142,1162,40.2076124567474
2014,2015,"soy_soy","soy","soy","#4daf4a","#4daf4a",7,8,5.5,5.5,7.2,7.8,5.5,5.5,83,2.8719723183391,1470,50.8650519031142,198,6.85121107266436
2015,2016,"corn_corn","corn","corn","#ffd300","#ffd300",8,9,6.4,6.4,8.2,8.8,6.4,6.4,166,5.7439446366782,1521,52.6297577854671,341,11.7993079584775
2015,2016,"corn_hay","corn","hay","#ffd300","#f781bf",8,9,6.4,4.6,8.2,8.8,6.2,4.8,2,0.0692041522491349,1521,52.6297577854671,7,0.242214532871972
2015,2016,"corn_other","corn","other","#ffd300","#AAAAAA",8,9,6.4,1,8.2,8.8,5.8,1.6,19,0.657439446366782,1521,52.6297577854671,1191,41.2110726643599
2015,2016,"corn_soy","corn","soy","#ffd300","#4daf4a",8,9,6.4,5.5,8.2,8.8,6.3,5.6,1334,46.159169550173,1521,52.6297577854671,1351,46.7474048442907
2015,2016,"hay_hay","hay","hay","#f781bf","#f781bf",8,9,4.6,4.6,8.2,8.8,4.6,4.6,2,0.0692041522491349,2,0.0692041522491349,7,0.242214532871972
2015,2016,"other_other","other","other","#AAAAAA","#AAAAAA",8,9,1,1,8.2,8.8,1,1,1168,40.4152249134948,1169,40.4498269896194,1191,41.2110726643599
2015,2016,"other_soy","other","soy","#AAAAAA","#4daf4a",8,9,1,5.5,8.2,8.8,1.5,5,1,0.0346020761245675,1169,40.4498269896194,1351,46.7474048442907
2015,2016,"soy_corn","soy","corn","#4daf4a","#ffd300",8,9,5.5,6.4,8.2,8.8,5.6,6.3,175,6.05536332179931,198,6.85121107266436,341,11.7993079584775
2015,2016,"soy_hay","soy","hay","#4daf4a","#f781bf",8,9,5.5,4.6,8.2,8.8,5.4,4.7,3,0.103806228373702,198,6.85121107266436,7,0.242214532871972
2015,2016,"soy_other","soy","other","#4daf4a","#AAAAAA",8,9,5.5,1,8.2,8.8,5,1.5,4,0.13840830449827,198,6.85121107266436,1191,41.2110726643599
2015,2016,"soy_soy","soy","soy","#4daf4a","#4daf4a",8,9,5.5,5.5,8.2,8.8,5.5,5.5,16,0.55363321799308,198,6.85121107266436,1351,46.7474048442907
2016,2017,"corn_corn","corn","corn","#ffd300","#ffd300",9,10,6.4,6.4,9.2,9.8,6.4,6.4,165,5.70934256055363,341,11.7993079584775,1510,52.2491349480969
2016,2017,"corn_hay","corn","hay","#ffd300","#f781bf",9,10,6.4,4.6,9.2,9.8,6.2,4.8,1,0.0346020761245675,341,11.7993079584775,4,0.13840830449827
2016,2017,"corn_soy","corn","soy","#ffd300","#4daf4a",9,10,6.4,5.5,9.2,9.8,6.3,5.6,175,6.05536332179931,341,11.7993079584775,206,7.1280276816609
2016,2017,"hay_hay","hay","hay","#f781bf","#f781bf",9,10,4.6,4.6,9.2,9.8,4.6,4.6,1,0.0346020761245675,7,0.242214532871972,4,0.13840830449827
2016,2017,"hay_other","hay","other","#f781bf","#AAAAAA",9,10,4.6,1,9.2,9.8,4.2,1.4,1,0.0346020761245675,7,0.242214532871972,1170,40.4844290657439
2016,2017,"hay_soy","hay","soy","#f781bf","#4daf4a",9,10,4.6,5.5,9.2,9.8,4.7,5.4,5,0.173010380622837,7,0.242214532871972,206,7.1280276816609
2016,2017,"other_corn","other","corn","#AAAAAA","#ffd300",9,10,1,6.4,9.2,9.8,1.6,5.8,16,0.55363321799308,1191,41.2110726643599,1510,52.2491349480969
2016,2017,"other_other","other","other","#AAAAAA","#AAAAAA",9,10,1,1,9.2,9.8,1,1,1165,40.3114186851211,1191,41.2110726643599,1170,40.4844290657439
2016,2017,"other_soy","other","soy","#AAAAAA","#4daf4a",9,10,1,5.5,9.2,9.8,1.5,5,10,0.346020761245675,1191,41.2110726643599,206,7.1280276816609
2016,2017,"soy_corn","soy","corn","#4daf4a","#ffd300",9,10,5.5,6.4,9.2,9.8,5.6,6.3,1329,45.9861591695502,1351,46.7474048442907,1510,52.2491349480969
2016,2017,"soy_hay","soy","hay","#4daf4a","#f781bf",9,10,5.5,4.6,9.2,9.8,5.4,4.7,2,0.0692041522491349,1351,46.7474048442907,4,0.13840830449827
2016,2017,"soy_other","soy","other","#4daf4a","#AAAAAA",9,10,5.5,1,9.2,9.8,5,1.5,4,0.13840830449827,1351,46.7474048442907,1170,40.4844290657439
2016,2017,"soy_soy","soy","soy","#4daf4a","#4daf4a",9,10,5.5,5.5,9.2,9.8,5.5,5.5,16,0.55363321799308,1351,46.7474048442907,206,7.1280276816609
2017,2018,"corn_corn","corn","corn","#ffd300","#ffd300",10,11,6.4,6.4,10.2,10.8,6.4,6.4,175,6.05536332179931,1510,52.2491349480969,348,12.0415224913495
2017,2018,"corn_hay","corn","hay","#ffd300","#f781bf",10,11,6.4,4.6,10.2,10.8,6.2,4.8,1,0.0346020761245675,1510,52.2491349480969,13,0.449826989619377
2017,2018,"corn_other","corn","other","#ffd300","#AAAAAA",10,11,6.4,1,10.2,10.8,5.8,1.6,1,0.0346020761245675,1510,52.2491349480969,1128,39.0311418685121
2017,2018,"corn_soy","corn","soy","#ffd300","#4daf4a",10,11,6.4,5.5,10.2,10.8,6.3,5.6,1333,46.1245674740484,1510,52.2491349480969,1401,48.477508650519
2017,2018,"hay_hay","hay","hay","#f781bf","#f781bf",10,11,4.6,4.6,10.2,10.8,4.6,4.6,7,0.242214532871972,8,0.27681660899654,13,0.449826989619377
2017,2018,"hay_soy","hay","soy","#f781bf","#4daf4a",10,11,4.6,5.5,10.2,10.8,4.7,5.4,1,0.0346020761245675,8,0.27681660899654,1401,48.477508650519
2017,2018,"other_corn","other","corn","#AAAAAA","#ffd300",10,11,1,6.4,10.2,10.8,1.6,5.8,13,0.449826989619377,1166,40.3460207612457,348,12.0415224913495
2017,2018,"other_hay","other","hay","#AAAAAA","#f781bf",10,11,1,4.6,10.2,10.8,1.4,4.2,4,0.13840830449827,1166,40.3460207612457,13,0.449826989619377
2017,2018,"other_other","other","other","#AAAAAA","#AAAAAA",10,11,1,1,10.2,10.8,1,1,1126,38.961937716263,1166,40.3460207612457,1128,39.0311418685121
2017,2018,"other_soy","other","soy","#AAAAAA","#4daf4a",10,11,1,5.5,10.2,10.8,1.5,5,23,0.795847750865052,1166,40.3460207612457,1401,48.477508650519
2017,2018,"soy_corn","soy","corn","#4daf4a","#ffd300",10,11,5.5,6.4,10.2,10.8,5.6,6.3,160,5.5363321799308,206,7.1280276816609,348,12.0415224913495
2017,2018,"soy_hay","soy","hay","#4daf4a","#f781bf",10,11,5.5,4.6,10.2,10.8,5.4,4.7,1,0.0346020761245675,206,7.1280276816609,13,0.449826989619377
2017,2018,"soy_other","soy","other","#4daf4a","#AAAAAA",10,11,5.5,1,10.2,10.8,5,1.5,1,0.0346020761245675,206,7.1280276816609,1128,39.0311418685121
2017,2018,"soy_soy","soy","soy","#4daf4a","#4daf4a",10,11,5.5,5.5,10.2,10.8,5.5,5.5,44,1.52249134948097,206,7.1280276816609,1401,48.477508650519
2018,2019,"corn_corn","corn","corn","#ffd300","#ffd300",11,12,6.4,6.4,11.2,11.8,6.4,6.4,180,6.22837370242214,348,12.0415224913495,1612,55.7785467128028
2018,2019,"corn_hay","corn","hay","#ffd300","#f781bf",11,12,6.4,4.6,11.2,11.8,6.2,4.8,1,0.0346020761245675,348,12.0415224913495,6,0.207612456747405
2018,2019,"corn_other","corn","other","#ffd300","#AAAAAA",11,12,6.4,1,11.2,11.8,5.8,1.6,7,0.242214532871972,348,12.0415224913495,1085,37.5432525951557
2018,2019,"corn_soy","corn","soy","#ffd300","#4daf4a",11,12,6.4,5.5,11.2,11.8,6.3,5.6,160,5.5363321799308,348,12.0415224913495,187,6.47058823529412
2018,2019,"hay_corn","hay","corn","#f781bf","#ffd300",11,12,4.6,6.4,11.2,11.8,4.8,6.2,1,0.0346020761245675,10,0.346020761245675,1612,55.7785467128028
2018,2019,"hay_hay","hay","hay","#f781bf","#f781bf",11,12,4.6,4.6,11.2,11.8,4.6,4.6,4,0.13840830449827,10,0.346020761245675,6,0.207612456747405
2018,2019,"hay_other","hay","other","#f781bf","#AAAAAA",11,12,4.6,1,11.2,11.8,4.2,1.4,5,0.173010380622837,10,0.346020761245675,1085,37.5432525951557
2018,2019,"other_corn","other","corn","#AAAAAA","#ffd300",11,12,1,6.4,11.2,11.8,1.6,5.8,32,1.10726643598616,1131,39.1349480968858,1612,55.7785467128028
2018,2019,"other_other","other","other","#AAAAAA","#AAAAAA",11,12,1,1,11.2,11.8,1,1,1073,37.1280276816609,1131,39.1349480968858,1085,37.5432525951557
2018,2019,"other_soy","other","soy","#AAAAAA","#4daf4a",11,12,1,5.5,11.2,11.8,1.5,5,26,0.899653979238754,1131,39.1349480968858,187,6.47058823529412
2018,2019,"soy_corn","soy","corn","#4daf4a","#ffd300",11,12,5.5,6.4,11.2,11.8,5.6,6.3,1399,48.4083044982699,1401,48.477508650519,1612,55.7785467128028
2018,2019,"soy_hay","soy","hay","#4daf4a","#f781bf",11,12,5.5,4.6,11.2,11.8,5.4,4.7,1,0.0346020761245675,1401,48.477508650519,6,0.207612456747405
2018,2019,"soy_soy","soy","soy","#4daf4a","#4daf4a",11,12,5.5,5.5,11.2,11.8,5.5,5.5,1,0.0346020761245675,1401,48.477508650519,187,6.47058823529412
2019,2020,"corn_corn","corn","corn","#ffd300","#ffd300",12,13,6.4,6.4,12.2,12.8,6.4,6.4,155,5.36332179930796,1612,55.7785467128028,248,8.58131487889273
2019,2020,"corn_hay","corn","hay","#ffd300","#f781bf",12,13,6.4,4.6,12.2,12.8,6.2,4.8,11,0.380622837370242,1612,55.7785467128028,28,0.968858131487889
2019,2020,"corn_other","corn","other","#ffd300","#AAAAAA",12,13,6.4,1,12.2,12.8,5.8,1.6,6,0.207612456747405,1612,55.7785467128028,1070,37.0242214532872
2019,2020,"corn_soy","corn","soy","#ffd300","#4daf4a",12,13,6.4,5.5,12.2,12.8,6.3,5.6,1440,49.8269896193772,1612,55.7785467128028,1542,53.356401384083
2019,2020,"hay_hay","hay","hay","#f781bf","#f781bf",12,13,4.6,4.6,12.2,12.8,4.6,4.6,9,0.311418685121107,9,0.311418685121107,28,0.968858131487889
2019,2020,"other_corn","other","corn","#AAAAAA","#ffd300",12,13,1,6.4,12.2,12.8,1.6,5.8,6,0.207612456747405,1082,37.439446366782,248,8.58131487889273
2019,2020,"other_hay","other","hay","#AAAAAA","#f781bf",12,13,1,4.6,12.2,12.8,1.4,4.2,5,0.173010380622837,1082,37.439446366782,28,0.968858131487889
2019,2020,"other_other","other","other","#AAAAAA","#AAAAAA",12,13,1,1,12.2,12.8,1,1,1064,36.8166089965398,1082,37.439446366782,1070,37.0242214532872
2019,2020,"other_soy","other","soy","#AAAAAA","#4daf4a",12,13,1,5.5,12.2,12.8,1.5,5,7,0.242214532871972,1082,37.439446366782,1542,53.356401384083
2019,2020,"soy_corn","soy","corn","#4daf4a","#ffd300",12,13,5.5,6.4,12.2,12.8,5.6,6.3,87,3.01038062283737,187,6.47058823529412,248,8.58131487889273
2019,2020,"soy_hay","soy","hay","#4daf4a","#f781bf",12,13,5.5,4.6,12.2,12.8,5.4,4.7,3,0.103806228373702,187,6.47058823529412,28,0.968858131487889
2019,2020,"soy_soy","soy","soy","#4daf4a","#4daf4a",12,13,5.5,5.5,12.2,12.8,5.5,5.5,95,3.28719723183391,187,6.47058823529412,1542,53.356401384083
2019,2020,"soy_springWheat","soy","springWheat","#4daf4a","#a65628",12,13,5.5,3.7,12.2,12.8,5.3,3.9,2,0.0692041522491349,187,6.47058823529412,2,0.0692041522491349
2020,2021,"corn_corn","corn","corn","#ffd300","#ffd300",13,14,6.4,6.4,13.2,13.8,6.4,6.4,123,4.2560553633218,248,8.58131487889273,1624,56.1937716262976
2020,2021,"corn_soy","corn","soy","#ffd300","#4daf4a",13,14,6.4,5.5,13.2,13.8,6.3,5.6,125,4.32525951557093,248,8.58131487889273,187,6.47058823529412
2020,2021,"hay_corn","hay","corn","#f781bf","#ffd300",13,14,4.6,6.4,13.2,13.8,4.8,6.2,7,0.242214532871972,31,1.07266435986159,1624,56.1937716262976
2020,2021,"hay_hay","hay","hay","#f781bf","#f781bf",13,14,4.6,4.6,13.2,13.8,4.6,4.6,16,0.55363321799308,31,1.07266435986159,17,0.588235294117647
2020,2021,"hay_other","hay","other","#f781bf","#AAAAAA",13,14,4.6,1,13.2,13.8,4.2,1.4,2,0.0692041522491349,31,1.07266435986159,1062,36.7474048442907
2020,2021,"hay_soy","hay","soy","#f781bf","#4daf4a",13,14,4.6,5.5,13.2,13.8,4.7,5.4,6,0.207612456747405,31,1.07266435986159,187,6.47058823529412
2020,2021,"other_corn","other","corn","#AAAAAA","#ffd300",13,14,1,6.4,13.2,13.8,1.6,5.8,3,0.103806228373702,1067,36.9204152249135,1624,56.1937716262976
2020,2021,"other_hay","other","hay","#AAAAAA","#f781bf",13,14,1,4.6,13.2,13.8,1.4,4.2,1,0.0346020761245675,1067,36.9204152249135,17,0.588235294117647
2020,2021,"other_other","other","other","#AAAAAA","#AAAAAA",13,14,1,1,13.2,13.8,1,1,1060,36.6782006920415,1067,36.9204152249135,1062,36.7474048442907
2020,2021,"other_soy","other","soy","#AAAAAA","#4daf4a",13,14,1,5.5,13.2,13.8,1.5,5,3,0.103806228373702,1067,36.9204152249135,187,6.47058823529412
2020,2021,"soy_corn","soy","corn","#4daf4a","#ffd300",13,14,5.5,6.4,13.2,13.8,5.6,6.3,1491,51.5916955017301,1542,53.356401384083,1624,56.1937716262976
2020,2021,"soy_soy","soy","soy","#4daf4a","#4daf4a",13,14,5.5,5.5,13.2,13.8,5.5,5.5,51,1.76470588235294,1542,53.356401384083,187,6.47058823529412
2020,2021,"springWheat_soy","springWheat","soy","#a65628","#4daf4a",13,14,3.7,5.5,13.2,13.8,3.9,5.3,2,0.0692041522491349,2,0.0692041522491349,187,6.47058823529412
