"X","cropCode","numPixelsWiZone","cropCodeFrom","cropCodeTo","yearFrom","yearTo"
"T104 R21W S7",121121,250,121,121,2008,2009
"T104 R21W S7",141141,34,141,141,2008,2009
"T104 R21W S7",190141,2,190,141,2008,2009
"T104 R21W S7",195176,8,195,176,2008,2009
"T104 R21W S7",141176,1,141,176,2008,2009
"T104 R21W S7",190176,2,190,176,2008,2009
"T104 R21W S7",176176,94,176,176,2008,2009
"T104 R21W S7",176005,57,176,5,2008,2009
"T104 R21W S7",176141,1,176,141,2008,2009
"T104 R21W S7",121122,2,121,122,2008,2009
"T104 R21W S7",122122,15,122,122,2008,2009
"T104 R21W S7",5176,21,5,176,2008,2009
"T104 R21W S7",122121,1,122,121,2008,2009
"T104 R21W S7",5005,222,5,5,2008,2009
"T104 R21W S7",121005,1,121,5,2008,2009
"T104 R21W S7",1036,12,1,36,2008,2009
"T104 R21W S7",1001,98,1,1,2008,2009
"T104 R21W S7",1005,1003,1,5,2008,2009
"T104 R21W S7",1176,78,1,176,2008,2009
"T104 R21W S7",5001,817,5,1,2008,2009
"T104 R21W S7",5121,1,5,121,2008,2009
"T104 R21W S7",176001,5,176,1,2008,2009
"T104 R21W S7",121123,3,121,123,2008,2009
"T104 R21W S7",1121,4,1,121,2008,2009
"T104 R21W S7",121001,4,121,1,2008,2009
"T104 R21W S7",1012,1,1,12,2008,2009
"T104 R21W S7",12176,1,12,176,2008,2009
"T104 R21W S7",1053,3,1,53,2008,2009
"T104 R21W S7",121121,198,121,121,2009,2010
"T104 R21W S7",141141,29,141,141,2009,2010
"T104 R21W S7",141190,2,141,190,2009,2010
"T104 R21W S7",176195,3,176,195,2009,2010
"T104 R21W S7",141195,1,141,195,2009,2010
"T104 R21W S7",176190,1,176,190,2009,2010
"T104 R21W S7",5195,1,5,195,2009,2010
"T104 R21W S7",36176,3,36,176,2009,2010
"T104 R21W S7",121141,2,121,141,2009,2010
"T104 R21W S7",121195,1,121,195,2009,2010
"T104 R21W S7",176036,14,176,36,2009,2010
"T104 R21W S7",176176,127,176,176,2009,2010
"T104 R21W S7",176005,10,176,5,2009,2010
"T104 R21W S7",122121,1,122,121,2009,2010
"T104 R21W S7",122122,15,122,122,2009,2010
"T104 R21W S7",141176,4,141,176,2009,2010
"T104 R21W S7",121122,2,121,122,2009,2010
"T104 R21W S7",141121,1,141,121,2009,2010
"T104 R21W S7",5005,599,5,5,2009,2010
"T104 R21W S7",5176,30,5,176,2009,2010
"T104 R21W S7",121176,30,121,176,2009,2010
"T104 R21W S7",5121,11,5,121,2009,2010
"T104 R21W S7",121005,10,121,5,2009,2010
"T104 R21W S7",36036,7,36,36,2009,2010
"T104 R21W S7",122176,1,122,176,2009,2010
"T104 R21W S7",176001,11,176,1,2009,2010
"T104 R21W S7",1005,851,1,5,2009,2010
"T104 R21W S7",5028,3,5,28,2009,2010
"T104 R21W S7",1176,20,1,176,2009,2010
"T104 R21W S7",5001,613,5,1,2009,2010
"T104 R21W S7",36121,2,36,121,2009,2010
"T104 R21W S7",1001,25,1,1,2009,2010
"T104 R21W S7",121036,2,121,36,2009,2010
"T104 R21W S7",176121,36,176,121,2009,2010
"T104 R21W S7",121001,7,121,1,2009,2010
"T104 R21W S7",1195,2,1,195,2009,2010
"T104 R21W S7",176021,1,176,21,2009,2010
"T104 R21W S7",123121,3,123,121,2009,2010
"T104 R21W S7",5131,8,5,131,2009,2010
"T104 R21W S7",1121,11,1,121,2009,2010
"T104 R21W S7",176053,2,176,53,2009,2010
"T104 R21W S7",1087,1,1,87,2009,2010
"T104 R21W S7",5053,16,5,53,2009,2010
"T104 R21W S7",121087,1,121,87,2009,2010
"T104 R21W S7",53176,1,53,176,2009,2010
"T104 R21W S7",53001,2,53,1,2009,2010
"T104 R21W S7",5012,2,5,12,2009,2010
"T104 R21W S7",12005,1,12,5,2009,2010
"T104 R21W S7",1012,14,1,12,2009,2010
"T104 R21W S7",121053,2,121,53,2009,2010
"T104 R21W S7",121012,1,121,12,2009,2010
"T104 R21W S7",121121,199,121,121,2010,2011
"T104 R21W S7",176195,1,176,195,2010,2011
"T104 R21W S7",190141,2,190,141,2010,2011
"T104 R21W S7",5195,1,5,195,2010,2011
"T104 R21W S7",141141,28,141,141,2010,2011
"T104 R21W S7",195141,1,195,141,2010,2011
"T104 R21W S7",195005,2,195,5,2010,2011
"T104 R21W S7",141121,2,141,121,2010,2011
"T104 R21W S7",176036,17,176,36,2010,2011
"T104 R21W S7",195121,1,195,121,2010,2011
"T104 R21W S7",195176,4,195,176,2010,2011
"T104 R21W S7",121122,1,121,122,2010,2011
"T104 R21W S7",122122,7,122,122,2010,2011
"T104 R21W S7",176005,19,176,5,2010,2011
"T104 R21W S7",176141,4,176,141,2010,2011
"T104 R21W S7",122121,10,122,121,2010,2011
"T104 R21W S7",141176,1,141,176,2010,2011
"T104 R21W S7",190176,1,190,176,2010,2011
"T104 R21W S7",121176,41,121,176,2010,2011
"T104 R21W S7",121141,1,121,141,2010,2011
"T104 R21W S7",5005,535,5,5,2010,2011
"T104 R21W S7",121005,9,121,5,2010,2011
"T104 R21W S7",5001,876,5,1,2010,2011
"T104 R21W S7",5121,13,5,121,2010,2011
"T104 R21W S7",36036,14,36,36,2010,2011
"T104 R21W S7",176122,1,176,122,2010,2011
"T104 R21W S7",1001,17,1,1,2010,2011
"T104 R21W S7",176001,18,176,1,2010,2011
"T104 R21W S7",176176,126,176,176,2010,2011
"T104 R21W S7",1036,1,1,36,2010,2011
"T104 R21W S7",176121,30,176,121,2010,2011
"T104 R21W S7",28036,1,28,36,2010,2011
"T104 R21W S7",5176,46,5,176,2010,2011
"T104 R21W S7",1005,608,1,5,2010,2011
"T104 R21W S7",36121,2,36,121,2010,2011
"T104 R21W S7",121001,8,121,1,2010,2011
"T104 R21W S7",1195,1,1,195,2010,2011
"T104 R21W S7",121036,4,121,36,2010,2011
"T104 R21W S7",1061,2,1,61,2010,2011
"T104 R21W S7",36176,7,36,176,2010,2011
"T104 R21W S7",1121,1,1,121,2010,2011
"T104 R21W S7",21176,1,21,176,2010,2011
"T104 R21W S7",28176,2,28,176,2010,2011
"T104 R21W S7",131005,1,131,5,2010,2011
"T104 R21W S7",87121,1,87,121,2010,2011
"T104 R21W S7",131131,1,131,131,2010,2011
"T104 R21W S7",1176,27,1,176,2010,2011
"T104 R21W S7",131061,2,131,61,2010,2011
"T104 R21W S7",131176,2,131,176,2010,2011
"T104 R21W S7",87001,1,87,1,2010,2011
"T104 R21W S7",1012,1,1,12,2010,2011
"T104 R21W S7",12176,1,12,176,2010,2011
"T104 R21W S7",12001,14,12,1,2010,2011
"T104 R21W S7",12005,1,12,5,2010,2011
"T104 R21W S7",53005,3,53,5,2010,2011
"T104 R21W S7",53036,8,53,36,2010,2011
"T104 R21W S7",53176,7,53,176,2010,2011
"T104 R21W S7",131012,2,131,12,2010,2011
"T104 R21W S7",53121,2,53,121,2010,2011
"T104 R21W S7",12121,1,12,121,2010,2011
"T104 R21W S7",141190,2,141,190,2011,2012
"T104 R21W S7",141195,1,141,195,2011,2012
"T104 R21W S7",195141,1,195,141,2011,2012
"T104 R21W S7",195195,1,195,195,2011,2012
"T104 R21W S7",121121,254,121,121,2011,2012
"T104 R21W S7",141141,33,141,141,2011,2012
"T104 R21W S7",5195,1,5,195,2011,2012
"T104 R21W S7",36036,19,36,36,2011,2012
"T104 R21W S7",176195,16,176,195,2011,2012
"T104 R21W S7",195176,1,195,176,2011,2012
"T104 R21W S7",121122,5,121,122,2011,2012
"T104 R21W S7",122121,2,122,121,2011,2012
"T104 R21W S7",122122,7,122,122,2011,2012
"T104 R21W S7",1195,2,1,195,2011,2012
"T104 R21W S7",5005,8,5,5,2011,2012
"T104 R21W S7",176190,1,176,190,2011,2012
"T104 R21W S7",5001,1142,5,1,2011,2012
"T104 R21W S7",121005,1,121,5,2011,2012
"T104 R21W S7",1005,515,1,5,2011,2012
"T104 R21W S7",36176,21,36,176,2011,2012
"T104 R21W S7",1001,411,1,1,2011,2012
"T104 R21W S7",5121,2,5,121,2011,2012
"T104 R21W S7",176036,9,176,36,2011,2012
"T104 R21W S7",176005,18,176,5,2011,2012
"T104 R21W S7",176176,166,176,176,2011,2012
"T104 R21W S7",5176,17,5,176,2011,2012
"T104 R21W S7",36001,5,36,1,2011,2012
"T104 R21W S7",176001,51,176,1,2011,2012
"T104 R21W S7",1121,4,1,121,2011,2012
"T104 R21W S7",61042,3,61,42,2011,2012
"T104 R21W S7",131176,1,131,176,2011,2012
"T104 R21W S7",1176,2,1,176,2011,2012
"T104 R21W S7",176141,1,176,141,2011,2012
"T104 R21W S7",176131,2,176,131,2011,2012
"T104 R21W S7",121001,2,121,1,2011,2012
"T104 R21W S7",61176,1,61,176,2011,2012
"T104 R21W S7",12005,1,12,5,2011,2012
"T104 R21W S7",176012,2,176,12,2011,2012
"T104 R21W S7",12042,2,12,42,2011,2012
"T104 R21W S7",5012,8,5,12,2011,2012
"T104 R21W S7",141190,6,141,190,2012,2013
"T104 R21W S7",141195,1,141,195,2012,2013
"T104 R21W S7",190141,3,190,141,2012,2013
"T104 R21W S7",195141,2,195,141,2012,2013
"T104 R21W S7",195195,1,195,195,2012,2013
"T104 R21W S7",121121,257,121,121,2012,2013
"T104 R21W S7",141141,27,141,141,2012,2013
"T104 R21W S7",141176,1,141,176,2012,2013
"T104 R21W S7",176195,5,176,195,2012,2013
"T104 R21W S7",195005,1,195,5,2012,2013
"T104 R21W S7",195176,16,195,176,2012,2013
"T104 R21W S7",121122,4,121,122,2012,2013
"T104 R21W S7",122121,3,122,121,2012,2013
"T104 R21W S7",122122,9,122,122,2012,2013
"T104 R21W S7",5195,3,5,195,2012,2013
"T104 R21W S7",176190,2,176,190,2012,2013
"T104 R21W S7",131005,1,131,5,2012,2013
"T104 R21W S7",195001,1,195,1,2012,2013
"T104 R21W S7",1005,1110,1,5,2012,2013
"T104 R21W S7",5001,386,5,1,2012,2013
"T104 R21W S7",5005,67,5,5,2012,2013
"T104 R21W S7",36001,2,36,1,2012,2013
"T104 R21W S7",36005,1,36,5,2012,2013
"T104 R21W S7",36036,14,36,36,2012,2013
"T104 R21W S7",121005,1,121,5,2012,2013
"T104 R21W S7",176005,15,176,5,2012,2013
"T104 R21W S7",176036,4,176,36,2012,2013
"T104 R21W S7",5036,1,5,36,2012,2013
"T104 R21W S7",42005,4,42,5,2012,2013
"T104 R21W S7",5121,1,5,121,2012,2013
"T104 R21W S7",1001,223,1,1,2012,2013
"T104 R21W S7",36176,9,36,176,2012,2013
"T104 R21W S7",176037,1,176,37,2012,2013
"T104 R21W S7",176001,6,176,1,2012,2013
"T104 R21W S7",5176,81,5,176,2012,2013
"T104 R21W S7",1195,2,1,195,2012,2013
"T104 R21W S7",1036,32,1,36,2012,2013
"T104 R21W S7",176176,173,176,176,2012,2013
"T104 R21W S7",1176,224,1,176,2012,2013
"T104 R21W S7",131131,1,131,131,2012,2013
"T104 R21W S7",1121,3,1,121,2012,2013
"T104 R21W S7",36029,2,36,29,2012,2013
"T104 R21W S7",1131,1,1,131,2012,2013
"T104 R21W S7",5053,4,5,53,2012,2013
"T104 R21W S7",1053,15,1,53,2012,2013
"T104 R21W S7",12005,6,12,5,2012,2013
"T104 R21W S7",1012,1,1,12,2012,2013
"T104 R21W S7",176012,3,176,12,2012,2013
"T104 R21W S7",42053,1,42,53,2012,2013
"T104 R21W S7",12176,4,12,176,2012,2013
"T104 R21W S7",190141,6,190,141,2013,2014
"T104 R21W S7",195141,1,195,141,2013,2014
"T104 R21W S7",195195,2,195,195,2013,2014
"T104 R21W S7",121121,252,121,121,2013,2014
"T104 R21W S7",141176,1,141,176,2013,2014
"T104 R21W S7",190176,2,190,176,2013,2014
"T104 R21W S7",36001,4,36,1,2013,2014
"T104 R21W S7",176195,2,176,195,2013,2014
"T104 R21W S7",195001,3,195,1,2013,2014
"T104 R21W S7",195176,3,195,176,2013,2014
"T104 R21W S7",121124,1,121,124,2013,2014
"T104 R21W S7",121122,6,121,122,2013,2014
"T104 R21W S7",122122,13,122,122,2013,2014
"T104 R21W S7",141141,31,141,141,2013,2014
"T104 R21W S7",176176,151,176,176,2013,2014
"T104 R21W S7",195005,3,195,5,2013,2014
"T104 R21W S7",36005,28,36,5,2013,2014
"T104 R21W S7",36036,3,36,36,2013,2014
"T104 R21W S7",36037,13,36,37,2013,2014
"T104 R21W S7",176037,8,176,37,2013,2014
"T104 R21W S7",121123,2,121,123,2013,2014
"T104 R21W S7",176141,1,176,141,2013,2014
"T104 R21W S7",5001,661,5,1,2013,2014
"T104 R21W S7",5005,522,5,5,2013,2014
"T104 R21W S7",1001,26,1,1,2013,2014
"T104 R21W S7",1005,575,1,5,2013,2014
"T104 R21W S7",5121,2,5,121,2013,2014
"T104 R21W S7",1176,2,1,176,2013,2014
"T104 R21W S7",1141,1,1,141,2013,2014
"T104 R21W S7",176036,3,176,36,2013,2014
"T104 R21W S7",5176,6,5,176,2013,2014
"T104 R21W S7",37001,1,37,1,2013,2014
"T104 R21W S7",36176,3,36,176,2013,2014
"T104 R21W S7",176005,262,176,5,2013,2014
"T104 R21W S7",176001,76,176,1,2013,2014
"T104 R21W S7",176131,3,176,131,2013,2014
"T104 R21W S7",121001,3,121,1,2013,2014
"T104 R21W S7",131005,1,131,5,2013,2014
"T104 R21W S7",131111,1,131,111,2013,2014
"T104 R21W S7",53005,14,53,5,2013,2014
"T104 R21W S7",12005,3,12,5,2013,2014
"T104 R21W S7",5053,6,5,53,2013,2014
"T104 R21W S7",53001,5,53,1,2013,2014
"T104 R21W S7",1012,14,1,12,2013,2014
"T104 R21W S7",5012,9,5,12,2013,2014
"T104 R21W S7",29001,2,29,1,2013,2014
"T104 R21W S7",176012,1,176,12,2013,2014
"T104 R21W S7",12001,1,12,1,2013,2014
"T104 R21W S7",176053,1,176,53,2013,2014
"T104 R21W S7",53131,1,53,131,2013,2014
"T104 R21W S7",121121,251,121,121,2014,2015
"T104 R21W S7",141190,6,141,190,2014,2015
"T104 R21W S7",195190,1,195,190,2014,2015
"T104 R21W S7",195195,2,195,195,2014,2015
"T104 R21W S7",176141,4,176,141,2014,2015
"T104 R21W S7",176190,2,176,190,2014,2015
"T104 R21W S7",176195,20,176,195,2014,2015
"T104 R21W S7",141141,33,141,141,2014,2015
"T104 R21W S7",195176,1,195,176,2014,2015
"T104 R21W S7",36195,1,36,195,2014,2015
"T104 R21W S7",37195,5,37,195,2014,2015
"T104 R21W S7",1121,2,1,121,2014,2015
"T104 R21W S7",122121,2,122,121,2014,2015
"T104 R21W S7",122122,16,122,122,2014,2015
"T104 R21W S7",123123,2,123,123,2014,2015
"T104 R21W S7",5176,2,5,176,2014,2015
"T104 R21W S7",5195,2,5,195,2014,2015
"T104 R21W S7",36176,4,36,176,2014,2015
"T104 R21W S7",37037,12,37,37,2014,2015
"T104 R21W S7",37176,2,37,176,2014,2015
"T104 R21W S7",122123,1,122,123,2014,2015
"T104 R21W S7",176176,128,176,176,2014,2015
"T104 R21W S7",176036,1,176,36,2014,2015
"T104 R21W S7",111131,1,111,131,2014,2015
"T104 R21W S7",5061,6,5,61,2014,2015
"T104 R21W S7",1005,721,1,5,2014,2015
"T104 R21W S7",5005,668,5,5,2014,2015
"T104 R21W S7",5001,726,5,1,2014,2015
"T104 R21W S7",5036,1,5,36,2014,2015
"T104 R21W S7",36037,1,36,37,2014,2015
"T104 R21W S7",37005,2,37,5,2014,2015
"T104 R21W S7",124123,1,124,123,2014,2015
"T104 R21W S7",121005,1,121,5,2014,2015
"T104 R21W S7",1001,46,1,1,2014,2015
"T104 R21W S7",1036,1,1,36,2014,2015
"T104 R21W S7",176001,1,176,1,2014,2015
"T104 R21W S7",176005,6,176,5,2014,2015
"T104 R21W S7",176037,1,176,37,2014,2015
"T104 R21W S7",176061,2,176,61,2014,2015
"T104 R21W S7",1176,5,1,176,2014,2015
"T104 R21W S7",1195,6,1,195,2014,2015
"T104 R21W S7",141001,1,141,1,2014,2015
"T104 R21W S7",5053,1,5,53,2014,2015
"T104 R21W S7",131061,1,131,61,2014,2015
"T104 R21W S7",121001,2,121,1,2014,2015
"T104 R21W S7",53061,6,53,61,2014,2015
"T104 R21W S7",5012,2,5,12,2014,2015
"T104 R21W S7",131131,3,131,131,2014,2015
"T104 R21W S7",176131,2,176,131,2014,2015
"T104 R21W S7",1053,1,1,53,2014,2015
"T104 R21W S7",12005,4,12,5,2014,2015
"T104 R21W S7",176053,1,176,53,2014,2015
"T104 R21W S7",53001,1,53,1,2014,2015
"T104 R21W S7",12001,19,12,1,2014,2015
"T104 R21W S7",12053,1,12,53,2014,2015
"T104 R21W S7",121121,252,121,121,2015,2016
"T104 R21W S7",141190,2,141,190,2015,2016
"T104 R21W S7",190190,3,190,190,2015,2016
"T104 R21W S7",190195,1,190,195,2015,2016
"T104 R21W S7",195190,1,195,190,2015,2016
"T104 R21W S7",195195,10,195,195,2015,2016
"T104 R21W S7",141141,31,141,141,2015,2016
"T104 R21W S7",141195,2,141,195,2015,2016
"T104 R21W S7",190141,4,190,141,2015,2016
"T104 R21W S7",176176,111,176,176,2015,2016
"T104 R21W S7",195176,14,195,176,2015,2016
"T104 R21W S7",141176,2,141,176,2015,2016
"T104 R21W S7",176195,23,176,195,2015,2016
"T104 R21W S7",195005,7,195,5,2015,2016
"T104 R21W S7",121122,3,121,122,2015,2016
"T104 R21W S7",122122,13,122,122,2015,2016
"T104 R21W S7",123123,2,123,123,2015,2016
"T104 R21W S7",37037,5,37,37,2015,2016
"T104 R21W S7",122121,3,122,121,2015,2016
"T104 R21W S7",123121,1,123,121,2015,2016
"T104 R21W S7",190176,1,190,176,2015,2016
"T104 R21W S7",36036,1,36,36,2015,2016
"T104 R21W S7",37036,4,37,36,2015,2016
"T104 R21W S7",195037,2,195,37,2015,2016
"T104 R21W S7",36005,1,36,5,2015,2016
"T104 R21W S7",176005,3,176,5,2015,2016
"T104 R21W S7",5005,505,5,5,2015,2016
"T104 R21W S7",61005,6,61,5,2015,2016
"T104 R21W S7",195001,2,195,1,2015,2016
"T104 R21W S7",5001,882,5,1,2015,2016
"T104 R21W S7",1036,3,1,36,2015,2016
"T104 R21W S7",5036,9,5,36,2015,2016
"T104 R21W S7",37005,4,37,5,2015,2016
"T104 R21W S7",1005,703,1,5,2015,2016
"T104 R21W S7",5027,1,5,27,2015,2016
"T104 R21W S7",5176,2,5,176,2015,2016
"T104 R21W S7",1001,86,1,1,2015,2016
"T104 R21W S7",37001,1,37,1,2015,2016
"T104 R21W S7",36001,1,36,1,2015,2016
"T104 R21W S7",1176,2,1,176,2015,2016
"T104 R21W S7",5195,1,5,195,2015,2016
"T104 R21W S7",123122,1,123,122,2015,2016
"T104 R21W S7",176001,5,176,1,2015,2016
"T104 R21W S7",61061,3,61,61,2015,2016
"T104 R21W S7",1121,1,1,121,2015,2016
"T104 R21W S7",61027,3,61,27,2015,2016
"T104 R21W S7",131176,1,131,176,2015,2016
"T104 R21W S7",131005,1,131,5,2015,2016
"T104 R21W S7",131131,4,131,131,2015,2016
"T104 R21W S7",53036,3,53,36,2015,2016
"T104 R21W S7",12001,1,12,1,2015,2016
"T104 R21W S7",53028,1,53,28,2015,2016
"T104 R21W S7",1012,1,1,12,2015,2016
"T104 R21W S7",5012,2,5,12,2015,2016
"T104 R21W S7",61012,3,61,12,2015,2016
"T104 R21W S7",12053,1,12,53,2015,2016
"T104 R21W S7",121121,254,121,121,2016,2017
"T104 R21W S7",190195,2,190,195,2016,2017
"T104 R21W S7",195195,7,195,195,2016,2017
"T104 R21W S7",141190,3,141,190,2016,2017
"T104 R21W S7",176195,5,176,195,2016,2017
"T104 R21W S7",190141,3,190,141,2016,2017
"T104 R21W S7",122122,12,122,122,2016,2017
"T104 R21W S7",123123,1,123,123,2016,2017
"T104 R21W S7",176190,2,176,190,2016,2017
"T104 R21W S7",121122,1,121,122,2016,2017
"T104 R21W S7",122121,4,122,121,2016,2017
"T104 R21W S7",176037,1,176,37,2016,2017
"T104 R21W S7",36036,12,36,36,2016,2017
"T104 R21W S7",195141,2,195,141,2016,2017
"T104 R21W S7",123122,1,123,122,2016,2017
"T104 R21W S7",190142,1,190,142,2016,2017
"T104 R21W S7",141141,32,141,141,2016,2017
"T104 R21W S7",195176,21,195,176,2016,2017
"T104 R21W S7",176176,110,176,176,2016,2017
"T104 R21W S7",5005,490,5,5,2016,2017
"T104 R21W S7",195001,5,195,1,2016,2017
"T104 R21W S7",1005,816,1,5,2016,2017
"T104 R21W S7",1036,2,1,36,2016,2017
"T104 R21W S7",5001,735,5,1,2016,2017
"T104 R21W S7",5036,2,5,36,2016,2017
"T104 R21W S7",36005,5,36,5,2016,2017
"T104 R21W S7",36037,1,36,37,2016,2017
"T104 R21W S7",121005,1,121,5,2016,2017
"T104 R21W S7",5037,1,5,37,2016,2017
"T104 R21W S7",176005,9,176,5,2016,2017
"T104 R21W S7",1001,154,1,1,2016,2017
"T104 R21W S7",1037,1,1,37,2016,2017
"T104 R21W S7",36001,1,36,1,2016,2017
"T104 R21W S7",37001,3,37,1,2016,2017
"T104 R21W S7",37005,2,37,5,2016,2017
"T104 R21W S7",195005,2,195,5,2016,2017
"T104 R21W S7",5176,1,5,176,2016,2017
"T104 R21W S7",37176,2,37,176,2016,2017
"T104 R21W S7",36059,1,36,59,2016,2017
"T104 R21W S7",176001,5,176,1,2016,2017
"T104 R21W S7",28001,1,28,1,2016,2017
"T104 R21W S7",61036,3,61,36,2016,2017
"T104 R21W S7",121001,1,121,1,2016,2017
"T104 R21W S7",176131,1,176,131,2016,2017
"T104 R21W S7",1176,5,1,176,2016,2017
"T104 R21W S7",27036,4,27,36,2016,2017
"T104 R21W S7",5131,1,5,131,2016,2017
"T104 R21W S7",53005,1,53,5,2016,2017
"T104 R21W S7",122124,1,122,124,2016,2017
"T104 R21W S7",131131,4,131,131,2016,2017
"T104 R21W S7",12005,3,12,5,2016,2017
"T104 R21W S7",12036,1,12,36,2016,2017
"T104 R21W S7",12001,1,12,1,2016,2017
"T104 R21W S7",12029,1,12,29,2016,2017
"T104 R21W S7",121121,251,121,121,2017,2018
"T104 R21W S7",190141,2,190,141,2017,2018
"T104 R21W S7",190195,3,190,195,2017,2018
"T104 R21W S7",195195,9,195,195,2017,2018
"T104 R21W S7",195141,1,195,141,2017,2018
"T104 R21W S7",195176,2,195,176,2017,2018
"T104 R21W S7",141190,1,141,190,2017,2018
"T104 R21W S7",141195,1,141,195,2017,2018
"T104 R21W S7",122121,1,122,121,2017,2018
"T104 R21W S7",122122,12,122,122,2017,2018
"T104 R21W S7",123123,1,123,123,2017,2018
"T104 R21W S7",121123,1,121,123,2017,2018
"T104 R21W S7",121122,6,121,122,2017,2018
"T104 R21W S7",36037,1,36,37,2017,2018
"T104 R21W S7",195005,2,195,5,2017,2018
"T104 R21W S7",141141,35,141,141,2017,2018
"T104 R21W S7",36036,14,36,36,2017,2018
"T104 R21W S7",142195,1,142,195,2017,2018
"T104 R21W S7",176195,13,176,195,2017,2018
"T104 R21W S7",176176,117,176,176,2017,2018
"T104 R21W S7",5001,704,5,1,2017,2018
"T104 R21W S7",5005,620,5,5,2017,2018
"T104 R21W S7",1001,90,1,1,2017,2018
"T104 R21W S7",5036,3,5,36,2017,2018
"T104 R21W S7",36005,3,36,5,2017,2018
"T104 R21W S7",37036,3,37,36,2017,2018
"T104 R21W S7",124124,1,124,124,2017,2018
"T104 R21W S7",1005,808,1,5,2017,2018
"T104 R21W S7",36001,6,36,1,2017,2018
"T104 R21W S7",5121,1,5,121,2017,2018
"T104 R21W S7",1036,6,1,36,2017,2018
"T104 R21W S7",37176,1,37,176,2017,2018
"T104 R21W S7",5176,1,5,176,2017,2018
"T104 R21W S7",122123,1,122,123,2017,2018
"T104 R21W S7",1195,1,1,195,2017,2018
"T104 R21W S7",59036,1,59,36,2017,2018
"T104 R21W S7",176001,8,176,1,2017,2018
"T104 R21W S7",1121,1,1,121,2017,2018
"T104 R21W S7",176131,1,176,131,2017,2018
"T104 R21W S7",131131,6,131,131,2017,2018
"T104 R21W S7",29029,1,29,29,2017,2018
"T104 R21W S7",195190,4,195,190,2018,2019
"T104 R21W S7",195195,21,195,195,2018,2019
"T104 R21W S7",121195,17,121,195,2018,2019
"T104 R21W S7",141195,1,141,195,2018,2019
"T104 R21W S7",176195,22,176,195,2018,2019
"T104 R21W S7",195037,1,195,37,2018,2019
"T104 R21W S7",121122,1,121,122,2018,2019
"T104 R21W S7",121141,4,121,141,2018,2019
"T104 R21W S7",121176,5,121,176,2018,2019
"T104 R21W S7",122122,16,122,122,2018,2019
"T104 R21W S7",141141,37,141,141,2018,2019
"T104 R21W S7",176121,1,176,121,2018,2019
"T104 R21W S7",121121,125,121,121,2018,2019
"T104 R21W S7",37037,1,37,37,2018,2019
"T104 R21W S7",36036,21,36,36,2018,2019
"T104 R21W S7",1061,2,1,61,2018,2019
"T104 R21W S7",176190,1,176,190,2018,2019
"T104 R21W S7",131131,6,131,131,2018,2019
"T104 R21W S7",122005,1,122,5,2018,2019
"T104 R21W S7",190141,1,190,141,2018,2019
"T104 R21W S7",5061,24,5,61,2018,2019
"T104 R21W S7",176141,3,176,141,2018,2019
"T104 R21W S7",176176,60,176,176,2018,2019
"T104 R21W S7",5005,675,5,5,2018,2019
"T104 R21W S7",1005,144,1,5,2018,2019
"T104 R21W S7",1195,1,1,195,2018,2019
"T104 R21W S7",5001,733,5,1,2018,2019
"T104 R21W S7",36005,1,36,5,2018,2019
"T104 R21W S7",36037,3,36,37,2018,2019
"T104 R21W S7",121001,46,121,1,2018,2019
"T104 R21W S7",121005,51,121,5,2018,2019
"T104 R21W S7",123121,3,123,121,2018,2019
"T104 R21W S7",176036,16,176,36,2018,2019
"T104 R21W S7",195143,1,195,143,2018,2019
"T104 R21W S7",1001,658,1,1,2018,2019
"T104 R21W S7",36176,1,36,176,2018,2019
"T104 R21W S7",36001,1,36,1,2018,2019
"T104 R21W S7",122001,1,122,1,2018,2019
"T104 R21W S7",1176,2,1,176,2018,2019
"T104 R21W S7",176001,11,176,1,2018,2019
"T104 R21W S7",195176,1,195,176,2018,2019
"T104 R21W S7",121037,2,121,37,2018,2019
"T104 R21W S7",121061,1,121,61,2018,2019
"T104 R21W S7",121131,1,121,131,2018,2019
"T104 R21W S7",176005,6,176,5,2018,2019
"T104 R21W S7",124124,1,124,124,2018,2019
"T104 R21W S7",176028,1,176,28,2018,2019
"T104 R21W S7",131176,1,131,176,2018,2019
"T104 R21W S7",29001,1,29,1,2018,2019
"T104 R21W S7",1012,1,1,12,2018,2019
"T104 R21W S7",5012,1,5,12,2018,2019
"T104 R21W S7",121012,1,121,12,2018,2019
"T104 R21W S7",141195,1,141,195,2019,2020
"T104 R21W S7",190195,2,190,195,2019,2020
"T104 R21W S7",195111,2,195,111,2019,2020
"T104 R21W S7",195141,3,195,141,2019,2020
"T104 R21W S7",195195,29,195,195,2019,2020
"T104 R21W S7",190141,1,190,141,2019,2020
"T104 R21W S7",195176,21,195,176,2019,2020
"T104 R21W S7",121121,129,121,121,2019,2020
"T104 R21W S7",37176,3,37,176,2019,2020
"T104 R21W S7",5036,4,5,36,2019,2020
"T104 R21W S7",122122,17,122,122,2019,2020
"T104 R21W S7",141141,40,141,141,2019,2020
"T104 R21W S7",176176,50,176,176,2019,2020
"T104 R21W S7",141190,2,141,190,2019,2020
"T104 R21W S7",143141,1,143,141,2019,2020
"T104 R21W S7",36036,6,36,36,2019,2020
"T104 R21W S7",36037,15,36,37,2019,2020
"T104 R21W S7",36176,13,36,176,2019,2020
"T104 R21W S7",37037,1,37,37,2019,2020
"T104 R21W S7",195005,2,195,5,2019,2020
"T104 R21W S7",195037,4,195,37,2019,2020
"T104 R21W S7",141143,1,141,143,2019,2020
"T104 R21W S7",61036,15,61,36,2019,2020
"T104 R21W S7",131131,6,131,131,2019,2020
"T104 R21W S7",5001,730,5,1,2019,2020
"T104 R21W S7",124124,1,124,124,2019,2020
"T104 R21W S7",176195,13,176,195,2019,2020
"T104 R21W S7",141176,1,141,176,2019,2020
"T104 R21W S7",131176,1,131,176,2019,2020
"T104 R21W S7",5005,141,5,5,2019,2020
"T104 R21W S7",61005,4,61,5,2019,2020
"T104 R21W S7",36005,2,36,5,2019,2020
"T104 R21W S7",1001,58,1,1,2019,2020
"T104 R21W S7",1005,1370,1,5,2019,2020
"T104 R21W S7",1036,5,1,36,2019,2020
"T104 R21W S7",5176,1,5,176,2019,2020
"T104 R21W S7",61001,5,61,1,2019,2020
"T104 R21W S7",37005,1,37,5,2019,2020
"T104 R21W S7",61176,1,61,176,2019,2020
"T104 R21W S7",176143,1,176,143,2019,2020
"T104 R21W S7",176152,1,176,152,2019,2020
"T104 R21W S7",1195,7,1,195,2019,2020
"T104 R21W S7",176001,1,176,1,2019,2020
"T104 R21W S7",5027,2,5,27,2019,2020
"T104 R21W S7",176141,4,176,141,2019,2020
"T104 R21W S7",190176,2,190,176,2019,2020
"T104 R21W S7",1176,8,1,176,2019,2020
"T104 R21W S7",37001,2,37,1,2019,2020
"T104 R21W S7",195001,1,195,1,2019,2020
"T104 R21W S7",1141,2,1,141,2019,2020
"T104 R21W S7",36001,1,36,1,2019,2020
"T104 R21W S7",1037,1,1,37,2019,2020
"T104 R21W S7",61012,2,61,12,2019,2020
"T104 R21W S7",12001,2,12,1,2019,2020
"T104 R21W S7",12012,1,12,12,2019,2020
"T104 R21W S7",28058,1,28,58,2019,2020
"T104 R21W S7",141141,38,141,141,2020,2021
"T104 R21W S7",141195,3,141,195,2020,2021
"T104 R21W S7",195190,2,195,190,2020,2021
"T104 R21W S7",195195,21,195,195,2020,2021
"T104 R21W S7",141190,2,141,190,2020,2021
"T104 R21W S7",176176,84,176,176,2020,2021
"T104 R21W S7",190141,2,190,141,2020,2021
"T104 R21W S7",195121,2,195,121,2020,2021
"T104 R21W S7",121121,90,121,121,2020,2021
"T104 R21W S7",121122,32,121,122,2020,2021
"T104 R21W S7",195176,24,195,176,2020,2021
"T104 R21W S7",36036,4,36,36,2020,2021
"T104 R21W S7",36176,3,36,176,2020,2021
"T104 R21W S7",122122,16,122,122,2020,2021
"T104 R21W S7",141176,6,141,176,2020,2021
"T104 R21W S7",176121,2,176,121,2020,2021
"T104 R21W S7",152176,1,152,176,2020,2021
"T104 R21W S7",5005,348,5,5,2020,2021
"T104 R21W S7",121123,7,121,123,2020,2021
"T104 R21W S7",122123,1,122,123,2020,2021
"T104 R21W S7",141121,1,141,121,2020,2021
"T104 R21W S7",176037,3,176,37,2020,2021
"T104 R21W S7",5121,1,5,121,2020,2021
"T104 R21W S7",36122,2,36,122,2020,2021
"T104 R21W S7",37037,2,37,37,2020,2021
"T104 R21W S7",37176,5,37,176,2020,2021
"T104 R21W S7",195005,1,195,5,2020,2021
"T104 R21W S7",131131,5,131,131,2020,2021
"T104 R21W S7",1195,1,1,195,2020,2021
"T104 R21W S7",176195,5,176,195,2020,2021
"T104 R21W S7",111176,2,111,176,2020,2021
"T104 R21W S7",176001,1,176,1,2020,2021
"T104 R21W S7",5036,1,5,36,2020,2021
"T104 R21W S7",37005,12,37,5,2020,2021
"T104 R21W S7",1005,764,1,5,2020,2021
"T104 R21W S7",5001,1166,5,1,2020,2021
"T104 R21W S7",5176,1,5,176,2020,2021
"T104 R21W S7",36005,19,36,5,2020,2021
"T104 R21W S7",37036,1,37,36,2020,2021
"T104 R21W S7",36001,2,36,1,2020,2021
"T104 R21W S7",176005,1,176,5,2020,2021
"T104 R21W S7",1001,21,1,1,2020,2021
"T104 R21W S7",176122,2,176,122,2020,2021
"T104 R21W S7",1176,12,1,176,2020,2021
"T104 R21W S7",195036,2,195,36,2020,2021
"T104 R21W S7",176036,1,176,36,2020,2021
"T104 R21W S7",176124,1,176,124,2020,2021
"T104 R21W S7",143176,2,143,176,2020,2021
"T104 R21W S7",176141,1,176,141,2020,2021
"T104 R21W S7",1036,2,1,36,2020,2021
"T104 R21W S7",131123,1,131,123,2020,2021
"T104 R21W S7",37001,1,37,1,2020,2021
"T104 R21W S7",5122,1,5,122,2020,2021
"T104 R21W S7",141122,1,141,122,2020,2021
"T104 R21W S7",124123,1,124,123,2020,2021
"T104 R21W S7",12001,2,12,1,2020,2021
"T104 R21W S7",58176,1,58,176,2020,2021
"T104 R21W S7",12005,1,12,5,2020,2021
"T104 R21W S7",5053,2,5,53,2020,2021
"T104 R21W S7",27053,2,27,53,2020,2021
