"yearFrom","yearTo","cropRotate","cropFrom","cropTo","plottingColorFrom","plottingColorTo","plotXAxisFrom","plotXAxisTo","plotYAxisFrom","plotYAxisTo","xEndFrom","xEndTo","yEndFrom_streamlined","yEndTo_streamlined","totalNumPixels_cropTransition","totalPercPixelsWiArea_cropTransition","totalNumPixels_cropYearFrom","totalPercPixelsWiArea_cropYearFrom","totalNumPixels_cropYearTo","totalPercPixelsWiArea_cropYearTo"
2008,2009,"corn_hay","corn","hay","#ffd300","#f781bf",1,2,6.4,4.6,1.2,1.8,6.2,4.8,1,0.0342935528120713,2,0.0685871056241426,412,14.1289437585734
2008,2009,"corn_other","corn","other","#ffd300","#AAAAAA",1,2,6.4,1,1.2,1.8,5.8,1.6,1,0.0342935528120713,2,0.0685871056241426,1281,43.9300411522634
2008,2009,"hay_hay","hay","hay","#f781bf","#f781bf",1,2,4.6,4.6,1.2,1.8,4.6,4.6,360,12.3456790123457,635,21.7764060356653,412,14.1289437585734
2008,2009,"hay_other","hay","other","#f781bf","#AAAAAA",1,2,4.6,1,1.2,1.8,4.2,1.4,143,4.9039780521262,635,21.7764060356653,1281,43.9300411522634
2008,2009,"hay_soy","hay","soy","#f781bf","#4daf4a",1,2,4.6,5.5,1.2,1.8,4.7,5.4,81,2.77777777777778,635,21.7764060356653,845,28.9780521262003
2008,2009,"hay_springWheat","hay","springWheat","#f781bf","#a65628",1,2,4.6,3.7,1.2,1.8,4.5,3.8,50,1.71467764060357,635,21.7764060356653,374,12.8257887517147
2008,2009,"hay_sugarbeets","hay","sugarbeets","#f781bf","#377eb8",1,2,4.6,2.8,1.2,1.8,4.4,3,1,0.0342935528120713,635,21.7764060356653,1,0.0342935528120713
2008,2009,"other_hay","other","hay","#AAAAAA","#f781bf",1,2,1,4.6,1.2,1.8,1.4,4.2,49,1.6803840877915,1273,43.6556927297668,412,14.1289437585734
2008,2009,"other_other","other","other","#AAAAAA","#AAAAAA",1,2,1,1,1.2,1.8,1,1,1124,38.5459533607682,1273,43.6556927297668,1281,43.9300411522634
2008,2009,"other_soy","other","soy","#AAAAAA","#4daf4a",1,2,1,5.5,1.2,1.8,1.5,5,42,1.440329218107,1273,43.6556927297668,845,28.9780521262003
2008,2009,"other_springWheat","other","springWheat","#AAAAAA","#a65628",1,2,1,3.7,1.2,1.8,1.3,3.4,58,1.98902606310014,1273,43.6556927297668,374,12.8257887517147
2008,2009,"springWheat_corn","springWheat","corn","#a65628","#ffd300",1,2,3.7,6.4,1.2,1.8,4,6.1,3,0.102880658436214,1006,34.4993141289438,3,0.102880658436214
2008,2009,"springWheat_hay","springWheat","hay","#a65628","#f781bf",1,2,3.7,4.6,1.2,1.8,3.8,4.5,2,0.0685871056241426,1006,34.4993141289438,412,14.1289437585734
2008,2009,"springWheat_other","springWheat","other","#a65628","#AAAAAA",1,2,3.7,1,1.2,1.8,3.4,1.3,13,0.445816186556927,1006,34.4993141289438,1281,43.9300411522634
2008,2009,"springWheat_soy","springWheat","soy","#a65628","#4daf4a",1,2,3.7,5.5,1.2,1.8,3.9,5.3,722,24.7599451303155,1006,34.4993141289438,845,28.9780521262003
2008,2009,"springWheat_springWheat","springWheat","springWheat","#a65628","#a65628",1,2,3.7,3.7,1.2,1.8,3.7,3.7,266,9.12208504801097,1006,34.4993141289438,374,12.8257887517147
2009,2010,"corn_hay","corn","hay","#ffd300","#f781bf",2,3,6.4,4.6,2.2,2.8,6.2,4.8,1,0.0342935528120713,3,0.102880658436214,233,7.99039780521262
2009,2010,"corn_other","corn","other","#ffd300","#AAAAAA",2,3,6.4,1,2.2,2.8,5.8,1.6,2,0.0685871056241426,3,0.102880658436214,1679,57.5788751714678
2009,2010,"hay_hay","hay","hay","#f781bf","#f781bf",2,3,4.6,4.6,2.2,2.8,4.6,4.6,220,7.54458161865569,344,11.7969821673525,233,7.99039780521262
2009,2010,"hay_other","hay","other","#f781bf","#AAAAAA",2,3,4.6,1,2.2,2.8,4.2,1.4,121,4.14951989026063,344,11.7969821673525,1679,57.5788751714678
2009,2010,"hay_soy","hay","soy","#f781bf","#4daf4a",2,3,4.6,5.5,2.2,2.8,4.7,5.4,1,0.0342935528120713,344,11.7969821673525,752,25.7887517146776
2009,2010,"hay_springWheat","hay","springWheat","#f781bf","#a65628",2,3,4.6,3.7,2.2,2.8,4.5,3.8,2,0.0685871056241426,344,11.7969821673525,173,5.93278463648834
2009,2010,"other_corn","other","corn","#AAAAAA","#ffd300",2,3,1,6.4,2.2,2.8,1.6,5.8,1,0.0342935528120713,1349,46.2620027434842,10,0.342935528120713
2009,2010,"other_hay","other","hay","#AAAAAA","#f781bf",2,3,1,4.6,2.2,2.8,1.4,4.2,9,0.308641975308642,1349,46.2620027434842,233,7.99039780521262
2009,2010,"other_other","other","other","#AAAAAA","#AAAAAA",2,3,1,1,2.2,2.8,1,1,1337,45.8504801097394,1349,46.2620027434842,1679,57.5788751714678
2009,2010,"other_soy","other","soy","#AAAAAA","#4daf4a",2,3,1,5.5,2.2,2.8,1.5,5,2,0.0685871056241426,1349,46.2620027434842,752,25.7887517146776
2009,2010,"soy_corn","soy","corn","#4daf4a","#ffd300",2,3,5.5,6.4,2.2,2.8,5.6,6.3,9,0.308641975308642,845,28.9780521262003,10,0.342935528120713
2009,2010,"soy_dryBeans","soy","dryBeans","#4daf4a","#e41a1c",2,3,5.5,1.9,2.2,2.8,5.1,2.3,3,0.102880658436214,845,28.9780521262003,3,0.102880658436214
2009,2010,"soy_other","soy","other","#4daf4a","#AAAAAA",2,3,5.5,1,2.2,2.8,5,1.5,48,1.64609053497942,845,28.9780521262003,1679,57.5788751714678
2009,2010,"soy_soy","soy","soy","#4daf4a","#4daf4a",2,3,5.5,5.5,2.2,2.8,5.5,5.5,744,25.5144032921811,845,28.9780521262003,752,25.7887517146776
2009,2010,"soy_springWheat","soy","springWheat","#4daf4a","#a65628",2,3,5.5,3.7,2.2,2.8,5.3,3.9,32,1.09739368998628,845,28.9780521262003,173,5.93278463648834
2009,2010,"soy_sugarbeets","soy","sugarbeets","#4daf4a","#377eb8",2,3,5.5,2.8,2.2,2.8,5.2,3.1,9,0.308641975308642,845,28.9780521262003,66,2.26337448559671
2009,2010,"springWheat_hay","springWheat","hay","#a65628","#f781bf",2,3,3.7,4.6,2.2,2.8,3.8,4.5,3,0.102880658436214,374,12.8257887517147,233,7.99039780521262
2009,2010,"springWheat_other","springWheat","other","#a65628","#AAAAAA",2,3,3.7,1,2.2,2.8,3.4,1.3,170,5.82990397805213,374,12.8257887517147,1679,57.5788751714678
2009,2010,"springWheat_soy","springWheat","soy","#a65628","#4daf4a",2,3,3.7,5.5,2.2,2.8,3.9,5.3,5,0.171467764060357,374,12.8257887517147,752,25.7887517146776
2009,2010,"springWheat_springWheat","springWheat","springWheat","#a65628","#a65628",2,3,3.7,3.7,2.2,2.8,3.7,3.7,139,4.76680384087792,374,12.8257887517147,173,5.93278463648834
2009,2010,"springWheat_sugarbeets","springWheat","sugarbeets","#a65628","#377eb8",2,3,3.7,2.8,2.2,2.8,3.6,2.9,57,1.95473251028807,374,12.8257887517147,66,2.26337448559671
2009,2010,"sugarbeets_other","sugarbeets","other","#377eb8","#AAAAAA",2,3,2.8,1,2.2,2.8,2.6,1.2,1,0.0342935528120713,1,0.0342935528120713,1679,57.5788751714678
2010,2011,"corn_other","corn","other","#ffd300","#AAAAAA",3,4,6.4,1,3.2,3.8,5.8,1.6,4,0.137174211248285,10,0.342935528120713,1475,50.5829903978052
2010,2011,"corn_springWheat","corn","springWheat","#ffd300","#a65628",3,4,6.4,3.7,3.2,3.8,6.1,4,6,0.205761316872428,10,0.342935528120713,943,32.3388203017833
2010,2011,"dryBeans_springWheat","dryBeans","springWheat","#e41a1c","#a65628",3,4,1.9,3.7,3.2,3.8,2.1,3.5,3,0.102880658436214,3,0.102880658436214,943,32.3388203017833
2010,2011,"hay_corn","hay","corn","#f781bf","#ffd300",3,4,4.6,6.4,3.2,3.8,4.8,6.2,2,0.0685871056241426,18,0.617283950617284,28,0.960219478737997
2010,2011,"hay_other","hay","other","#f781bf","#AAAAAA",3,4,4.6,1,3.2,3.8,4.2,1.4,13,0.445816186556927,18,0.617283950617284,1475,50.5829903978052
2010,2011,"hay_soy","hay","soy","#f781bf","#4daf4a",3,4,4.6,5.5,3.2,3.8,4.7,5.4,1,0.0342935528120713,18,0.617283950617284,193,6.61865569272977
2010,2011,"hay_springWheat","hay","springWheat","#f781bf","#a65628",3,4,4.6,3.7,3.2,3.8,4.5,3.8,2,0.0685871056241426,18,0.617283950617284,943,32.3388203017833
2010,2011,"other_corn","other","corn","#AAAAAA","#ffd300",3,4,1,6.4,3.2,3.8,1.6,5.8,19,0.651577503429355,1894,64.9519890260631,28,0.960219478737997
2010,2011,"other_hay","other","hay","#AAAAAA","#f781bf",3,4,1,4.6,3.2,3.8,1.4,4.2,265,9.0877914951989,1894,64.9519890260631,266,9.12208504801097
2010,2011,"other_other","other","other","#AAAAAA","#AAAAAA",3,4,1,1,3.2,3.8,1,1,1448,49.6570644718793,1894,64.9519890260631,1475,50.5829903978052
2010,2011,"other_soy","other","soy","#AAAAAA","#4daf4a",3,4,1,5.5,3.2,3.8,1.5,5,51,1.74897119341564,1894,64.9519890260631,193,6.61865569272977
2010,2011,"other_springWheat","other","springWheat","#AAAAAA","#a65628",3,4,1,3.7,3.2,3.8,1.3,3.4,109,3.73799725651578,1894,64.9519890260631,943,32.3388203017833
2010,2011,"other_sugarbeets","other","sugarbeets","#AAAAAA","#377eb8",3,4,1,2.8,3.2,3.8,1.2,2.6,2,0.0685871056241426,1894,64.9519890260631,11,0.377229080932785
2010,2011,"soy_hay","soy","hay","#4daf4a","#f781bf",3,4,5.5,4.6,3.2,3.8,5.4,4.7,1,0.0342935528120713,752,25.7887517146776,266,9.12208504801097
2010,2011,"soy_other","soy","other","#4daf4a","#AAAAAA",3,4,5.5,1,3.2,3.8,5,1.5,6,0.205761316872428,752,25.7887517146776,1475,50.5829903978052
2010,2011,"soy_soy","soy","soy","#4daf4a","#4daf4a",3,4,5.5,5.5,3.2,3.8,5.5,5.5,2,0.0685871056241426,752,25.7887517146776,193,6.61865569272977
2010,2011,"soy_springWheat","soy","springWheat","#4daf4a","#a65628",3,4,5.5,3.7,3.2,3.8,5.3,3.9,743,25.480109739369,752,25.7887517146776,943,32.3388203017833
2010,2011,"springWheat_corn","springWheat","corn","#a65628","#ffd300",3,4,3.7,6.4,3.2,3.8,4,6.1,7,0.240054869684499,173,5.93278463648834,28,0.960219478737997
2010,2011,"springWheat_other","springWheat","other","#a65628","#AAAAAA",3,4,3.7,1,3.2,3.8,3.4,1.3,4,0.137174211248285,173,5.93278463648834,1475,50.5829903978052
2010,2011,"springWheat_soy","springWheat","soy","#a65628","#4daf4a",3,4,3.7,5.5,3.2,3.8,3.9,5.3,138,4.73251028806584,173,5.93278463648834,193,6.61865569272977
2010,2011,"springWheat_springWheat","springWheat","springWheat","#a65628","#a65628",3,4,3.7,3.7,3.2,3.8,3.7,3.7,15,0.51440329218107,173,5.93278463648834,943,32.3388203017833
2010,2011,"springWheat_sugarbeets","springWheat","sugarbeets","#a65628","#377eb8",3,4,3.7,2.8,3.2,3.8,3.6,2.9,9,0.308641975308642,173,5.93278463648834,11,0.377229080932785
2010,2011,"sugarbeets_soy","sugarbeets","soy","#377eb8","#4daf4a",3,4,2.8,5.5,3.2,3.8,3.1,5.2,1,0.0342935528120713,66,2.26337448559671,193,6.61865569272977
2010,2011,"sugarbeets_springWheat","sugarbeets","springWheat","#377eb8","#a65628",3,4,2.8,3.7,3.2,3.8,2.9,3.6,65,2.22908093278464,66,2.26337448559671,943,32.3388203017833
2011,2012,"corn_corn","corn","corn","#ffd300","#ffd300",4,5,6.4,6.4,4.2,4.8,6.4,6.4,5,0.171467764060357,28,0.960219478737997,83,2.84636488340192
2011,2012,"corn_hay","corn","hay","#ffd300","#f781bf",4,5,6.4,4.6,4.2,4.8,6.2,4.8,1,0.0342935528120713,28,0.960219478737997,81,2.77777777777778
2011,2012,"corn_other","corn","other","#ffd300","#AAAAAA",4,5,6.4,1,4.2,4.8,5.8,1.6,11,0.377229080932785,28,0.960219478737997,1486,50.960219478738
2011,2012,"corn_soy","corn","soy","#ffd300","#4daf4a",4,5,6.4,5.5,4.2,4.8,6.3,5.6,10,0.342935528120713,28,0.960219478737997,960,32.9218106995885
2011,2012,"corn_springWheat","corn","springWheat","#ffd300","#a65628",4,5,6.4,3.7,4.2,4.8,6.1,4,1,0.0342935528120713,28,0.960219478737997,294,10.082304526749
2011,2012,"hay_hay","hay","hay","#f781bf","#f781bf",4,5,4.6,4.6,4.2,4.8,4.6,4.6,59,2.02331961591221,404,13.8545953360768,81,2.77777777777778
2011,2012,"hay_other","hay","other","#f781bf","#AAAAAA",4,5,4.6,1,4.2,4.8,4.2,1.4,225,7.71604938271605,404,13.8545953360768,1486,50.960219478738
2011,2012,"hay_springWheat","hay","springWheat","#f781bf","#a65628",4,5,4.6,3.7,4.2,4.8,4.5,3.8,120,4.11522633744856,404,13.8545953360768,294,10.082304526749
2011,2012,"other_corn","other","corn","#AAAAAA","#ffd300",4,5,1,6.4,4.2,4.8,1.6,5.8,1,0.0342935528120713,1337,45.8504801097394,83,2.84636488340192
2011,2012,"other_hay","other","hay","#AAAAAA","#f781bf",4,5,1,4.6,4.2,4.8,1.4,4.2,11,0.377229080932785,1337,45.8504801097394,81,2.77777777777778
2011,2012,"other_other","other","other","#AAAAAA","#AAAAAA",4,5,1,1,4.2,4.8,1,1,1169,40.0891632373114,1337,45.8504801097394,1486,50.960219478738
2011,2012,"other_soy","other","soy","#AAAAAA","#4daf4a",4,5,1,5.5,4.2,4.8,1.5,5,8,0.274348422496571,1337,45.8504801097394,960,32.9218106995885
2011,2012,"other_springWheat","other","springWheat","#AAAAAA","#a65628",4,5,1,3.7,4.2,4.8,1.3,3.4,148,5.07544581618656,1337,45.8504801097394,294,10.082304526749
2011,2012,"soy_corn","soy","corn","#4daf4a","#ffd300",4,5,5.5,6.4,4.2,4.8,5.6,6.3,24,0.823045267489712,193,6.61865569272977,83,2.84636488340192
2011,2012,"soy_dryBeans","soy","dryBeans","#4daf4a","#e41a1c",4,5,5.5,1.9,4.2,4.8,5.1,2.3,1,0.0342935528120713,193,6.61865569272977,9,0.308641975308642
2011,2012,"soy_hay","soy","hay","#4daf4a","#f781bf",4,5,5.5,4.6,4.2,4.8,5.4,4.7,2,0.0685871056241426,193,6.61865569272977,81,2.77777777777778
2011,2012,"soy_other","soy","other","#4daf4a","#AAAAAA",4,5,5.5,1,4.2,4.8,5,1.5,38,1.30315500685871,193,6.61865569272977,1486,50.960219478738
2011,2012,"soy_soy","soy","soy","#4daf4a","#4daf4a",4,5,5.5,5.5,4.2,4.8,5.5,5.5,111,3.80658436213992,193,6.61865569272977,960,32.9218106995885
2011,2012,"soy_springWheat","soy","springWheat","#4daf4a","#a65628",4,5,5.5,3.7,4.2,4.8,5.3,3.9,17,0.582990397805213,193,6.61865569272977,294,10.082304526749
2011,2012,"springWheat_corn","springWheat","corn","#a65628","#ffd300",4,5,3.7,6.4,4.2,4.8,4,6.1,48,1.64609053497942,943,32.3388203017833,83,2.84636488340192
2011,2012,"springWheat_dryBeans","springWheat","dryBeans","#a65628","#e41a1c",4,5,3.7,1.9,4.2,4.8,3.5,2.1,8,0.274348422496571,943,32.3388203017833,9,0.308641975308642
2011,2012,"springWheat_hay","springWheat","hay","#a65628","#f781bf",4,5,3.7,4.6,4.2,4.8,3.8,4.5,8,0.274348422496571,943,32.3388203017833,81,2.77777777777778
2011,2012,"springWheat_other","springWheat","other","#a65628","#AAAAAA",4,5,3.7,1,4.2,4.8,3.4,1.3,42,1.440329218107,943,32.3388203017833,1486,50.960219478738
2011,2012,"springWheat_soy","springWheat","soy","#a65628","#4daf4a",4,5,3.7,5.5,4.2,4.8,3.9,5.3,827,28.360768175583,943,32.3388203017833,960,32.9218106995885
2011,2012,"springWheat_springWheat","springWheat","springWheat","#a65628","#a65628",4,5,3.7,3.7,4.2,4.8,3.7,3.7,7,0.240054869684499,943,32.3388203017833,294,10.082304526749
2011,2012,"springWheat_sugarbeets","springWheat","sugarbeets","#a65628","#377eb8",4,5,3.7,2.8,4.2,4.8,3.6,2.9,3,0.102880658436214,943,32.3388203017833,3,0.102880658436214
2011,2012,"sugarbeets_corn","sugarbeets","corn","#377eb8","#ffd300",4,5,2.8,6.4,4.2,4.8,3.2,6,5,0.171467764060357,11,0.377229080932785,83,2.84636488340192
2011,2012,"sugarbeets_other","sugarbeets","other","#377eb8","#AAAAAA",4,5,2.8,1,4.2,4.8,2.6,1.2,1,0.0342935528120713,11,0.377229080932785,1486,50.960219478738
2011,2012,"sugarbeets_soy","sugarbeets","soy","#377eb8","#4daf4a",4,5,2.8,5.5,4.2,4.8,3.1,5.2,4,0.137174211248285,11,0.377229080932785,960,32.9218106995885
2011,2012,"sugarbeets_springWheat","sugarbeets","springWheat","#377eb8","#a65628",4,5,2.8,3.7,4.2,4.8,2.9,3.6,1,0.0342935528120713,11,0.377229080932785,294,10.082304526749
2012,2013,"corn_corn","corn","corn","#ffd300","#ffd300",5,6,6.4,6.4,5.2,5.8,6.4,6.4,36,1.23456790123457,83,2.84636488340192,933,31.9958847736626
2012,2013,"corn_other","corn","other","#ffd300","#AAAAAA",5,6,6.4,1,5.2,5.8,5.8,1.6,4,0.137174211248285,83,2.84636488340192,1139,39.0603566529492
2012,2013,"corn_soy","corn","soy","#ffd300","#4daf4a",5,6,6.4,5.5,5.2,5.8,6.3,5.6,42,1.440329218107,83,2.84636488340192,689,23.6282578875171
2012,2013,"corn_springWheat","corn","springWheat","#ffd300","#a65628",5,6,6.4,3.7,5.2,5.8,6.1,4,1,0.0342935528120713,83,2.84636488340192,12,0.411522633744856
2012,2013,"dryBeans_corn","dryBeans","corn","#e41a1c","#ffd300",5,6,1.9,6.4,5.2,5.8,2.4,5.9,3,0.102880658436214,9,0.308641975308642,933,31.9958847736626
2012,2013,"dryBeans_soy","dryBeans","soy","#e41a1c","#4daf4a",5,6,1.9,5.5,5.2,5.8,2.3,5.1,6,0.205761316872428,9,0.308641975308642,689,23.6282578875171
2012,2013,"hay_corn","hay","corn","#f781bf","#ffd300",5,6,4.6,6.4,5.2,5.8,4.8,6.2,12,0.411522633744856,345,11.8312757201646,933,31.9958847736626
2012,2013,"hay_hay","hay","hay","#f781bf","#f781bf",5,6,4.6,4.6,5.2,5.8,4.6,4.6,135,4.62962962962963,345,11.8312757201646,139,4.76680384087792
2012,2013,"hay_other","hay","other","#f781bf","#AAAAAA",5,6,4.6,1,5.2,5.8,4.2,1.4,11,0.377229080932785,345,11.8312757201646,1139,39.0603566529492
2012,2013,"hay_soy","hay","soy","#f781bf","#4daf4a",5,6,4.6,5.5,5.2,5.8,4.7,5.4,186,6.37860082304527,345,11.8312757201646,689,23.6282578875171
2012,2013,"hay_springWheat","hay","springWheat","#f781bf","#a65628",5,6,4.6,3.7,5.2,5.8,4.5,3.8,1,0.0342935528120713,345,11.8312757201646,12,0.411522633744856
2012,2013,"other_corn","other","corn","#AAAAAA","#ffd300",5,6,1,6.4,5.2,5.8,1.6,5.8,35,1.2002743484225,1222,41.9067215363512,933,31.9958847736626
2012,2013,"other_hay","other","hay","#AAAAAA","#f781bf",5,6,1,4.6,5.2,5.8,1.4,4.2,3,0.102880658436214,1222,41.9067215363512,139,4.76680384087792
2012,2013,"other_other","other","other","#AAAAAA","#AAAAAA",5,6,1,1,5.2,5.8,1,1,1086,37.2427983539095,1222,41.9067215363512,1139,39.0603566529492
2012,2013,"other_soy","other","soy","#AAAAAA","#4daf4a",5,6,1,5.5,5.2,5.8,1.5,5,95,3.25788751714678,1222,41.9067215363512,689,23.6282578875171
2012,2013,"other_springWheat","other","springWheat","#AAAAAA","#a65628",5,6,1,3.7,5.2,5.8,1.3,3.4,3,0.102880658436214,1222,41.9067215363512,12,0.411522633744856
2012,2013,"soy_corn","soy","corn","#4daf4a","#ffd300",5,6,5.5,6.4,5.2,5.8,5.6,6.3,844,28.9437585733882,960,32.9218106995885,933,31.9958847736626
2012,2013,"soy_hay","soy","hay","#4daf4a","#f781bf",5,6,5.5,4.6,5.2,5.8,5.4,4.7,1,0.0342935528120713,960,32.9218106995885,139,4.76680384087792
2012,2013,"soy_other","soy","other","#4daf4a","#AAAAAA",5,6,5.5,1,5.2,5.8,5,1.5,37,1.26886145404664,960,32.9218106995885,1139,39.0603566529492
2012,2013,"soy_soy","soy","soy","#4daf4a","#4daf4a",5,6,5.5,5.5,5.2,5.8,5.5,5.5,71,2.43484224965706,960,32.9218106995885,689,23.6282578875171
2012,2013,"soy_springWheat","soy","springWheat","#4daf4a","#a65628",5,6,5.5,3.7,5.2,5.8,5.3,3.9,7,0.240054869684499,960,32.9218106995885,12,0.411522633744856
2012,2013,"springWheat_corn","springWheat","corn","#a65628","#ffd300",5,6,3.7,6.4,5.2,5.8,4,6.1,3,0.102880658436214,294,10.082304526749,933,31.9958847736626
2012,2013,"springWheat_dryBeans","springWheat","dryBeans","#a65628","#e41a1c",5,6,3.7,1.9,5.2,5.8,3.5,2.1,4,0.137174211248285,294,10.082304526749,4,0.137174211248285
2012,2013,"springWheat_other","springWheat","other","#a65628","#AAAAAA",5,6,3.7,1,5.2,5.8,3.4,1.3,1,0.0342935528120713,294,10.082304526749,1139,39.0603566529492
2012,2013,"springWheat_soy","springWheat","soy","#a65628","#4daf4a",5,6,3.7,5.5,5.2,5.8,3.9,5.3,286,9.8079561042524,294,10.082304526749,689,23.6282578875171
2012,2013,"sugarbeets_soy","sugarbeets","soy","#377eb8","#4daf4a",5,6,2.8,5.5,5.2,5.8,3.1,5.2,3,0.102880658436214,3,0.102880658436214,689,23.6282578875171
2013,2014,"corn_corn","corn","corn","#ffd300","#ffd300",6,7,6.4,6.4,6.2,6.8,6.4,6.4,10,0.342935528120713,933,31.9958847736626,21,0.720164609053498
2013,2014,"corn_hay","corn","hay","#ffd300","#f781bf",6,7,6.4,4.6,6.2,6.8,6.2,4.8,13,0.445816186556927,933,31.9958847736626,119,4.08093278463649
2013,2014,"corn_other","corn","other","#ffd300","#AAAAAA",6,7,6.4,1,6.2,6.8,5.8,1.6,21,0.720164609053498,933,31.9958847736626,1146,39.3004115226337
2013,2014,"corn_soy","corn","soy","#ffd300","#4daf4a",6,7,6.4,5.5,6.2,6.8,6.3,5.6,885,30.3497942386831,933,31.9958847736626,1297,44.4787379972565
2013,2014,"corn_springWheat","corn","springWheat","#ffd300","#a65628",6,7,6.4,3.7,6.2,6.8,6.1,4,4,0.137174211248285,933,31.9958847736626,330,11.3168724279835
2013,2014,"dryBeans_soy","dryBeans","soy","#e41a1c","#4daf4a",6,7,1.9,5.5,6.2,6.8,2.3,5.1,4,0.137174211248285,4,0.137174211248285,1297,44.4787379972565
2013,2014,"hay_hay","hay","hay","#f781bf","#f781bf",6,7,4.6,4.6,6.2,6.8,4.6,4.6,60,2.05761316872428,68,2.33196159122085,119,4.08093278463649
2013,2014,"hay_other","hay","other","#f781bf","#AAAAAA",6,7,4.6,1,6.2,6.8,4.2,1.4,6,0.205761316872428,68,2.33196159122085,1146,39.3004115226337
2013,2014,"hay_soy","hay","soy","#f781bf","#4daf4a",6,7,4.6,5.5,6.2,6.8,4.7,5.4,2,0.0685871056241426,68,2.33196159122085,1297,44.4787379972565
2013,2014,"other_corn","other","corn","#AAAAAA","#ffd300",6,7,1,6.4,6.2,6.8,1.6,5.8,3,0.102880658436214,1210,41.4951989026063,21,0.720164609053498
2013,2014,"other_hay","other","hay","#AAAAAA","#f781bf",6,7,1,4.6,6.2,6.8,1.4,4.2,41,1.40603566529492,1210,41.4951989026063,119,4.08093278463649
2013,2014,"other_other","other","other","#AAAAAA","#AAAAAA",6,7,1,1,6.2,6.8,1,1,1102,37.7914951989026,1210,41.4951989026063,1146,39.3004115226337
2013,2014,"other_soy","other","soy","#AAAAAA","#4daf4a",6,7,1,5.5,6.2,6.8,1.5,5,61,2.09190672153635,1210,41.4951989026063,1297,44.4787379972565
2013,2014,"other_springWheat","other","springWheat","#AAAAAA","#a65628",6,7,1,3.7,6.2,6.8,1.3,3.4,3,0.102880658436214,1210,41.4951989026063,330,11.3168724279835
2013,2014,"soy_corn","soy","corn","#4daf4a","#ffd300",6,7,5.5,6.4,6.2,6.8,5.6,6.3,8,0.274348422496571,689,23.6282578875171,21,0.720164609053498
2013,2014,"soy_dryBeans","soy","dryBeans","#4daf4a","#e41a1c",6,7,5.5,1.9,6.2,6.8,5.1,2.3,2,0.0685871056241426,689,23.6282578875171,3,0.102880658436214
2013,2014,"soy_hay","soy","hay","#4daf4a","#f781bf",6,7,5.5,4.6,6.2,6.8,5.4,4.7,5,0.171467764060357,689,23.6282578875171,119,4.08093278463649
2013,2014,"soy_other","soy","other","#4daf4a","#AAAAAA",6,7,5.5,1,6.2,6.8,5,1.5,14,0.480109739368999,689,23.6282578875171,1146,39.3004115226337
2013,2014,"soy_soy","soy","soy","#4daf4a","#4daf4a",6,7,5.5,5.5,6.2,6.8,5.5,5.5,339,11.6255144032922,689,23.6282578875171,1297,44.4787379972565
2013,2014,"soy_springWheat","soy","springWheat","#4daf4a","#a65628",6,7,5.5,3.7,6.2,6.8,5.3,3.9,321,11.0082304526749,689,23.6282578875171,330,11.3168724279835
2013,2014,"springWheat_dryBeans","springWheat","dryBeans","#a65628","#e41a1c",6,7,3.7,1.9,6.2,6.8,3.5,2.1,1,0.0342935528120713,12,0.411522633744856,3,0.102880658436214
2013,2014,"springWheat_other","springWheat","other","#a65628","#AAAAAA",6,7,3.7,1,6.2,6.8,3.4,1.3,3,0.102880658436214,12,0.411522633744856,1146,39.3004115226337
2013,2014,"springWheat_soy","springWheat","soy","#a65628","#4daf4a",6,7,3.7,5.5,6.2,6.8,3.9,5.3,6,0.205761316872428,12,0.411522633744856,1297,44.4787379972565
2013,2014,"springWheat_springWheat","springWheat","springWheat","#a65628","#a65628",6,7,3.7,3.7,6.2,6.8,3.7,3.7,2,0.0685871056241426,12,0.411522633744856,330,11.3168724279835
2014,2015,"corn_corn","corn","corn","#ffd300","#ffd300",7,8,6.4,6.4,7.2,7.8,6.4,6.4,1,0.0342935528120713,21,0.720164609053498,9,0.308641975308642
2014,2015,"corn_soy","corn","soy","#ffd300","#4daf4a",7,8,6.4,5.5,7.2,7.8,6.3,5.6,5,0.171467764060357,21,0.720164609053498,338,11.5912208504801
2014,2015,"corn_springWheat","corn","springWheat","#ffd300","#a65628",7,8,6.4,3.7,7.2,7.8,6.1,4,15,0.51440329218107,21,0.720164609053498,1335,45.7818930041152
2014,2015,"dryBeans_springWheat","dryBeans","springWheat","#e41a1c","#a65628",7,8,1.9,3.7,7.2,7.8,2.1,3.5,3,0.102880658436214,3,0.102880658436214,1335,45.7818930041152
2014,2015,"hay_corn","hay","corn","#f781bf","#ffd300",7,8,4.6,6.4,7.2,7.8,4.8,6.2,2,0.0685871056241426,138,4.73251028806584,9,0.308641975308642
2014,2015,"hay_hay","hay","hay","#f781bf","#f781bf",7,8,4.6,4.6,7.2,7.8,4.6,4.6,109,3.73799725651578,138,4.73251028806584,111,3.80658436213992
2014,2015,"hay_other","hay","other","#f781bf","#AAAAAA",7,8,4.6,1,7.2,7.8,4.2,1.4,12,0.411522633744856,138,4.73251028806584,1122,38.477366255144
2014,2015,"hay_soy","hay","soy","#f781bf","#4daf4a",7,8,4.6,5.5,7.2,7.8,4.7,5.4,7,0.240054869684499,138,4.73251028806584,338,11.5912208504801
2014,2015,"hay_springWheat","hay","springWheat","#f781bf","#a65628",7,8,4.6,3.7,7.2,7.8,4.5,3.8,8,0.274348422496571,138,4.73251028806584,1335,45.7818930041152
2014,2015,"other_corn","other","corn","#AAAAAA","#ffd300",7,8,1,6.4,7.2,7.8,1.6,5.8,5,0.171467764060357,1127,38.6488340192044,9,0.308641975308642
2014,2015,"other_hay","other","hay","#AAAAAA","#f781bf",7,8,1,4.6,7.2,7.8,1.4,4.2,2,0.0685871056241426,1127,38.6488340192044,111,3.80658436213992
2014,2015,"other_other","other","other","#AAAAAA","#AAAAAA",7,8,1,1,7.2,7.8,1,1,1099,37.6886145404664,1127,38.6488340192044,1122,38.477366255144
2014,2015,"other_soy","other","soy","#AAAAAA","#4daf4a",7,8,1,5.5,7.2,7.8,1.5,5,13,0.445816186556927,1127,38.6488340192044,338,11.5912208504801
2014,2015,"other_springWheat","other","springWheat","#AAAAAA","#a65628",7,8,1,3.7,7.2,7.8,1.3,3.4,8,0.274348422496571,1127,38.6488340192044,1335,45.7818930041152
2014,2015,"soy_other","soy","other","#4daf4a","#AAAAAA",7,8,5.5,1,7.2,7.8,5,1.5,10,0.342935528120713,1297,44.4787379972565,1122,38.477366255144
2014,2015,"soy_soy","soy","soy","#4daf4a","#4daf4a",7,8,5.5,5.5,7.2,7.8,5.5,5.5,3,0.102880658436214,1297,44.4787379972565,338,11.5912208504801
2014,2015,"soy_springWheat","soy","springWheat","#4daf4a","#a65628",7,8,5.5,3.7,7.2,7.8,5.3,3.9,1284,44.0329218106996,1297,44.4787379972565,1335,45.7818930041152
2014,2015,"springWheat_corn","springWheat","corn","#a65628","#ffd300",7,8,3.7,6.4,7.2,7.8,4,6.1,1,0.0342935528120713,330,11.3168724279835,9,0.308641975308642
2014,2015,"springWheat_dryBeans","springWheat","dryBeans","#a65628","#e41a1c",7,8,3.7,1.9,7.2,7.8,3.5,2.1,1,0.0342935528120713,330,11.3168724279835,1,0.0342935528120713
2014,2015,"springWheat_other","springWheat","other","#a65628","#AAAAAA",7,8,3.7,1,7.2,7.8,3.4,1.3,1,0.0342935528120713,330,11.3168724279835,1122,38.477366255144
2014,2015,"springWheat_soy","springWheat","soy","#a65628","#4daf4a",7,8,3.7,5.5,7.2,7.8,3.9,5.3,310,10.6310013717421,330,11.3168724279835,338,11.5912208504801
2014,2015,"springWheat_springWheat","springWheat","springWheat","#a65628","#a65628",7,8,3.7,3.7,7.2,7.8,3.7,3.7,17,0.582990397805213,330,11.3168724279835,1335,45.7818930041152
2015,2016,"corn_corn","corn","corn","#ffd300","#ffd300",8,9,6.4,6.4,8.2,8.8,6.4,6.4,1,0.0342935528120713,9,0.308641975308642,100,3.42935528120713
2015,2016,"corn_other","corn","other","#ffd300","#AAAAAA",8,9,6.4,1,8.2,8.8,5.8,1.6,1,0.0342935528120713,9,0.308641975308642,1146,39.3004115226337
2015,2016,"corn_springWheat","corn","springWheat","#ffd300","#a65628",8,9,6.4,3.7,8.2,8.8,6.1,4,7,0.240054869684499,9,0.308641975308642,251,8.6076817558299
2015,2016,"dryBeans_corn","dryBeans","corn","#e41a1c","#ffd300",8,9,1.9,6.4,8.2,8.8,2.4,5.9,1,0.0342935528120713,1,0.0342935528120713,100,3.42935528120713
2015,2016,"hay_hay","hay","hay","#f781bf","#f781bf",8,9,4.6,4.6,8.2,8.8,4.6,4.6,81,2.77777777777778,87,2.98353909465021,87,2.98353909465021
2015,2016,"hay_other","hay","other","#f781bf","#AAAAAA",8,9,4.6,1,8.2,8.8,4.2,1.4,5,0.171467764060357,87,2.98353909465021,1146,39.3004115226337
2015,2016,"hay_springWheat","hay","springWheat","#f781bf","#a65628",8,9,4.6,3.7,8.2,8.8,4.5,3.8,1,0.0342935528120713,87,2.98353909465021,251,8.6076817558299
2015,2016,"other_corn","other","corn","#AAAAAA","#ffd300",8,9,1,6.4,8.2,8.8,1.6,5.8,1,0.0342935528120713,1146,39.3004115226337,100,3.42935528120713
2015,2016,"other_dryBeans","other","dryBeans","#AAAAAA","#e41a1c",8,9,1,1.9,8.2,8.8,1.1,1.8,1,0.0342935528120713,1146,39.3004115226337,14,0.480109739368999
2015,2016,"other_hay","other","hay","#AAAAAA","#f781bf",8,9,1,4.6,8.2,8.8,1.4,4.2,4,0.137174211248285,1146,39.3004115226337,87,2.98353909465021
2015,2016,"other_other","other","other","#AAAAAA","#AAAAAA",8,9,1,1,8.2,8.8,1,1,1134,38.8888888888889,1146,39.3004115226337,1146,39.3004115226337
2015,2016,"other_soy","other","soy","#AAAAAA","#4daf4a",8,9,1,5.5,8.2,8.8,1.5,5,4,0.137174211248285,1146,39.3004115226337,1310,44.9245541838134
2015,2016,"other_springWheat","other","springWheat","#AAAAAA","#a65628",8,9,1,3.7,8.2,8.8,1.3,3.4,1,0.0342935528120713,1146,39.3004115226337,251,8.6076817558299
2015,2016,"other_sugarbeets","other","sugarbeets","#AAAAAA","#377eb8",8,9,1,2.8,8.2,8.8,1.2,2.6,1,0.0342935528120713,1146,39.3004115226337,8,0.274348422496571
2015,2016,"soy_corn","soy","corn","#4daf4a","#ffd300",8,9,5.5,6.4,8.2,8.8,5.6,6.3,88,3.01783264746228,338,11.5912208504801,100,3.42935528120713
2015,2016,"soy_hay","soy","hay","#4daf4a","#f781bf",8,9,5.5,4.6,8.2,8.8,5.4,4.7,2,0.0685871056241426,338,11.5912208504801,87,2.98353909465021
2015,2016,"soy_other","soy","other","#4daf4a","#AAAAAA",8,9,5.5,1,8.2,8.8,5,1.5,3,0.102880658436214,338,11.5912208504801,1146,39.3004115226337
2015,2016,"soy_soy","soy","soy","#4daf4a","#4daf4a",8,9,5.5,5.5,8.2,8.8,5.5,5.5,13,0.445816186556927,338,11.5912208504801,1310,44.9245541838134
2015,2016,"soy_springWheat","soy","springWheat","#4daf4a","#a65628",8,9,5.5,3.7,8.2,8.8,5.3,3.9,232,7.95610425240055,338,11.5912208504801,251,8.6076817558299
2015,2016,"springWheat_corn","springWheat","corn","#a65628","#ffd300",8,9,3.7,6.4,8.2,8.8,4,6.1,9,0.308641975308642,1335,45.7818930041152,100,3.42935528120713
2015,2016,"springWheat_dryBeans","springWheat","dryBeans","#a65628","#e41a1c",8,9,3.7,1.9,8.2,8.8,3.5,2.1,13,0.445816186556927,1335,45.7818930041152,14,0.480109739368999
2015,2016,"springWheat_other","springWheat","other","#a65628","#AAAAAA",8,9,3.7,1,8.2,8.8,3.4,1.3,3,0.102880658436214,1335,45.7818930041152,1146,39.3004115226337
2015,2016,"springWheat_soy","springWheat","soy","#a65628","#4daf4a",8,9,3.7,5.5,8.2,8.8,3.9,5.3,1293,44.3415637860082,1335,45.7818930041152,1310,44.9245541838134
2015,2016,"springWheat_springWheat","springWheat","springWheat","#a65628","#a65628",8,9,3.7,3.7,8.2,8.8,3.7,3.7,10,0.342935528120713,1335,45.7818930041152,251,8.6076817558299
2015,2016,"springWheat_sugarbeets","springWheat","sugarbeets","#a65628","#377eb8",8,9,3.7,2.8,8.2,8.8,3.6,2.9,7,0.240054869684499,1335,45.7818930041152,8,0.274348422496571
2016,2017,"corn_corn","corn","corn","#ffd300","#ffd300",9,10,6.4,6.4,9.2,9.8,6.4,6.4,4,0.137174211248285,100,3.42935528120713,326,11.1796982167353
2016,2017,"corn_dryBeans","corn","dryBeans","#ffd300","#e41a1c",9,10,6.4,1.9,9.2,9.8,5.9,2.4,1,0.0342935528120713,100,3.42935528120713,3,0.102880658436214
2016,2017,"corn_hay","corn","hay","#ffd300","#f781bf",9,10,6.4,4.6,9.2,9.8,6.2,4.8,1,0.0342935528120713,100,3.42935528120713,59,2.02331961591221
2016,2017,"corn_other","corn","other","#ffd300","#AAAAAA",9,10,6.4,1,9.2,9.8,5.8,1.6,3,0.102880658436214,100,3.42935528120713,1193,40.9122085048011
2016,2017,"corn_soy","corn","soy","#ffd300","#4daf4a",9,10,6.4,5.5,9.2,9.8,6.3,5.6,85,2.91495198902606,100,3.42935528120713,340,11.6598079561043
2016,2017,"corn_springWheat","corn","springWheat","#ffd300","#a65628",9,10,6.4,3.7,9.2,9.8,6.1,4,6,0.205761316872428,100,3.42935528120713,995,34.122085048011
2016,2017,"dryBeans_hay","dryBeans","hay","#e41a1c","#f781bf",9,10,1.9,4.6,9.2,9.8,2.2,4.3,2,0.0685871056241426,14,0.480109739368999,59,2.02331961591221
2016,2017,"dryBeans_other","dryBeans","other","#e41a1c","#AAAAAA",9,10,1.9,1,9.2,9.8,1.8,1.1,1,0.0342935528120713,14,0.480109739368999,1193,40.9122085048011
2016,2017,"dryBeans_springWheat","dryBeans","springWheat","#e41a1c","#a65628",9,10,1.9,3.7,9.2,9.8,2.1,3.5,11,0.377229080932785,14,0.480109739368999,995,34.122085048011
2016,2017,"hay_corn","hay","corn","#f781bf","#ffd300",9,10,4.6,6.4,9.2,9.8,4.8,6.2,1,0.0342935528120713,71,2.43484224965706,326,11.1796982167353
2016,2017,"hay_hay","hay","hay","#f781bf","#f781bf",9,10,4.6,4.6,9.2,9.8,4.6,4.6,47,1.61179698216735,71,2.43484224965706,59,2.02331961591221
2016,2017,"hay_other","hay","other","#f781bf","#AAAAAA",9,10,4.6,1,9.2,9.8,4.2,1.4,22,0.754458161865569,71,2.43484224965706,1193,40.9122085048011
2016,2017,"hay_soy","hay","soy","#f781bf","#4daf4a",9,10,4.6,5.5,9.2,9.8,4.7,5.4,1,0.0342935528120713,71,2.43484224965706,340,11.6598079561043
2016,2017,"other_hay","other","hay","#AAAAAA","#f781bf",9,10,1,4.6,9.2,9.8,1.4,4.2,5,0.171467764060357,1162,39.8491083676269,59,2.02331961591221
2016,2017,"other_other","other","other","#AAAAAA","#AAAAAA",9,10,1,1,9.2,9.8,1,1,1156,39.6433470507545,1162,39.8491083676269,1193,40.9122085048011
2016,2017,"other_springWheat","other","springWheat","#AAAAAA","#a65628",9,10,1,3.7,9.2,9.8,1.3,3.4,1,0.0342935528120713,1162,39.8491083676269,995,34.122085048011
2016,2017,"soy_corn","soy","corn","#4daf4a","#ffd300",9,10,5.5,6.4,9.2,9.8,5.6,6.3,300,10.2880658436214,1310,44.9245541838134,326,11.1796982167353
2016,2017,"soy_dryBeans","soy","dryBeans","#4daf4a","#e41a1c",9,10,5.5,1.9,9.2,9.8,5.1,2.3,2,0.0685871056241426,1310,44.9245541838134,3,0.102880658436214
2016,2017,"soy_hay","soy","hay","#4daf4a","#f781bf",9,10,5.5,4.6,9.2,9.8,5.4,4.7,2,0.0685871056241426,1310,44.9245541838134,59,2.02331961591221
2016,2017,"soy_other","soy","other","#4daf4a","#AAAAAA",9,10,5.5,1,9.2,9.8,5,1.5,6,0.205761316872428,1310,44.9245541838134,1193,40.9122085048011
2016,2017,"soy_soy","soy","soy","#4daf4a","#4daf4a",9,10,5.5,5.5,9.2,9.8,5.5,5.5,25,0.857338820301783,1310,44.9245541838134,340,11.6598079561043
2016,2017,"soy_springWheat","soy","springWheat","#4daf4a","#a65628",9,10,5.5,3.7,9.2,9.8,5.3,3.9,975,33.4362139917695,1310,44.9245541838134,995,34.122085048011
2016,2017,"springWheat_corn","springWheat","corn","#a65628","#ffd300",9,10,3.7,6.4,9.2,9.8,4,6.1,14,0.480109739368999,251,8.6076817558299,326,11.1796982167353
2016,2017,"springWheat_hay","springWheat","hay","#a65628","#f781bf",9,10,3.7,4.6,9.2,9.8,3.8,4.5,2,0.0685871056241426,251,8.6076817558299,59,2.02331961591221
2016,2017,"springWheat_other","springWheat","other","#a65628","#AAAAAA",9,10,3.7,1,9.2,9.8,3.4,1.3,4,0.137174211248285,251,8.6076817558299,1193,40.9122085048011
2016,2017,"springWheat_soy","springWheat","soy","#a65628","#4daf4a",9,10,3.7,5.5,9.2,9.8,3.9,5.3,229,7.85322359396433,251,8.6076817558299,340,11.6598079561043
2016,2017,"springWheat_springWheat","springWheat","springWheat","#a65628","#a65628",9,10,3.7,3.7,9.2,9.8,3.7,3.7,2,0.0685871056241426,251,8.6076817558299,995,34.122085048011
2016,2017,"sugarbeets_corn","sugarbeets","corn","#377eb8","#ffd300",9,10,2.8,6.4,9.2,9.8,3.2,6,7,0.240054869684499,8,0.274348422496571,326,11.1796982167353
2016,2017,"sugarbeets_other","sugarbeets","other","#377eb8","#AAAAAA",9,10,2.8,1,9.2,9.8,2.6,1.2,1,0.0342935528120713,8,0.274348422496571,1193,40.9122085048011
2017,2018,"corn_corn","corn","corn","#ffd300","#ffd300",10,11,6.4,6.4,10.2,10.8,6.4,6.4,9,0.308641975308642,326,11.1796982167353,31,1.06310013717421
2017,2018,"corn_hay","corn","hay","#ffd300","#f781bf",10,11,6.4,4.6,10.2,10.8,6.2,4.8,1,0.0342935528120713,326,11.1796982167353,55,1.88614540466392
2017,2018,"corn_soy","corn","soy","#ffd300","#4daf4a",10,11,6.4,5.5,10.2,10.8,6.3,5.6,311,10.6652949245542,326,11.1796982167353,1348,46.2277091906722
2017,2018,"corn_springWheat","corn","springWheat","#ffd300","#a65628",10,11,6.4,3.7,10.2,10.8,6.1,4,5,0.171467764060357,326,11.1796982167353,328,11.2482853223594
2017,2018,"dryBeans_springWheat","dryBeans","springWheat","#e41a1c","#a65628",10,11,1.9,3.7,10.2,10.8,2.1,3.5,3,0.102880658436214,3,0.102880658436214,328,11.2482853223594
2017,2018,"hay_corn","hay","corn","#f781bf","#ffd300",10,11,4.6,6.4,10.2,10.8,4.8,6.2,7,0.240054869684499,103,3.53223593964335,31,1.06310013717421
2017,2018,"hay_hay","hay","hay","#f781bf","#f781bf",10,11,4.6,4.6,10.2,10.8,4.6,4.6,52,1.78326474622771,103,3.53223593964335,55,1.88614540466392
2017,2018,"hay_other","hay","other","#f781bf","#AAAAAA",10,11,4.6,1,10.2,10.8,4.2,1.4,10,0.342935528120713,103,3.53223593964335,1125,38.5802469135802
2017,2018,"hay_soy","hay","soy","#f781bf","#4daf4a",10,11,4.6,5.5,10.2,10.8,4.7,5.4,34,1.16598079561043,103,3.53223593964335,1348,46.2277091906722
2017,2018,"other_corn","other","corn","#AAAAAA","#ffd300",10,11,1,6.4,10.2,10.8,1.6,5.8,10,0.342935528120713,1149,39.40329218107,31,1.06310013717421
2017,2018,"other_dryBeans","other","dryBeans","#AAAAAA","#e41a1c",10,11,1,1.9,10.2,10.8,1.1,1.8,2,0.0685871056241426,1149,39.40329218107,29,0.994513031550069
2017,2018,"other_hay","other","hay","#AAAAAA","#f781bf",10,11,1,4.6,10.2,10.8,1.4,4.2,2,0.0685871056241426,1149,39.40329218107,55,1.88614540466392
2017,2018,"other_other","other","other","#AAAAAA","#AAAAAA",10,11,1,1,10.2,10.8,1,1,1115,38.2373113854595,1149,39.40329218107,1125,38.5802469135802
2017,2018,"other_soy","other","soy","#AAAAAA","#4daf4a",10,11,1,5.5,10.2,10.8,1.5,5,17,0.582990397805213,1149,39.40329218107,1348,46.2277091906722
2017,2018,"other_springWheat","other","springWheat","#AAAAAA","#a65628",10,11,1,3.7,10.2,10.8,1.3,3.4,3,0.102880658436214,1149,39.40329218107,328,11.2482853223594
2017,2018,"soy_corn","soy","corn","#4daf4a","#ffd300",10,11,5.5,6.4,10.2,10.8,5.6,6.3,5,0.171467764060357,340,11.6598079561043,31,1.06310013717421
2017,2018,"soy_dryBeans","soy","dryBeans","#4daf4a","#e41a1c",10,11,5.5,1.9,10.2,10.8,5.1,2.3,2,0.0685871056241426,340,11.6598079561043,29,0.994513031550069
2017,2018,"soy_soy","soy","soy","#4daf4a","#4daf4a",10,11,5.5,5.5,10.2,10.8,5.5,5.5,17,0.582990397805213,340,11.6598079561043,1348,46.2277091906722
2017,2018,"soy_springWheat","soy","springWheat","#4daf4a","#a65628",10,11,5.5,3.7,10.2,10.8,5.3,3.9,316,10.8367626886145,340,11.6598079561043,328,11.2482853223594
2017,2018,"springWheat_dryBeans","springWheat","dryBeans","#a65628","#e41a1c",10,11,3.7,1.9,10.2,10.8,3.5,2.1,25,0.857338820301783,995,34.122085048011,29,0.994513031550069
2017,2018,"springWheat_soy","springWheat","soy","#a65628","#4daf4a",10,11,3.7,5.5,10.2,10.8,3.9,5.3,969,33.2304526748971,995,34.122085048011,1348,46.2277091906722
2017,2018,"springWheat_springWheat","springWheat","springWheat","#a65628","#a65628",10,11,3.7,3.7,10.2,10.8,3.7,3.7,1,0.0342935528120713,995,34.122085048011,328,11.2482853223594
2018,2019,"corn_corn","corn","corn","#ffd300","#ffd300",11,12,6.4,6.4,11.2,11.8,6.4,6.4,9,0.308641975308642,31,1.06310013717421,124,4.25240054869685
2018,2019,"corn_other","corn","other","#ffd300","#AAAAAA",11,12,6.4,1,11.2,11.8,5.8,1.6,17,0.582990397805213,31,1.06310013717421,1382,47.3936899862826
2018,2019,"corn_soy","corn","soy","#ffd300","#4daf4a",11,12,6.4,5.5,11.2,11.8,6.3,5.6,3,0.102880658436214,31,1.06310013717421,345,11.8312757201646
2018,2019,"corn_springWheat","corn","springWheat","#ffd300","#a65628",11,12,6.4,3.7,11.2,11.8,6.1,4,2,0.0685871056241426,31,1.06310013717421,1004,34.4307270233196
2018,2019,"dryBeans_other","dryBeans","other","#e41a1c","#AAAAAA",11,12,1.9,1,11.2,11.8,1.8,1.1,1,0.0342935528120713,29,0.994513031550069,1382,47.3936899862826
2018,2019,"dryBeans_soy","dryBeans","soy","#e41a1c","#4daf4a",11,12,1.9,5.5,11.2,11.8,2.3,5.1,2,0.0685871056241426,29,0.994513031550069,345,11.8312757201646
2018,2019,"dryBeans_springWheat","dryBeans","springWheat","#e41a1c","#a65628",11,12,1.9,3.7,11.2,11.8,2.1,3.5,26,0.891632373113855,29,0.994513031550069,1004,34.4307270233196
2018,2019,"hay_hay","hay","hay","#f781bf","#f781bf",11,12,4.6,4.6,11.2,11.8,4.6,4.6,51,1.74897119341564,59,2.02331961591221,53,1.81755829903978
2018,2019,"hay_other","hay","other","#f781bf","#AAAAAA",11,12,4.6,1,11.2,11.8,4.2,1.4,8,0.274348422496571,59,2.02331961591221,1382,47.3936899862826
2018,2019,"other_corn","other","corn","#AAAAAA","#ffd300",11,12,1,6.4,11.2,11.8,1.6,5.8,6,0.205761316872428,1121,38.443072702332,124,4.25240054869685
2018,2019,"other_dryBeans","other","dryBeans","#AAAAAA","#e41a1c",11,12,1,1.9,11.2,11.8,1.1,1.8,1,0.0342935528120713,1121,38.443072702332,1,0.0342935528120713
2018,2019,"other_hay","other","hay","#AAAAAA","#f781bf",11,12,1,4.6,11.2,11.8,1.4,4.2,1,0.0342935528120713,1121,38.443072702332,53,1.81755829903978
2018,2019,"other_other","other","other","#AAAAAA","#AAAAAA",11,12,1,1,11.2,11.8,1,1,1101,37.7572016460905,1121,38.443072702332,1382,47.3936899862826
2018,2019,"other_soy","other","soy","#AAAAAA","#4daf4a",11,12,1,5.5,11.2,11.8,1.5,5,3,0.102880658436214,1121,38.443072702332,345,11.8312757201646
2018,2019,"other_springWheat","other","springWheat","#AAAAAA","#a65628",11,12,1,3.7,11.2,11.8,1.3,3.4,9,0.308641975308642,1121,38.443072702332,1004,34.4307270233196
2018,2019,"soy_corn","soy","corn","#4daf4a","#ffd300",11,12,5.5,6.4,11.2,11.8,5.6,6.3,17,0.582990397805213,1348,46.2277091906722,124,4.25240054869685
2018,2019,"soy_hay","soy","hay","#4daf4a","#f781bf",11,12,5.5,4.6,11.2,11.8,5.4,4.7,1,0.0342935528120713,1348,46.2277091906722,53,1.81755829903978
2018,2019,"soy_other","soy","other","#4daf4a","#AAAAAA",11,12,5.5,1,11.2,11.8,5,1.5,51,1.74897119341564,1348,46.2277091906722,1382,47.3936899862826
2018,2019,"soy_soy","soy","soy","#4daf4a","#4daf4a",11,12,5.5,5.5,11.2,11.8,5.5,5.5,316,10.8367626886145,1348,46.2277091906722,345,11.8312757201646
2018,2019,"soy_springWheat","soy","springWheat","#4daf4a","#a65628",11,12,5.5,3.7,11.2,11.8,5.3,3.9,963,33.0246913580247,1348,46.2277091906722,1004,34.4307270233196
2018,2019,"springWheat_corn","springWheat","corn","#a65628","#ffd300",11,12,3.7,6.4,11.2,11.8,4,6.1,92,3.15500685871056,328,11.2482853223594,124,4.25240054869685
2018,2019,"springWheat_other","springWheat","other","#a65628","#AAAAAA",11,12,3.7,1,11.2,11.8,3.4,1.3,204,6.99588477366255,328,11.2482853223594,1382,47.3936899862826
2018,2019,"springWheat_soy","springWheat","soy","#a65628","#4daf4a",11,12,3.7,5.5,11.2,11.8,3.9,5.3,21,0.720164609053498,328,11.2482853223594,345,11.8312757201646
2018,2019,"springWheat_springWheat","springWheat","springWheat","#a65628","#a65628",11,12,3.7,3.7,11.2,11.8,3.7,3.7,4,0.137174211248285,328,11.2482853223594,1004,34.4307270233196
2018,2019,"springWheat_sugarbeets","springWheat","sugarbeets","#a65628","#377eb8",11,12,3.7,2.8,11.2,11.8,3.6,2.9,7,0.240054869684499,328,11.2482853223594,7,0.240054869684499
2019,2020,"corn_corn","corn","corn","#ffd300","#ffd300",12,13,6.4,6.4,12.2,12.8,6.4,6.4,5,0.171467764060357,124,4.25240054869685,13,0.445816186556927
2019,2020,"corn_other","corn","other","#ffd300","#AAAAAA",12,13,6.4,1,12.2,12.8,5.8,1.6,12,0.411522633744856,124,4.25240054869685,1223,41.9410150891632
2019,2020,"corn_soy","corn","soy","#ffd300","#4daf4a",12,13,6.4,5.5,12.2,12.8,6.3,5.6,96,3.29218106995885,124,4.25240054869685,1410,48.3539094650206
2019,2020,"corn_springWheat","corn","springWheat","#ffd300","#a65628",12,13,6.4,3.7,12.2,12.8,6.1,4,11,0.377229080932785,124,4.25240054869685,244,8.3676268861454
2019,2020,"dryBeans_soy","dryBeans","soy","#e41a1c","#4daf4a",12,13,1.9,5.5,12.2,12.8,2.3,5.1,1,0.0342935528120713,1,0.0342935528120713,1410,48.3539094650206
2019,2020,"hay_hay","hay","hay","#f781bf","#f781bf",12,13,4.6,4.6,12.2,12.8,4.6,4.6,10,0.342935528120713,14,0.480109739368999,17,0.582990397805213
2019,2020,"hay_other","hay","other","#f781bf","#AAAAAA",12,13,4.6,1,12.2,12.8,4.2,1.4,4,0.137174211248285,14,0.480109739368999,1223,41.9410150891632
2019,2020,"other_hay","other","hay","#AAAAAA","#f781bf",12,13,1,4.6,12.2,12.8,1.4,4.2,6,0.205761316872428,1421,48.7311385459534,17,0.582990397805213
2019,2020,"other_other","other","other","#AAAAAA","#AAAAAA",12,13,1,1,12.2,12.8,1,1,1203,41.2551440329218,1421,48.7311385459534,1223,41.9410150891632
2019,2020,"other_soy","other","soy","#AAAAAA","#4daf4a",12,13,1,5.5,12.2,12.8,1.5,5,6,0.205761316872428,1421,48.7311385459534,1410,48.3539094650206
2019,2020,"other_springWheat","other","springWheat","#AAAAAA","#a65628",12,13,1,3.7,12.2,12.8,1.3,3.4,206,7.0644718792867,1421,48.7311385459534,244,8.3676268861454
2019,2020,"soy_corn","soy","corn","#4daf4a","#ffd300",12,13,5.5,6.4,12.2,12.8,5.6,6.3,2,0.0685871056241426,345,11.8312757201646,13,0.445816186556927
2019,2020,"soy_other","soy","other","#4daf4a","#AAAAAA",12,13,5.5,1,12.2,12.8,5,1.5,2,0.0685871056241426,345,11.8312757201646,1223,41.9410150891632
2019,2020,"soy_soy","soy","soy","#4daf4a","#4daf4a",12,13,5.5,5.5,12.2,12.8,5.5,5.5,324,11.1111111111111,345,11.8312757201646,1410,48.3539094650206
2019,2020,"soy_springWheat","soy","springWheat","#4daf4a","#a65628",12,13,5.5,3.7,12.2,12.8,5.3,3.9,17,0.582990397805213,345,11.8312757201646,244,8.3676268861454
2019,2020,"springWheat_corn","springWheat","corn","#a65628","#ffd300",12,13,3.7,6.4,12.2,12.8,4,6.1,6,0.205761316872428,1004,34.4307270233196,13,0.445816186556927
2019,2020,"springWheat_dryBeans","springWheat","dryBeans","#a65628","#e41a1c",12,13,3.7,1.9,12.2,12.8,3.5,2.1,9,0.308641975308642,1004,34.4307270233196,9,0.308641975308642
2019,2020,"springWheat_hay","springWheat","hay","#a65628","#f781bf",12,13,3.7,4.6,12.2,12.8,3.8,4.5,1,0.0342935528120713,1004,34.4307270233196,17,0.582990397805213
2019,2020,"springWheat_other","springWheat","other","#a65628","#AAAAAA",12,13,3.7,1,12.2,12.8,3.4,1.3,2,0.0685871056241426,1004,34.4307270233196,1223,41.9410150891632
2019,2020,"springWheat_soy","springWheat","soy","#a65628","#4daf4a",12,13,3.7,5.5,12.2,12.8,3.9,5.3,983,33.7105624142661,1004,34.4307270233196,1410,48.3539094650206
2019,2020,"springWheat_springWheat","springWheat","springWheat","#a65628","#a65628",12,13,3.7,3.7,12.2,12.8,3.7,3.7,3,0.102880658436214,1004,34.4307270233196,244,8.3676268861454
2019,2020,"sugarbeets_springWheat","sugarbeets","springWheat","#377eb8","#a65628",12,13,2.8,3.7,12.2,12.8,2.9,3.6,7,0.240054869684499,7,0.240054869684499,244,8.3676268861454
2020,2021,"corn_corn","corn","corn","#ffd300","#ffd300",13,14,6.4,6.4,13.2,13.8,6.4,6.4,7,0.240054869684499,13,0.445816186556927,417,14.3004115226337
2020,2021,"corn_soy","corn","soy","#ffd300","#4daf4a",13,14,6.4,5.5,13.2,13.8,6.3,5.6,1,0.0342935528120713,13,0.445816186556927,252,8.64197530864197
2020,2021,"corn_springWheat","corn","springWheat","#ffd300","#a65628",13,14,6.4,3.7,13.2,13.8,6.1,4,5,0.171467764060357,13,0.445816186556927,1011,34.6707818930041
2020,2021,"dryBeans_springWheat","dryBeans","springWheat","#e41a1c","#a65628",13,14,1.9,3.7,13.2,13.8,2.1,3.5,9,0.308641975308642,9,0.308641975308642,1011,34.6707818930041
2020,2021,"hay_hay","hay","hay","#f781bf","#f781bf",13,14,4.6,4.6,13.2,13.8,4.6,4.6,11,0.377229080932785,19,0.651577503429355,16,0.548696844993141
2020,2021,"hay_other","hay","other","#f781bf","#AAAAAA",13,14,4.6,1,13.2,13.8,4.2,1.4,6,0.205761316872428,19,0.651577503429355,1210,41.4951989026063
2020,2021,"hay_soy","hay","soy","#f781bf","#4daf4a",13,14,4.6,5.5,13.2,13.8,4.7,5.4,2,0.0685871056241426,19,0.651577503429355,252,8.64197530864197
2020,2021,"other_hay","other","hay","#AAAAAA","#f781bf",13,14,1,4.6,13.2,13.8,1.4,4.2,4,0.137174211248285,1221,41.8724279835391,16,0.548696844993141
2020,2021,"other_other","other","other","#AAAAAA","#AAAAAA",13,14,1,1,13.2,13.8,1,1,1203,41.2551440329218,1221,41.8724279835391,1210,41.4951989026063
2020,2021,"other_soy","other","soy","#AAAAAA","#4daf4a",13,14,1,5.5,13.2,13.8,1.5,5,12,0.411522633744856,1221,41.8724279835391,252,8.64197530864197
2020,2021,"other_springWheat","other","springWheat","#AAAAAA","#a65628",13,14,1,3.7,13.2,13.8,1.3,3.4,2,0.0685871056241426,1221,41.8724279835391,1011,34.6707818930041
2020,2021,"soy_corn","soy","corn","#4daf4a","#ffd300",13,14,5.5,6.4,13.2,13.8,5.6,6.3,405,13.8888888888889,1410,48.3539094650206,417,14.3004115226337
2020,2021,"soy_hay","soy","hay","#4daf4a","#f781bf",13,14,5.5,4.6,13.2,13.8,5.4,4.7,1,0.0342935528120713,1410,48.3539094650206,16,0.548696844993141
2020,2021,"soy_soy","soy","soy","#4daf4a","#4daf4a",13,14,5.5,5.5,13.2,13.8,5.5,5.5,19,0.651577503429355,1410,48.3539094650206,252,8.64197530864197
2020,2021,"soy_springWheat","soy","springWheat","#4daf4a","#a65628",13,14,5.5,3.7,13.2,13.8,5.3,3.9,985,33.7791495198903,1410,48.3539094650206,1011,34.6707818930041
2020,2021,"springWheat_corn","springWheat","corn","#a65628","#ffd300",13,14,3.7,6.4,13.2,13.8,4,6.1,5,0.171467764060357,244,8.3676268861454,417,14.3004115226337
2020,2021,"springWheat_other","springWheat","other","#a65628","#AAAAAA",13,14,3.7,1,13.2,13.8,3.4,1.3,1,0.0342935528120713,244,8.3676268861454,1210,41.4951989026063
2020,2021,"springWheat_soy","springWheat","soy","#a65628","#4daf4a",13,14,3.7,5.5,13.2,13.8,3.9,5.3,218,7.47599451303155,244,8.3676268861454,252,8.64197530864197
2020,2021,"springWheat_springWheat","springWheat","springWheat","#a65628","#a65628",13,14,3.7,3.7,13.2,13.8,3.7,3.7,10,0.342935528120713,244,8.3676268861454,1011,34.6707818930041
2020,2021,"springWheat_sugarbeets","springWheat","sugarbeets","#a65628","#377eb8",13,14,3.7,2.8,13.2,13.8,3.6,2.9,10,0.342935528120713,244,8.3676268861454,10,0.342935528120713
