"xCoords","yCoords","width","colorToUse"
1,6.4,2.31994459833795,"#ffd300"
1.2,6.4,2.31994459833795,"#ffd300"
1.4,6.4,2.31994459833795,"#ffd300"
2,6.4,2.31994459833795,"#ffd300"
1.8,6.4,2.31994459833795,"#ffd300"
1.6,6.4,2.31994459833795,"#ffd300"
1,6.4,0.831024930747922,"#AAAAAA"
1.2,5.8,0.831024930747922,"#AAAAAA"
1.4,5.8,0.831024930747922,"#AAAAAA"
2,1,0.831024930747922,"#ffd300"
1.8,1.6,0.831024930747922,"#ffd300"
1.6,1.6,0.831024930747922,"#ffd300"
1,6.4,8.44875346260388,"#4daf4a"
1.2,6.3,8.44875346260388,"#4daf4a"
1.4,6.3,8.44875346260388,"#4daf4a"
2,5.5,8.44875346260388,"#ffd300"
1.8,5.6,8.44875346260388,"#ffd300"
1.6,5.6,8.44875346260388,"#ffd300"
1,4.6,0.0346260387811634,"#f781bf"
1.2,4.6,0.0346260387811634,"#f781bf"
1.4,4.6,0.0346260387811634,"#f781bf"
2,4.6,0.0346260387811634,"#f781bf"
1.8,4.6,0.0346260387811634,"#f781bf"
1.6,4.6,0.0346260387811634,"#f781bf"
1,4.6,0.0692520775623269,"#AAAAAA"
1.2,4.2,0.0692520775623269,"#AAAAAA"
1.4,4.2,0.0692520775623269,"#AAAAAA"
2,1,0.0692520775623269,"#f781bf"
1.8,1.4,0.0692520775623269,"#f781bf"
1.6,1.4,0.0692520775623269,"#f781bf"
1,1,0.727146814404432,"#ffd300"
1.2,1.6,0.727146814404432,"#ffd300"
1.4,1.6,0.727146814404432,"#ffd300"
2,6.4,0.727146814404432,"#AAAAAA"
1.8,5.8,0.727146814404432,"#AAAAAA"
1.6,5.8,0.727146814404432,"#AAAAAA"
1,1,0.0346260387811634,"#f781bf"
1.2,1.4,0.0346260387811634,"#f781bf"
1.4,1.4,0.0346260387811634,"#f781bf"
2,4.6,0.0346260387811634,"#AAAAAA"
1.8,4.2,0.0346260387811634,"#AAAAAA"
1.6,4.2,0.0346260387811634,"#AAAAAA"
1,1,74.3421052631579,"#AAAAAA"
1.2,1,74.3421052631579,"#AAAAAA"
1.4,1,74.3421052631579,"#AAAAAA"
2,1,74.3421052631579,"#AAAAAA"
1.8,1,74.3421052631579,"#AAAAAA"
1.6,1,74.3421052631579,"#AAAAAA"
1,1,2.14681440443213,"#4daf4a"
1.2,1.5,2.14681440443213,"#4daf4a"
1.4,1.5,2.14681440443213,"#4daf4a"
2,5.5,2.14681440443213,"#AAAAAA"
1.8,5,2.14681440443213,"#AAAAAA"
1.6,5,2.14681440443213,"#AAAAAA"
1,5.5,5.64404432132964,"#ffd300"
1.2,5.6,5.64404432132964,"#ffd300"
1.4,5.6,5.64404432132964,"#ffd300"
2,6.4,5.64404432132964,"#4daf4a"
1.8,6.3,5.64404432132964,"#4daf4a"
1.6,6.3,5.64404432132964,"#4daf4a"
1,5.5,1.66204986149584,"#AAAAAA"
1.2,5,1.66204986149584,"#AAAAAA"
1.4,5,1.66204986149584,"#AAAAAA"
2,1,1.66204986149584,"#4daf4a"
1.8,1.5,1.66204986149584,"#4daf4a"
1.6,1.5,1.66204986149584,"#4daf4a"
1,5.5,3.73961218836565,"#4daf4a"
1.2,5.5,3.73961218836565,"#4daf4a"
1.4,5.5,3.73961218836565,"#4daf4a"
2,5.5,3.73961218836565,"#4daf4a"
1.8,5.5,3.73961218836565,"#4daf4a"
1.6,5.5,3.73961218836565,"#4daf4a"
2,6.4,1.28116343490305,"#ffd300"
2.2,6.4,1.28116343490305,"#ffd300"
2.4,6.4,1.28116343490305,"#ffd300"
3,6.4,1.28116343490305,"#ffd300"
2.8,6.4,1.28116343490305,"#ffd300"
2.6,6.4,1.28116343490305,"#ffd300"
2,6.4,0.692520775623269,"#AAAAAA"
2.2,5.8,0.692520775623269,"#AAAAAA"
2.4,5.8,0.692520775623269,"#AAAAAA"
3,1,0.692520775623269,"#ffd300"
2.8,1.6,0.692520775623269,"#ffd300"
2.6,1.6,0.692520775623269,"#ffd300"
2,6.4,6.71745152354571,"#4daf4a"
2.2,6.3,6.71745152354571,"#4daf4a"
2.4,6.3,6.71745152354571,"#4daf4a"
3,5.5,6.71745152354571,"#ffd300"
2.8,5.6,6.71745152354571,"#ffd300"
2.6,5.6,6.71745152354571,"#ffd300"
2,4.6,0.0346260387811634,"#4daf4a"
2.2,4.7,0.0346260387811634,"#4daf4a"
2.4,4.7,0.0346260387811634,"#4daf4a"
3,5.5,0.0346260387811634,"#f781bf"
2.8,5.4,0.0346260387811634,"#f781bf"
2.6,5.4,0.0346260387811634,"#f781bf"
2,1,1.93905817174515,"#ffd300"
2.2,1.6,1.93905817174515,"#ffd300"
2.4,1.6,1.93905817174515,"#ffd300"
3,6.4,1.93905817174515,"#AAAAAA"
2.8,5.8,1.93905817174515,"#AAAAAA"
2.6,5.8,1.93905817174515,"#AAAAAA"
2,1,72.9224376731302,"#AAAAAA"
2.2,1,72.9224376731302,"#AAAAAA"
2.4,1,72.9224376731302,"#AAAAAA"
3,1,72.9224376731302,"#AAAAAA"
2.8,1,72.9224376731302,"#AAAAAA"
2.6,1,72.9224376731302,"#AAAAAA"
2,1,2.07756232686981,"#4daf4a"
2.2,1.5,2.07756232686981,"#4daf4a"
2.4,1.5,2.07756232686981,"#4daf4a"
3,5.5,2.07756232686981,"#AAAAAA"
2.8,5,2.07756232686981,"#AAAAAA"
2.6,5,2.07756232686981,"#AAAAAA"
2,5.5,9.34903047091413,"#ffd300"
2.2,5.6,9.34903047091413,"#ffd300"
2.4,5.6,9.34903047091413,"#ffd300"
3,6.4,9.34903047091413,"#4daf4a"
2.8,6.3,9.34903047091413,"#4daf4a"
2.6,6.3,9.34903047091413,"#4daf4a"
2,5.5,1.62742382271468,"#AAAAAA"
2.2,5,1.62742382271468,"#AAAAAA"
2.4,5,1.62742382271468,"#AAAAAA"
3,1,1.62742382271468,"#4daf4a"
2.8,1.5,1.62742382271468,"#4daf4a"
2.6,1.5,1.62742382271468,"#4daf4a"
2,5.5,3.35872576177285,"#4daf4a"
2.2,5.5,3.35872576177285,"#4daf4a"
2.4,5.5,3.35872576177285,"#4daf4a"
3,5.5,3.35872576177285,"#4daf4a"
2.8,5.5,3.35872576177285,"#4daf4a"
2.6,5.5,3.35872576177285,"#4daf4a"
3,6.4,0.277008310249307,"#ffd300"
3.2,6.4,0.277008310249307,"#ffd300"
3.4,6.4,0.277008310249307,"#ffd300"
4,6.4,0.277008310249307,"#ffd300"
3.8,6.4,0.277008310249307,"#ffd300"
3.6,6.4,0.277008310249307,"#ffd300"
3,6.4,0.10387811634349,"#AAAAAA"
3.2,5.8,0.10387811634349,"#AAAAAA"
3.4,5.8,0.10387811634349,"#AAAAAA"
4,1,0.10387811634349,"#ffd300"
3.8,1.6,0.10387811634349,"#ffd300"
3.6,1.6,0.10387811634349,"#ffd300"
3,6.4,12.1883656509695,"#4daf4a"
3.2,6.3,12.1883656509695,"#4daf4a"
3.4,6.3,12.1883656509695,"#4daf4a"
4,5.5,12.1883656509695,"#ffd300"
3.8,5.6,12.1883656509695,"#ffd300"
3.6,5.6,12.1883656509695,"#ffd300"
3,4.6,0.0692520775623269,"#f781bf"
3.2,4.6,0.0692520775623269,"#f781bf"
3.4,4.6,0.0692520775623269,"#f781bf"
4,4.6,0.0692520775623269,"#f781bf"
3.8,4.6,0.0692520775623269,"#f781bf"
3.6,4.6,0.0692520775623269,"#f781bf"
3,1,1.8005540166205,"#ffd300"
3.2,1.6,1.8005540166205,"#ffd300"
3.4,1.6,1.8005540166205,"#ffd300"
4,6.4,1.8005540166205,"#AAAAAA"
3.8,5.8,1.8005540166205,"#AAAAAA"
3.6,5.8,1.8005540166205,"#AAAAAA"
3,1,1.00415512465374,"#f781bf"
3.2,1.4,1.00415512465374,"#f781bf"
3.4,1.4,1.00415512465374,"#f781bf"
4,4.6,1.00415512465374,"#AAAAAA"
3.8,4.2,1.00415512465374,"#AAAAAA"
3.6,4.2,1.00415512465374,"#AAAAAA"
3,1,67.797783933518,"#AAAAAA"
3.2,1,67.797783933518,"#AAAAAA"
3.4,1,67.797783933518,"#AAAAAA"
4,1,67.797783933518,"#AAAAAA"
3.8,1,67.797783933518,"#AAAAAA"
3.6,1,67.797783933518,"#AAAAAA"
3,1,4.57063711911357,"#4daf4a"
3.2,1.5,4.57063711911357,"#4daf4a"
3.4,1.5,4.57063711911357,"#4daf4a"
4,5.5,4.57063711911357,"#AAAAAA"
3.8,5,4.57063711911357,"#AAAAAA"
3.6,5,4.57063711911357,"#AAAAAA"
3,5.5,9.97229916897507,"#ffd300"
3.2,5.6,9.97229916897507,"#ffd300"
3.4,5.6,9.97229916897507,"#ffd300"
4,6.4,9.97229916897507,"#4daf4a"
3.8,6.3,9.97229916897507,"#4daf4a"
3.6,6.3,9.97229916897507,"#4daf4a"
3,5.5,0.277008310249307,"#AAAAAA"
3.2,5,0.277008310249307,"#AAAAAA"
3.4,5,0.277008310249307,"#AAAAAA"
4,1,0.277008310249307,"#4daf4a"
3.8,1.5,0.277008310249307,"#4daf4a"
3.6,1.5,0.277008310249307,"#4daf4a"
3,5.5,1.93905817174515,"#4daf4a"
3.2,5.5,1.93905817174515,"#4daf4a"
3.4,5.5,1.93905817174515,"#4daf4a"
4,5.5,1.93905817174515,"#4daf4a"
3.8,5.5,1.93905817174515,"#4daf4a"
3.6,5.5,1.93905817174515,"#4daf4a"
4,6.4,1.0387811634349,"#ffd300"
4.2,6.4,1.0387811634349,"#ffd300"
4.4,6.4,1.0387811634349,"#ffd300"
5,6.4,1.0387811634349,"#ffd300"
4.8,6.4,1.0387811634349,"#ffd300"
4.6,6.4,1.0387811634349,"#ffd300"
4,6.4,0.10387811634349,"#f781bf"
4.2,6.2,0.10387811634349,"#f781bf"
4.4,6.2,0.10387811634349,"#f781bf"
5,4.6,0.10387811634349,"#ffd300"
4.8,4.8,0.10387811634349,"#ffd300"
4.6,4.8,0.10387811634349,"#ffd300"
4,6.4,1.93905817174515,"#AAAAAA"
4.2,5.8,1.93905817174515,"#AAAAAA"
4.4,5.8,1.93905817174515,"#AAAAAA"
5,1,1.93905817174515,"#ffd300"
4.8,1.6,1.93905817174515,"#ffd300"
4.6,1.6,1.93905817174515,"#ffd300"
4,6.4,8.93351800554017,"#4daf4a"
4.2,6.3,8.93351800554017,"#4daf4a"
4.4,6.3,8.93351800554017,"#4daf4a"
5,5.5,8.93351800554017,"#ffd300"
4.8,5.6,8.93351800554017,"#ffd300"
4.6,5.6,8.93351800554017,"#ffd300"
4,6.4,0.0346260387811634,"#a65628"
4.2,6.1,0.0346260387811634,"#a65628"
4.4,6.1,0.0346260387811634,"#a65628"
5,3.7,0.0346260387811634,"#ffd300"
4.8,4,0.0346260387811634,"#ffd300"
4.6,4,0.0346260387811634,"#ffd300"
4,4.6,0.380886426592798,"#ffd300"
4.2,4.8,0.380886426592798,"#ffd300"
4.4,4.8,0.380886426592798,"#ffd300"
5,6.4,0.380886426592798,"#f781bf"
4.8,6.2,0.380886426592798,"#f781bf"
4.6,6.2,0.380886426592798,"#f781bf"
4,4.6,2.80470914127424,"#f781bf"
4.2,4.6,2.80470914127424,"#f781bf"
4.4,4.6,2.80470914127424,"#f781bf"
5,4.6,2.80470914127424,"#f781bf"
4.8,4.6,2.80470914127424,"#f781bf"
4.6,4.6,2.80470914127424,"#f781bf"
4,4.6,0.761772853185596,"#AAAAAA"
4.2,4.2,0.761772853185596,"#AAAAAA"
4.4,4.2,0.761772853185596,"#AAAAAA"
5,1,0.761772853185596,"#f781bf"
4.8,1.4,0.761772853185596,"#f781bf"
4.6,1.4,0.761772853185596,"#f781bf"
4,4.6,0.0346260387811634,"#4daf4a"
4.2,4.7,0.0346260387811634,"#4daf4a"
4.4,4.7,0.0346260387811634,"#4daf4a"
5,5.5,0.0346260387811634,"#f781bf"
4.8,5.4,0.0346260387811634,"#f781bf"
4.6,5.4,0.0346260387811634,"#f781bf"
4,1,0.277008310249307,"#ffd300"
4.2,1.6,0.277008310249307,"#ffd300"
4.4,1.6,0.277008310249307,"#ffd300"
5,6.4,0.277008310249307,"#AAAAAA"
4.8,5.8,0.277008310249307,"#AAAAAA"
4.6,5.8,0.277008310249307,"#AAAAAA"
4,1,0.173130193905817,"#f781bf"
4.2,1.4,0.173130193905817,"#f781bf"
4.4,1.4,0.173130193905817,"#f781bf"
5,4.6,0.173130193905817,"#AAAAAA"
4.8,4.2,0.173130193905817,"#AAAAAA"
4.6,4.2,0.173130193905817,"#AAAAAA"
4,1,64.6468144044321,"#AAAAAA"
4.2,1,64.6468144044321,"#AAAAAA"
4.4,1,64.6468144044321,"#AAAAAA"
5,1,64.6468144044321,"#AAAAAA"
4.8,1,64.6468144044321,"#AAAAAA"
4.6,1,64.6468144044321,"#AAAAAA"
4,1,0.173130193905817,"#4daf4a"
4.2,1.5,0.173130193905817,"#4daf4a"
4.4,1.5,0.173130193905817,"#4daf4a"
5,5.5,0.173130193905817,"#AAAAAA"
4.8,5,0.173130193905817,"#AAAAAA"
4.6,5,0.173130193905817,"#AAAAAA"
4,5.5,14.9584487534626,"#ffd300"
4.2,5.6,14.9584487534626,"#ffd300"
4.4,5.6,14.9584487534626,"#ffd300"
5,6.4,14.9584487534626,"#4daf4a"
4.8,6.3,14.9584487534626,"#4daf4a"
4.6,6.3,14.9584487534626,"#4daf4a"
4,5.5,0.0346260387811634,"#f781bf"
4.2,5.4,0.0346260387811634,"#f781bf"
4.4,5.4,0.0346260387811634,"#f781bf"
5,4.6,0.0346260387811634,"#4daf4a"
4.8,4.7,0.0346260387811634,"#4daf4a"
4.6,4.7,0.0346260387811634,"#4daf4a"
4,5.5,1.73130193905817,"#AAAAAA"
4.2,5,1.73130193905817,"#AAAAAA"
4.4,5,1.73130193905817,"#AAAAAA"
5,1,1.73130193905817,"#4daf4a"
4.8,1.5,1.73130193905817,"#4daf4a"
4.6,1.5,1.73130193905817,"#4daf4a"
4,5.5,1.97368421052632,"#4daf4a"
4.2,5.5,1.97368421052632,"#4daf4a"
4.4,5.5,1.97368421052632,"#4daf4a"
5,5.5,1.97368421052632,"#4daf4a"
4.8,5.5,1.97368421052632,"#4daf4a"
4.6,5.5,1.97368421052632,"#4daf4a"
5,6.4,3.11634349030471,"#ffd300"
5.2,6.4,3.11634349030471,"#ffd300"
5.4,6.4,3.11634349030471,"#ffd300"
6,6.4,3.11634349030471,"#ffd300"
5.8,6.4,3.11634349030471,"#ffd300"
5.6,6.4,3.11634349030471,"#ffd300"
5,6.4,0.554016620498615,"#f781bf"
5.2,6.2,0.554016620498615,"#f781bf"
5.4,6.2,0.554016620498615,"#f781bf"
6,4.6,0.554016620498615,"#ffd300"
5.8,4.8,0.554016620498615,"#ffd300"
5.6,4.8,0.554016620498615,"#ffd300"
5,6.4,1.17728531855956,"#AAAAAA"
5.2,5.8,1.17728531855956,"#AAAAAA"
5.4,5.8,1.17728531855956,"#AAAAAA"
6,1,1.17728531855956,"#ffd300"
5.8,1.6,1.17728531855956,"#ffd300"
5.6,1.6,1.17728531855956,"#ffd300"
5,6.4,11.8074792243767,"#4daf4a"
5.2,6.3,11.8074792243767,"#4daf4a"
5.4,6.3,11.8074792243767,"#4daf4a"
6,5.5,11.8074792243767,"#ffd300"
5.8,5.6,11.8074792243767,"#ffd300"
5.6,5.6,11.8074792243767,"#ffd300"
5,4.6,0.0346260387811634,"#ffd300"
5.2,4.8,0.0346260387811634,"#ffd300"
5.4,4.8,0.0346260387811634,"#ffd300"
6,6.4,0.0346260387811634,"#f781bf"
5.8,6.2,0.0346260387811634,"#f781bf"
5.6,6.2,0.0346260387811634,"#f781bf"
5,4.6,2.14681440443213,"#f781bf"
5.2,4.6,2.14681440443213,"#f781bf"
5.4,4.6,2.14681440443213,"#f781bf"
6,4.6,2.14681440443213,"#f781bf"
5.8,4.6,2.14681440443213,"#f781bf"
5.6,4.6,2.14681440443213,"#f781bf"
5,4.6,0.484764542936288,"#AAAAAA"
5.2,4.2,0.484764542936288,"#AAAAAA"
5.4,4.2,0.484764542936288,"#AAAAAA"
6,1,0.484764542936288,"#f781bf"
5.8,1.4,0.484764542936288,"#f781bf"
5.6,1.4,0.484764542936288,"#f781bf"
5,1,1.59279778393352,"#ffd300"
5.2,1.6,1.59279778393352,"#ffd300"
5.4,1.6,1.59279778393352,"#ffd300"
6,6.4,1.59279778393352,"#AAAAAA"
5.8,5.8,1.59279778393352,"#AAAAAA"
5.6,5.8,1.59279778393352,"#AAAAAA"
5,1,0.207756232686981,"#f781bf"
5.2,1.4,0.207756232686981,"#f781bf"
5.4,1.4,0.207756232686981,"#f781bf"
6,4.6,0.207756232686981,"#AAAAAA"
5.8,4.2,0.207756232686981,"#AAAAAA"
5.6,4.2,0.207756232686981,"#AAAAAA"
5,1,67.2091412742382,"#AAAAAA"
5.2,1,67.2091412742382,"#AAAAAA"
5.4,1,67.2091412742382,"#AAAAAA"
6,1,67.2091412742382,"#AAAAAA"
5.8,1,67.2091412742382,"#AAAAAA"
5.6,1,67.2091412742382,"#AAAAAA"
5,1,0.519390581717452,"#4daf4a"
5.2,1.5,0.519390581717452,"#4daf4a"
5.4,1.5,0.519390581717452,"#4daf4a"
6,5.5,0.519390581717452,"#AAAAAA"
5.8,5,0.519390581717452,"#AAAAAA"
5.6,5,0.519390581717452,"#AAAAAA"
5,5.5,4.15512465373961,"#ffd300"
5.2,5.6,4.15512465373961,"#ffd300"
5.4,5.6,4.15512465373961,"#ffd300"
6,6.4,4.15512465373961,"#4daf4a"
5.8,6.3,4.15512465373961,"#4daf4a"
5.6,6.3,4.15512465373961,"#4daf4a"
5,5.5,0.0692520775623269,"#f781bf"
5.2,5.4,0.0692520775623269,"#f781bf"
5.4,5.4,0.0692520775623269,"#f781bf"
6,4.6,0.0692520775623269,"#4daf4a"
5.8,4.7,0.0692520775623269,"#4daf4a"
5.6,4.7,0.0692520775623269,"#4daf4a"
5,5.5,3.56648199445983,"#AAAAAA"
5.2,5,3.56648199445983,"#AAAAAA"
5.4,5,3.56648199445983,"#AAAAAA"
6,1,3.56648199445983,"#4daf4a"
5.8,1.5,3.56648199445983,"#4daf4a"
5.6,1.5,3.56648199445983,"#4daf4a"
5,5.5,3.32409972299169,"#4daf4a"
5.2,5.5,3.32409972299169,"#4daf4a"
5.4,5.5,3.32409972299169,"#4daf4a"
6,5.5,3.32409972299169,"#4daf4a"
5.8,5.5,3.32409972299169,"#4daf4a"
5.6,5.5,3.32409972299169,"#4daf4a"
5,3.7,0.0346260387811634,"#AAAAAA"
5.2,3.4,0.0346260387811634,"#AAAAAA"
5.4,3.4,0.0346260387811634,"#AAAAAA"
6,1,0.0346260387811634,"#a65628"
5.8,1.3,0.0346260387811634,"#a65628"
5.6,1.3,0.0346260387811634,"#a65628"
6,6.4,6.54432132963989,"#ffd300"
6.2,6.4,6.54432132963989,"#ffd300"
6.4,6.4,6.54432132963989,"#ffd300"
7,6.4,6.54432132963989,"#ffd300"
6.8,6.4,6.54432132963989,"#ffd300"
6.6,6.4,6.54432132963989,"#ffd300"
6,6.4,0.0346260387811634,"#f781bf"
6.2,6.2,0.0346260387811634,"#f781bf"
6.4,6.2,0.0346260387811634,"#f781bf"
7,4.6,0.0346260387811634,"#ffd300"
6.8,4.8,0.0346260387811634,"#ffd300"
6.6,4.8,0.0346260387811634,"#ffd300"
6,6.4,0.207756232686981,"#AAAAAA"
6.2,5.8,0.207756232686981,"#AAAAAA"
6.4,5.8,0.207756232686981,"#AAAAAA"
7,1,0.207756232686981,"#ffd300"
6.8,1.6,0.207756232686981,"#ffd300"
6.6,1.6,0.207756232686981,"#ffd300"
6,6.4,2.11218836565097,"#4daf4a"
6.2,6.3,2.11218836565097,"#4daf4a"
6.4,6.3,2.11218836565097,"#4daf4a"
7,5.5,2.11218836565097,"#ffd300"
6.8,5.6,2.11218836565097,"#ffd300"
6.6,5.6,2.11218836565097,"#ffd300"
6,4.6,0.796398891966759,"#ffd300"
6.2,4.8,0.796398891966759,"#ffd300"
6.4,4.8,0.796398891966759,"#ffd300"
7,6.4,0.796398891966759,"#f781bf"
6.8,6.2,0.796398891966759,"#f781bf"
6.6,6.2,0.796398891966759,"#f781bf"
6,4.6,2.70083102493075,"#f781bf"
6.2,4.6,2.70083102493075,"#f781bf"
6.4,4.6,2.70083102493075,"#f781bf"
7,4.6,2.70083102493075,"#f781bf"
6.8,4.6,2.70083102493075,"#f781bf"
6.6,4.6,2.70083102493075,"#f781bf"
6,4.6,0.0692520775623269,"#AAAAAA"
6.2,4.2,0.0692520775623269,"#AAAAAA"
6.4,4.2,0.0692520775623269,"#AAAAAA"
7,1,0.0692520775623269,"#f781bf"
6.8,1.4,0.0692520775623269,"#f781bf"
6.6,1.4,0.0692520775623269,"#f781bf"
6,4.6,0.0346260387811634,"#4daf4a"
6.2,4.7,0.0346260387811634,"#4daf4a"
6.4,4.7,0.0346260387811634,"#4daf4a"
7,5.5,0.0346260387811634,"#f781bf"
6.8,5.4,0.0346260387811634,"#f781bf"
6.6,5.4,0.0346260387811634,"#f781bf"
6,1,4.12049861495845,"#ffd300"
6.2,1.6,4.12049861495845,"#ffd300"
6.4,1.6,4.12049861495845,"#ffd300"
7,6.4,4.12049861495845,"#AAAAAA"
6.8,5.8,4.12049861495845,"#AAAAAA"
6.6,5.8,4.12049861495845,"#AAAAAA"
6,1,0.311634349030471,"#f781bf"
6.2,1.4,0.311634349030471,"#f781bf"
6.4,1.4,0.311634349030471,"#f781bf"
7,4.6,0.311634349030471,"#AAAAAA"
6.8,4.2,0.311634349030471,"#AAAAAA"
6.6,4.2,0.311634349030471,"#AAAAAA"
6,1,66.6551246537396,"#AAAAAA"
6.2,1,66.6551246537396,"#AAAAAA"
6.4,1,66.6551246537396,"#AAAAAA"
7,1,66.6551246537396,"#AAAAAA"
6.8,1,66.6551246537396,"#AAAAAA"
6.6,1,66.6551246537396,"#AAAAAA"
6,1,0.761772853185596,"#4daf4a"
6.2,1.5,0.761772853185596,"#4daf4a"
6.4,1.5,0.761772853185596,"#4daf4a"
7,5.5,0.761772853185596,"#AAAAAA"
6.8,5,0.761772853185596,"#AAAAAA"
6.6,5,0.761772853185596,"#AAAAAA"
6,5.5,11.01108033241,"#ffd300"
6.2,5.6,11.01108033241,"#ffd300"
6.4,5.6,11.01108033241,"#ffd300"
7,6.4,11.01108033241,"#4daf4a"
6.8,6.3,11.01108033241,"#4daf4a"
6.6,6.3,11.01108033241,"#4daf4a"
6,5.5,0.0346260387811634,"#f781bf"
6.2,5.4,0.0346260387811634,"#f781bf"
6.4,5.4,0.0346260387811634,"#f781bf"
7,4.6,0.0346260387811634,"#4daf4a"
6.8,4.7,0.0346260387811634,"#4daf4a"
6.6,4.7,0.0346260387811634,"#4daf4a"
6,5.5,0.242382271468144,"#AAAAAA"
6.2,5,0.242382271468144,"#AAAAAA"
6.4,5,0.242382271468144,"#AAAAAA"
7,1,0.242382271468144,"#4daf4a"
6.8,1.5,0.242382271468144,"#4daf4a"
6.6,1.5,0.242382271468144,"#4daf4a"
6,5.5,4.36288088642659,"#4daf4a"
6.2,5.5,4.36288088642659,"#4daf4a"
6.4,5.5,4.36288088642659,"#4daf4a"
7,5.5,4.36288088642659,"#4daf4a"
6.8,5.5,4.36288088642659,"#4daf4a"
6.6,5.5,4.36288088642659,"#4daf4a"
7,6.4,6.92520775623269,"#ffd300"
7.2,6.4,6.92520775623269,"#ffd300"
7.4,6.4,6.92520775623269,"#ffd300"
8,6.4,6.92520775623269,"#ffd300"
7.8,6.4,6.92520775623269,"#ffd300"
7.6,6.4,6.92520775623269,"#ffd300"
7,6.4,1.35041551246537,"#f781bf"
7.2,6.2,1.35041551246537,"#f781bf"
7.4,6.2,1.35041551246537,"#f781bf"
8,4.6,1.35041551246537,"#ffd300"
7.8,4.8,1.35041551246537,"#ffd300"
7.6,4.8,1.35041551246537,"#ffd300"
7,6.4,0.623268698060942,"#AAAAAA"
7.2,5.8,0.623268698060942,"#AAAAAA"
7.4,5.8,0.623268698060942,"#AAAAAA"
8,1,0.623268698060942,"#ffd300"
7.8,1.6,0.623268698060942,"#ffd300"
7.6,1.6,0.623268698060942,"#ffd300"
7,6.4,13.5734072022161,"#4daf4a"
7.2,6.3,13.5734072022161,"#4daf4a"
7.4,6.3,13.5734072022161,"#4daf4a"
8,5.5,13.5734072022161,"#ffd300"
7.8,5.6,13.5734072022161,"#ffd300"
7.6,5.6,13.5734072022161,"#ffd300"
7,4.6,0.0692520775623269,"#ffd300"
7.2,4.8,0.0692520775623269,"#ffd300"
7.4,4.8,0.0692520775623269,"#ffd300"
8,6.4,0.0692520775623269,"#f781bf"
7.8,6.2,0.0692520775623269,"#f781bf"
7.6,6.2,0.0692520775623269,"#f781bf"
7,4.6,3.9819944598338,"#f781bf"
7.2,4.6,3.9819944598338,"#f781bf"
7.4,4.6,3.9819944598338,"#f781bf"
8,4.6,3.9819944598338,"#f781bf"
7.8,4.6,3.9819944598338,"#f781bf"
7.6,4.6,3.9819944598338,"#f781bf"
7,4.6,0.242382271468144,"#AAAAAA"
7.2,4.2,0.242382271468144,"#AAAAAA"
7.4,4.2,0.242382271468144,"#AAAAAA"
8,1,0.242382271468144,"#f781bf"
7.8,1.4,0.242382271468144,"#f781bf"
7.6,1.4,0.242382271468144,"#f781bf"
7,4.6,0.0346260387811634,"#4daf4a"
7.2,4.7,0.0346260387811634,"#4daf4a"
7.4,4.7,0.0346260387811634,"#4daf4a"
8,5.5,0.0346260387811634,"#f781bf"
7.8,5.4,0.0346260387811634,"#f781bf"
7.6,5.4,0.0346260387811634,"#f781bf"
7,1,0.207756232686981,"#ffd300"
7.2,1.6,0.207756232686981,"#ffd300"
7.4,1.6,0.207756232686981,"#ffd300"
8,6.4,0.207756232686981,"#AAAAAA"
7.8,5.8,0.207756232686981,"#AAAAAA"
7.6,5.8,0.207756232686981,"#AAAAAA"
7,1,65.5817174515235,"#AAAAAA"
7.2,1,65.5817174515235,"#AAAAAA"
7.4,1,65.5817174515235,"#AAAAAA"
8,1,65.5817174515235,"#AAAAAA"
7.8,1,65.5817174515235,"#AAAAAA"
7.6,1,65.5817174515235,"#AAAAAA"
7,1,0.138504155124654,"#4daf4a"
7.2,1.5,0.138504155124654,"#4daf4a"
7.4,1.5,0.138504155124654,"#4daf4a"
8,5.5,0.138504155124654,"#AAAAAA"
7.8,5,0.138504155124654,"#AAAAAA"
7.6,5,0.138504155124654,"#AAAAAA"
7,5.5,6.02493074792244,"#ffd300"
7.2,5.6,6.02493074792244,"#ffd300"
7.4,5.6,6.02493074792244,"#ffd300"
8,6.4,6.02493074792244,"#4daf4a"
7.8,6.3,6.02493074792244,"#4daf4a"
7.6,6.3,6.02493074792244,"#4daf4a"
7,5.5,0.588642659279778,"#f781bf"
7.2,5.4,0.588642659279778,"#f781bf"
7.4,5.4,0.588642659279778,"#f781bf"
8,4.6,0.588642659279778,"#4daf4a"
7.8,4.7,0.588642659279778,"#4daf4a"
7.6,4.7,0.588642659279778,"#4daf4a"
7,5.5,0.138504155124654,"#AAAAAA"
7.2,5,0.138504155124654,"#AAAAAA"
7.4,5,0.138504155124654,"#AAAAAA"
8,1,0.138504155124654,"#4daf4a"
7.8,1.5,0.138504155124654,"#4daf4a"
7.6,1.5,0.138504155124654,"#4daf4a"
7,5.5,0.519390581717452,"#4daf4a"
7.2,5.5,0.519390581717452,"#4daf4a"
7.4,5.5,0.519390581717452,"#4daf4a"
8,5.5,0.519390581717452,"#4daf4a"
7.8,5.5,0.519390581717452,"#4daf4a"
7.6,5.5,0.519390581717452,"#4daf4a"
8,6.4,6.37119113573407,"#ffd300"
8.2,6.4,6.37119113573407,"#ffd300"
8.4,6.4,6.37119113573407,"#ffd300"
9,6.4,6.37119113573407,"#ffd300"
8.8,6.4,6.37119113573407,"#ffd300"
8.6,6.4,6.37119113573407,"#ffd300"
8,6.4,0.277008310249307,"#f781bf"
8.2,6.2,0.277008310249307,"#f781bf"
8.4,6.2,0.277008310249307,"#f781bf"
9,4.6,0.277008310249307,"#ffd300"
8.8,4.8,0.277008310249307,"#ffd300"
8.6,4.8,0.277008310249307,"#ffd300"
8,6.4,0.138504155124654,"#AAAAAA"
8.2,5.8,0.138504155124654,"#AAAAAA"
8.4,5.8,0.138504155124654,"#AAAAAA"
9,1,0.138504155124654,"#ffd300"
8.8,1.6,0.138504155124654,"#ffd300"
8.6,1.6,0.138504155124654,"#ffd300"
8,6.4,6.4404432132964,"#4daf4a"
8.2,6.3,6.4404432132964,"#4daf4a"
8.4,6.3,6.4404432132964,"#4daf4a"
9,5.5,6.4404432132964,"#ffd300"
8.8,5.6,6.4404432132964,"#ffd300"
8.6,5.6,6.4404432132964,"#ffd300"
8,4.6,0.207756232686981,"#ffd300"
8.2,4.8,0.207756232686981,"#ffd300"
8.4,4.8,0.207756232686981,"#ffd300"
9,6.4,0.207756232686981,"#f781bf"
8.8,6.2,0.207756232686981,"#f781bf"
8.6,6.2,0.207756232686981,"#f781bf"
8,4.6,3.18559556786704,"#f781bf"
8.2,4.6,3.18559556786704,"#f781bf"
8.4,4.6,3.18559556786704,"#f781bf"
9,4.6,3.18559556786704,"#f781bf"
8.8,4.6,3.18559556786704,"#f781bf"
8.6,4.6,3.18559556786704,"#f781bf"
8,4.6,0.207756232686981,"#AAAAAA"
8.2,4.2,0.207756232686981,"#AAAAAA"
8.4,4.2,0.207756232686981,"#AAAAAA"
9,1,0.207756232686981,"#f781bf"
8.8,1.4,0.207756232686981,"#f781bf"
8.6,1.4,0.207756232686981,"#f781bf"
8,4.6,0.10387811634349,"#4daf4a"
8.2,4.7,0.10387811634349,"#4daf4a"
8.4,4.7,0.10387811634349,"#4daf4a"
9,5.5,0.10387811634349,"#f781bf"
8.8,5.4,0.10387811634349,"#f781bf"
8.6,5.4,0.10387811634349,"#f781bf"
8,1,0.277008310249307,"#ffd300"
8.2,1.6,0.277008310249307,"#ffd300"
8.4,1.6,0.277008310249307,"#ffd300"
9,6.4,0.277008310249307,"#AAAAAA"
8.8,5.8,0.277008310249307,"#AAAAAA"
8.6,5.8,0.277008310249307,"#AAAAAA"
8,1,0.173130193905817,"#f781bf"
8.2,1.4,0.173130193905817,"#f781bf"
8.4,1.4,0.173130193905817,"#f781bf"
9,4.6,0.173130193905817,"#AAAAAA"
8.8,4.2,0.173130193905817,"#AAAAAA"
8.6,4.2,0.173130193905817,"#AAAAAA"
8,1,68.1440443213296,"#AAAAAA"
8.2,1,68.1440443213296,"#AAAAAA"
8.4,1,68.1440443213296,"#AAAAAA"
9,1,68.1440443213296,"#AAAAAA"
8.8,1,68.1440443213296,"#AAAAAA"
8.6,1,68.1440443213296,"#AAAAAA"
8,1,0.207756232686981,"#4daf4a"
8.2,1.5,0.207756232686981,"#4daf4a"
8.4,1.5,0.207756232686981,"#4daf4a"
9,5.5,0.207756232686981,"#AAAAAA"
8.8,5,0.207756232686981,"#AAAAAA"
8.6,5,0.207756232686981,"#AAAAAA"
8,5.5,13.8850415512465,"#ffd300"
8.2,5.6,13.8850415512465,"#ffd300"
8.4,5.6,13.8850415512465,"#ffd300"
9,6.4,13.8850415512465,"#4daf4a"
8.8,6.3,13.8850415512465,"#4daf4a"
8.6,6.3,13.8850415512465,"#4daf4a"
8,5.5,0.0346260387811634,"#f781bf"
8.2,5.4,0.0346260387811634,"#f781bf"
8.4,5.4,0.0346260387811634,"#f781bf"
9,4.6,0.0346260387811634,"#4daf4a"
8.8,4.7,0.0346260387811634,"#4daf4a"
8.6,4.7,0.0346260387811634,"#4daf4a"
8,5.5,0.10387811634349,"#AAAAAA"
8.2,5,0.10387811634349,"#AAAAAA"
8.4,5,0.10387811634349,"#AAAAAA"
9,1,0.10387811634349,"#4daf4a"
8.8,1.5,0.10387811634349,"#4daf4a"
8.6,1.5,0.10387811634349,"#4daf4a"
8,5.5,0.242382271468144,"#4daf4a"
8.2,5.5,0.242382271468144,"#4daf4a"
8.4,5.5,0.242382271468144,"#4daf4a"
9,5.5,0.242382271468144,"#4daf4a"
8.8,5.5,0.242382271468144,"#4daf4a"
8.6,5.5,0.242382271468144,"#4daf4a"
9,6.4,3.601108033241,"#ffd300"
9.2,6.4,3.601108033241,"#ffd300"
9.4,6.4,3.601108033241,"#ffd300"
10,6.4,3.601108033241,"#ffd300"
9.8,6.4,3.601108033241,"#ffd300"
9.6,6.4,3.601108033241,"#ffd300"
9,6.4,1.28116343490305,"#f781bf"
9.2,6.2,1.28116343490305,"#f781bf"
9.4,6.2,1.28116343490305,"#f781bf"
10,4.6,1.28116343490305,"#ffd300"
9.8,4.8,1.28116343490305,"#ffd300"
9.6,4.8,1.28116343490305,"#ffd300"
9,6.4,0.173130193905817,"#AAAAAA"
9.2,5.8,0.173130193905817,"#AAAAAA"
9.4,5.8,0.173130193905817,"#AAAAAA"
10,1,0.173130193905817,"#ffd300"
9.8,1.6,0.173130193905817,"#ffd300"
9.6,1.6,0.173130193905817,"#ffd300"
9,6.4,15.685595567867,"#4daf4a"
9.2,6.3,15.685595567867,"#4daf4a"
9.4,6.3,15.685595567867,"#4daf4a"
10,5.5,15.685595567867,"#ffd300"
9.8,5.6,15.685595567867,"#ffd300"
9.6,5.6,15.685595567867,"#ffd300"
9,4.6,0.0346260387811634,"#ffd300"
9.2,4.8,0.0346260387811634,"#ffd300"
9.4,4.8,0.0346260387811634,"#ffd300"
10,6.4,0.0346260387811634,"#f781bf"
9.8,6.2,0.0346260387811634,"#f781bf"
9.6,6.2,0.0346260387811634,"#f781bf"
9,4.6,2.25069252077562,"#f781bf"
9.2,4.6,2.25069252077562,"#f781bf"
9.4,4.6,2.25069252077562,"#f781bf"
10,4.6,2.25069252077562,"#f781bf"
9.8,4.6,2.25069252077562,"#f781bf"
9.6,4.6,2.25069252077562,"#f781bf"
9,4.6,0.173130193905817,"#AAAAAA"
9.2,4.2,0.173130193905817,"#AAAAAA"
9.4,4.2,0.173130193905817,"#AAAAAA"
10,1,0.173130193905817,"#f781bf"
9.8,1.4,0.173130193905817,"#f781bf"
9.6,1.4,0.173130193905817,"#f781bf"
9,4.6,0.0346260387811634,"#4daf4a"
9.2,4.7,0.0346260387811634,"#4daf4a"
9.4,4.7,0.0346260387811634,"#4daf4a"
10,5.5,0.0346260387811634,"#f781bf"
9.8,5.4,0.0346260387811634,"#f781bf"
9.6,5.4,0.0346260387811634,"#f781bf"
9,1,0.242382271468144,"#ffd300"
9.2,1.6,0.242382271468144,"#ffd300"
9.4,1.6,0.242382271468144,"#ffd300"
10,6.4,0.242382271468144,"#AAAAAA"
9.8,5.8,0.242382271468144,"#AAAAAA"
9.6,5.8,0.242382271468144,"#AAAAAA"
9,1,0.0346260387811634,"#f781bf"
9.2,1.4,0.0346260387811634,"#f781bf"
9.4,1.4,0.0346260387811634,"#f781bf"
10,4.6,0.0346260387811634,"#AAAAAA"
9.8,4.2,0.0346260387811634,"#AAAAAA"
9.6,4.2,0.0346260387811634,"#AAAAAA"
9,1,69.2520775623269,"#AAAAAA"
9.2,1,69.2520775623269,"#AAAAAA"
9.4,1,69.2520775623269,"#AAAAAA"
10,1,69.2520775623269,"#AAAAAA"
9.8,1,69.2520775623269,"#AAAAAA"
9.6,1,69.2520775623269,"#AAAAAA"
9,1,0.242382271468144,"#4daf4a"
9.2,1.5,0.242382271468144,"#4daf4a"
9.4,1.5,0.242382271468144,"#4daf4a"
10,5.5,0.242382271468144,"#AAAAAA"
9.8,5,0.242382271468144,"#AAAAAA"
9.6,5,0.242382271468144,"#AAAAAA"
9,5.5,5.4016620498615,"#ffd300"
9.2,5.6,5.4016620498615,"#ffd300"
9.4,5.6,5.4016620498615,"#ffd300"
10,6.4,5.4016620498615,"#4daf4a"
9.8,6.3,5.4016620498615,"#4daf4a"
9.6,6.3,5.4016620498615,"#4daf4a"
9,5.5,0.242382271468144,"#f781bf"
9.2,5.4,0.242382271468144,"#f781bf"
9.4,5.4,0.242382271468144,"#f781bf"
10,4.6,0.242382271468144,"#4daf4a"
9.8,4.7,0.242382271468144,"#4daf4a"
9.6,4.7,0.242382271468144,"#4daf4a"
9,5.5,0.10387811634349,"#AAAAAA"
9.2,5,0.10387811634349,"#AAAAAA"
9.4,5,0.10387811634349,"#AAAAAA"
10,1,0.10387811634349,"#4daf4a"
9.8,1.5,0.10387811634349,"#4daf4a"
9.6,1.5,0.10387811634349,"#4daf4a"
9,5.5,1.24653739612188,"#4daf4a"
9.2,5.5,1.24653739612188,"#4daf4a"
9.4,5.5,1.24653739612188,"#4daf4a"
10,5.5,1.24653739612188,"#4daf4a"
9.8,5.5,1.24653739612188,"#4daf4a"
9.6,5.5,1.24653739612188,"#4daf4a"
10,6.4,2.21606648199446,"#ffd300"
10.2,6.4,2.21606648199446,"#ffd300"
10.4,6.4,2.21606648199446,"#ffd300"
11,6.4,2.21606648199446,"#ffd300"
10.8,6.4,2.21606648199446,"#ffd300"
10.6,6.4,2.21606648199446,"#ffd300"
10,6.4,0.415512465373961,"#f781bf"
10.2,6.2,0.415512465373961,"#f781bf"
10.4,6.2,0.415512465373961,"#f781bf"
11,4.6,0.415512465373961,"#ffd300"
10.8,4.8,0.415512465373961,"#ffd300"
10.6,4.8,0.415512465373961,"#ffd300"
10,6.4,0.0346260387811634,"#AAAAAA"
10.2,5.8,0.0346260387811634,"#AAAAAA"
10.4,5.8,0.0346260387811634,"#AAAAAA"
11,1,0.0346260387811634,"#ffd300"
10.8,1.6,0.0346260387811634,"#ffd300"
10.6,1.6,0.0346260387811634,"#ffd300"
10,6.4,6.61357340720222,"#4daf4a"
10.2,6.3,6.61357340720222,"#4daf4a"
10.4,6.3,6.61357340720222,"#4daf4a"
11,5.5,6.61357340720222,"#ffd300"
10.8,5.6,6.61357340720222,"#ffd300"
10.6,5.6,6.61357340720222,"#ffd300"
10,4.6,0.380886426592798,"#ffd300"
10.2,4.8,0.380886426592798,"#ffd300"
10.4,4.8,0.380886426592798,"#ffd300"
11,6.4,0.380886426592798,"#f781bf"
10.8,6.2,0.380886426592798,"#f781bf"
10.6,6.2,0.380886426592798,"#f781bf"
10,4.6,4.50138504155125,"#f781bf"
10.2,4.6,4.50138504155125,"#f781bf"
10.4,4.6,4.50138504155125,"#f781bf"
11,4.6,4.50138504155125,"#f781bf"
10.8,4.6,4.50138504155125,"#f781bf"
10.6,4.6,4.50138504155125,"#f781bf"
10,4.6,0.207756232686981,"#AAAAAA"
10.2,4.2,0.207756232686981,"#AAAAAA"
10.4,4.2,0.207756232686981,"#AAAAAA"
11,1,0.207756232686981,"#f781bf"
10.8,1.4,0.207756232686981,"#f781bf"
10.6,1.4,0.207756232686981,"#f781bf"
10,4.6,0.173130193905817,"#4daf4a"
10.2,4.7,0.173130193905817,"#4daf4a"
10.4,4.7,0.173130193905817,"#4daf4a"
11,5.5,0.173130193905817,"#f781bf"
10.8,5.4,0.173130193905817,"#f781bf"
10.6,5.4,0.173130193905817,"#f781bf"
10,1,0.10387811634349,"#ffd300"
10.2,1.6,0.10387811634349,"#ffd300"
10.4,1.6,0.10387811634349,"#ffd300"
11,6.4,0.10387811634349,"#AAAAAA"
10.8,5.8,0.10387811634349,"#AAAAAA"
10.6,5.8,0.10387811634349,"#AAAAAA"
10,1,0.0692520775623269,"#f781bf"
10.2,1.4,0.0692520775623269,"#f781bf"
10.4,1.4,0.0692520775623269,"#f781bf"
11,4.6,0.0692520775623269,"#AAAAAA"
10.8,4.2,0.0692520775623269,"#AAAAAA"
10.6,4.2,0.0692520775623269,"#AAAAAA"
10,1,68.0401662049861,"#AAAAAA"
10.2,1,68.0401662049861,"#AAAAAA"
10.4,1,68.0401662049861,"#AAAAAA"
11,1,68.0401662049861,"#AAAAAA"
10.8,1,68.0401662049861,"#AAAAAA"
10.6,1,68.0401662049861,"#AAAAAA"
10,1,0.0346260387811634,"#4daf4a"
10.2,1.5,0.0346260387811634,"#4daf4a"
10.4,1.5,0.0346260387811634,"#4daf4a"
11,5.5,0.0346260387811634,"#AAAAAA"
10.8,5,0.0346260387811634,"#AAAAAA"
10.6,5,0.0346260387811634,"#AAAAAA"
10,5.5,15.4778393351801,"#ffd300"
10.2,5.6,15.4778393351801,"#ffd300"
10.4,5.6,15.4778393351801,"#ffd300"
11,6.4,15.4778393351801,"#4daf4a"
10.8,6.3,15.4778393351801,"#4daf4a"
10.6,6.3,15.4778393351801,"#4daf4a"
10,5.5,0.311634349030471,"#f781bf"
10.2,5.4,0.311634349030471,"#f781bf"
10.4,5.4,0.311634349030471,"#f781bf"
11,4.6,0.311634349030471,"#4daf4a"
10.8,4.7,0.311634349030471,"#4daf4a"
10.6,4.7,0.311634349030471,"#4daf4a"
10,5.5,0.138504155124654,"#AAAAAA"
10.2,5,0.138504155124654,"#AAAAAA"
10.4,5,0.138504155124654,"#AAAAAA"
11,1,0.138504155124654,"#4daf4a"
10.8,1.5,0.138504155124654,"#4daf4a"
10.6,1.5,0.138504155124654,"#4daf4a"
10,5.5,1.28116343490305,"#4daf4a"
10.2,5.5,1.28116343490305,"#4daf4a"
10.4,5.5,1.28116343490305,"#4daf4a"
11,5.5,1.28116343490305,"#4daf4a"
10.8,5.5,1.28116343490305,"#4daf4a"
10.6,5.5,1.28116343490305,"#4daf4a"
11,6.4,2.35457063711911,"#ffd300"
11.2,6.4,2.35457063711911,"#ffd300"
11.4,6.4,2.35457063711911,"#ffd300"
12,6.4,2.35457063711911,"#ffd300"
11.8,6.4,2.35457063711911,"#ffd300"
11.6,6.4,2.35457063711911,"#ffd300"
11,6.4,0.173130193905817,"#f781bf"
11.2,6.2,0.173130193905817,"#f781bf"
11.4,6.2,0.173130193905817,"#f781bf"
12,4.6,0.173130193905817,"#ffd300"
11.8,4.8,0.173130193905817,"#ffd300"
11.6,4.8,0.173130193905817,"#ffd300"
11,6.4,0.415512465373961,"#AAAAAA"
11.2,5.8,0.415512465373961,"#AAAAAA"
11.4,5.8,0.415512465373961,"#AAAAAA"
12,1,0.415512465373961,"#ffd300"
11.8,1.6,0.415512465373961,"#ffd300"
11.6,1.6,0.415512465373961,"#ffd300"
11,6.4,15.2354570637119,"#4daf4a"
11.2,6.3,15.2354570637119,"#4daf4a"
11.4,6.3,15.2354570637119,"#4daf4a"
12,5.5,15.2354570637119,"#ffd300"
11.8,5.6,15.2354570637119,"#ffd300"
11.6,5.6,15.2354570637119,"#ffd300"
11,4.6,0.173130193905817,"#ffd300"
11.2,4.8,0.173130193905817,"#ffd300"
11.4,4.8,0.173130193905817,"#ffd300"
12,6.4,0.173130193905817,"#f781bf"
11.8,6.2,0.173130193905817,"#f781bf"
11.6,6.2,0.173130193905817,"#f781bf"
11,4.6,3.42797783933518,"#f781bf"
11.2,4.6,3.42797783933518,"#f781bf"
11.4,4.6,3.42797783933518,"#f781bf"
12,4.6,3.42797783933518,"#f781bf"
11.8,4.6,3.42797783933518,"#f781bf"
11.6,4.6,3.42797783933518,"#f781bf"
11,4.6,1.62742382271468,"#AAAAAA"
11.2,4.2,1.62742382271468,"#AAAAAA"
11.4,4.2,1.62742382271468,"#AAAAAA"
12,1,1.62742382271468,"#f781bf"
11.8,1.4,1.62742382271468,"#f781bf"
11.6,1.4,1.62742382271468,"#f781bf"
11,4.6,0.138504155124654,"#4daf4a"
11.2,4.7,0.138504155124654,"#4daf4a"
11.4,4.7,0.138504155124654,"#4daf4a"
12,5.5,0.138504155124654,"#f781bf"
11.8,5.4,0.138504155124654,"#f781bf"
11.6,5.4,0.138504155124654,"#f781bf"
11,1,0.554016620498615,"#ffd300"
11.2,1.6,0.554016620498615,"#ffd300"
11.4,1.6,0.554016620498615,"#ffd300"
12,6.4,0.554016620498615,"#AAAAAA"
11.8,5.8,0.554016620498615,"#AAAAAA"
11.6,5.8,0.554016620498615,"#AAAAAA"
11,1,0.10387811634349,"#f781bf"
11.2,1.4,0.10387811634349,"#f781bf"
11.4,1.4,0.10387811634349,"#f781bf"
12,4.6,0.10387811634349,"#AAAAAA"
11.8,4.2,0.10387811634349,"#AAAAAA"
11.6,4.2,0.10387811634349,"#AAAAAA"
11,1,66.7590027700831,"#AAAAAA"
11.2,1,66.7590027700831,"#AAAAAA"
11.4,1,66.7590027700831,"#AAAAAA"
12,1,66.7590027700831,"#AAAAAA"
11.8,1,66.7590027700831,"#AAAAAA"
11.6,1,66.7590027700831,"#AAAAAA"
11,1,0.934903047091413,"#4daf4a"
11.2,1.5,0.934903047091413,"#4daf4a"
11.4,1.5,0.934903047091413,"#4daf4a"
12,5.5,0.934903047091413,"#AAAAAA"
11.8,5,0.934903047091413,"#AAAAAA"
11.6,5,0.934903047091413,"#AAAAAA"
11,5.5,1.76592797783934,"#ffd300"
11.2,5.6,1.76592797783934,"#ffd300"
11.4,5.6,1.76592797783934,"#ffd300"
12,6.4,1.76592797783934,"#4daf4a"
11.8,6.3,1.76592797783934,"#4daf4a"
11.6,6.3,1.76592797783934,"#4daf4a"
11,5.5,0.415512465373961,"#f781bf"
11.2,5.4,0.415512465373961,"#f781bf"
11.4,5.4,0.415512465373961,"#f781bf"
12,4.6,0.415512465373961,"#4daf4a"
11.8,4.7,0.415512465373961,"#4daf4a"
11.6,4.7,0.415512465373961,"#4daf4a"
11,5.5,0.173130193905817,"#AAAAAA"
11.2,5,0.173130193905817,"#AAAAAA"
11.4,5,0.173130193905817,"#AAAAAA"
12,1,0.173130193905817,"#4daf4a"
11.8,1.5,0.173130193905817,"#4daf4a"
11.6,1.5,0.173130193905817,"#4daf4a"
11,5.5,5.74792243767313,"#4daf4a"
11.2,5.5,5.74792243767313,"#4daf4a"
11.4,5.5,5.74792243767313,"#4daf4a"
12,5.5,5.74792243767313,"#4daf4a"
11.8,5.5,5.74792243767313,"#4daf4a"
11.6,5.5,5.74792243767313,"#4daf4a"
12,6.4,2.70083102493075,"#ffd300"
12.2,6.4,2.70083102493075,"#ffd300"
12.4,6.4,2.70083102493075,"#ffd300"
13,6.4,2.70083102493075,"#ffd300"
12.8,6.4,2.70083102493075,"#ffd300"
12.6,6.4,2.70083102493075,"#ffd300"
12,6.4,0.311634349030471,"#f781bf"
12.2,6.2,0.311634349030471,"#f781bf"
12.4,6.2,0.311634349030471,"#f781bf"
13,4.6,0.311634349030471,"#ffd300"
12.8,4.8,0.311634349030471,"#ffd300"
12.6,4.8,0.311634349030471,"#ffd300"
12,6.4,0.242382271468144,"#AAAAAA"
12.2,5.8,0.242382271468144,"#AAAAAA"
12.4,5.8,0.242382271468144,"#AAAAAA"
13,1,0.242382271468144,"#ffd300"
12.8,1.6,0.242382271468144,"#ffd300"
12.6,1.6,0.242382271468144,"#ffd300"
12,6.4,1.59279778393352,"#4daf4a"
12.2,6.3,1.59279778393352,"#4daf4a"
12.4,6.3,1.59279778393352,"#4daf4a"
13,5.5,1.59279778393352,"#ffd300"
12.8,5.6,1.59279778393352,"#ffd300"
12.6,5.6,1.59279778393352,"#ffd300"
12,4.6,0.0692520775623269,"#ffd300"
12.2,4.8,0.0692520775623269,"#ffd300"
12.4,4.8,0.0692520775623269,"#ffd300"
13,6.4,0.0692520775623269,"#f781bf"
12.8,6.2,0.0692520775623269,"#f781bf"
12.6,6.2,0.0692520775623269,"#f781bf"
12,4.6,2.80470914127424,"#f781bf"
12.2,4.6,2.80470914127424,"#f781bf"
12.4,4.6,2.80470914127424,"#f781bf"
13,4.6,2.80470914127424,"#f781bf"
12.8,4.6,2.80470914127424,"#f781bf"
12.6,4.6,2.80470914127424,"#f781bf"
12,4.6,0.623268698060942,"#AAAAAA"
12.2,4.2,0.623268698060942,"#AAAAAA"
12.4,4.2,0.623268698060942,"#AAAAAA"
13,1,0.623268698060942,"#f781bf"
12.8,1.4,0.623268698060942,"#f781bf"
12.6,1.4,0.623268698060942,"#f781bf"
12,4.6,0.554016620498615,"#4daf4a"
12.2,4.7,0.554016620498615,"#4daf4a"
12.4,4.7,0.554016620498615,"#4daf4a"
13,5.5,0.554016620498615,"#f781bf"
12.8,5.4,0.554016620498615,"#f781bf"
12.6,5.4,0.554016620498615,"#f781bf"
12,1,0.277008310249307,"#ffd300"
12.2,1.6,0.277008310249307,"#ffd300"
12.4,1.6,0.277008310249307,"#ffd300"
13,6.4,0.277008310249307,"#AAAAAA"
12.8,5.8,0.277008310249307,"#AAAAAA"
12.6,5.8,0.277008310249307,"#AAAAAA"
12,1,0.207756232686981,"#f781bf"
12.2,1.4,0.207756232686981,"#f781bf"
12.4,1.4,0.207756232686981,"#f781bf"
13,4.6,0.207756232686981,"#AAAAAA"
12.8,4.2,0.207756232686981,"#AAAAAA"
12.6,4.2,0.207756232686981,"#AAAAAA"
12,1,68.2479224376731,"#AAAAAA"
12.2,1,68.2479224376731,"#AAAAAA"
12.4,1,68.2479224376731,"#AAAAAA"
13,1,68.2479224376731,"#AAAAAA"
12.8,1,68.2479224376731,"#AAAAAA"
12.6,1,68.2479224376731,"#AAAAAA"
12,1,0.311634349030471,"#4daf4a"
12.2,1.5,0.311634349030471,"#4daf4a"
12.4,1.5,0.311634349030471,"#4daf4a"
13,5.5,0.311634349030471,"#AAAAAA"
12.8,5,0.311634349030471,"#AAAAAA"
12.6,5,0.311634349030471,"#AAAAAA"
12,5.5,18.6980609418283,"#ffd300"
12.2,5.6,18.6980609418283,"#ffd300"
12.4,5.6,18.6980609418283,"#ffd300"
13,6.4,18.6980609418283,"#4daf4a"
12.8,6.3,18.6980609418283,"#4daf4a"
12.6,6.3,18.6980609418283,"#4daf4a"
12,5.5,0.657894736842105,"#f781bf"
12.2,5.4,0.657894736842105,"#f781bf"
12.4,5.4,0.657894736842105,"#f781bf"
13,4.6,0.657894736842105,"#4daf4a"
12.8,4.7,0.657894736842105,"#4daf4a"
12.6,4.7,0.657894736842105,"#4daf4a"
12,5.5,0.242382271468144,"#AAAAAA"
12.2,5,0.242382271468144,"#AAAAAA"
12.4,5,0.242382271468144,"#AAAAAA"
13,1,0.242382271468144,"#4daf4a"
12.8,1.5,0.242382271468144,"#4daf4a"
12.6,1.5,0.242382271468144,"#4daf4a"
12,5.5,2.4584487534626,"#4daf4a"
12.2,5.5,2.4584487534626,"#4daf4a"
12.4,5.5,2.4584487534626,"#4daf4a"
13,5.5,2.4584487534626,"#4daf4a"
12.8,5.5,2.4584487534626,"#4daf4a"
12.6,5.5,2.4584487534626,"#4daf4a"
13,6.4,3.42797783933518,"#ffd300"
13.2,6.4,3.42797783933518,"#ffd300"
13.4,6.4,3.42797783933518,"#ffd300"
14,6.4,3.42797783933518,"#ffd300"
13.8,6.4,3.42797783933518,"#ffd300"
13.6,6.4,3.42797783933518,"#ffd300"
13,6.4,0.242382271468144,"#f781bf"
13.2,6.2,0.242382271468144,"#f781bf"
13.4,6.2,0.242382271468144,"#f781bf"
14,4.6,0.242382271468144,"#ffd300"
13.8,4.8,0.242382271468144,"#ffd300"
13.6,4.8,0.242382271468144,"#ffd300"
13,6.4,1.07340720221607,"#AAAAAA"
13.2,5.8,1.07340720221607,"#AAAAAA"
13.4,5.8,1.07340720221607,"#AAAAAA"
14,1,1.07340720221607,"#ffd300"
13.8,1.6,1.07340720221607,"#ffd300"
13.6,1.6,1.07340720221607,"#ffd300"
13,6.4,17.0013850415512,"#4daf4a"
13.2,6.3,17.0013850415512,"#4daf4a"
13.4,6.3,17.0013850415512,"#4daf4a"
14,5.5,17.0013850415512,"#ffd300"
13.8,5.6,17.0013850415512,"#ffd300"
13.6,5.6,17.0013850415512,"#ffd300"
13,4.6,1.14265927977839,"#ffd300"
13.2,4.8,1.14265927977839,"#ffd300"
13.4,4.8,1.14265927977839,"#ffd300"
14,6.4,1.14265927977839,"#f781bf"
13.8,6.2,1.14265927977839,"#f781bf"
13.6,6.2,1.14265927977839,"#f781bf"
13,4.6,2.14681440443213,"#f781bf"
13.2,4.6,2.14681440443213,"#f781bf"
13.4,4.6,2.14681440443213,"#f781bf"
14,4.6,2.14681440443213,"#f781bf"
13.8,4.6,2.14681440443213,"#f781bf"
13.6,4.6,2.14681440443213,"#f781bf"
13,4.6,0.969529085872576,"#AAAAAA"
13.2,4.2,0.969529085872576,"#AAAAAA"
13.4,4.2,0.969529085872576,"#AAAAAA"
14,1,0.969529085872576,"#f781bf"
13.8,1.4,0.969529085872576,"#f781bf"
13.6,1.4,0.969529085872576,"#f781bf"
13,4.6,0.346260387811634,"#4daf4a"
13.2,4.7,0.346260387811634,"#4daf4a"
13.4,4.7,0.346260387811634,"#4daf4a"
14,5.5,0.346260387811634,"#f781bf"
13.8,5.4,0.346260387811634,"#f781bf"
13.6,5.4,0.346260387811634,"#f781bf"
13,1,0.207756232686981,"#ffd300"
13.2,1.6,0.207756232686981,"#ffd300"
13.4,1.6,0.207756232686981,"#ffd300"
14,6.4,0.207756232686981,"#AAAAAA"
13.8,5.8,0.207756232686981,"#AAAAAA"
13.6,5.8,0.207756232686981,"#AAAAAA"
13,1,68.1786703601108,"#AAAAAA"
13.2,1,68.1786703601108,"#AAAAAA"
13.4,1,68.1786703601108,"#AAAAAA"
14,1,68.1786703601108,"#AAAAAA"
13.8,1,68.1786703601108,"#AAAAAA"
13.6,1,68.1786703601108,"#AAAAAA"
13,1,0.346260387811634,"#4daf4a"
13.2,1.5,0.346260387811634,"#4daf4a"
13.4,1.5,0.346260387811634,"#4daf4a"
14,5.5,0.346260387811634,"#AAAAAA"
13.8,5,0.346260387811634,"#AAAAAA"
13.6,5,0.346260387811634,"#AAAAAA"
13,5.5,2.28531855955679,"#ffd300"
13.2,5.6,2.28531855955679,"#ffd300"
13.4,5.6,2.28531855955679,"#ffd300"
14,6.4,2.28531855955679,"#4daf4a"
13.8,6.3,2.28531855955679,"#4daf4a"
13.6,6.3,2.28531855955679,"#4daf4a"
13,5.5,1.17728531855956,"#f781bf"
13.2,5.4,1.17728531855956,"#f781bf"
13.4,5.4,1.17728531855956,"#f781bf"
14,4.6,1.17728531855956,"#4daf4a"
13.8,4.7,1.17728531855956,"#4daf4a"
13.6,4.7,1.17728531855956,"#4daf4a"
13,5.5,0.242382271468144,"#AAAAAA"
13.2,5,0.242382271468144,"#AAAAAA"
13.4,5,0.242382271468144,"#AAAAAA"
14,1,0.242382271468144,"#4daf4a"
13.8,1.5,0.242382271468144,"#4daf4a"
13.6,1.5,0.242382271468144,"#4daf4a"
13,5.5,1.21191135734072,"#4daf4a"
13.2,5.5,1.21191135734072,"#4daf4a"
13.4,5.5,1.21191135734072,"#4daf4a"
14,5.5,1.21191135734072,"#4daf4a"
13.8,5.5,1.21191135734072,"#4daf4a"
13.6,5.5,1.21191135734072,"#4daf4a"
