"xCoords","yCoords","width","colorToUse"
1,6.4,0.0343288705801579,"#4daf4a"
1.2,6.3,0.0343288705801579,"#4daf4a"
1.4,6.3,0.0343288705801579,"#4daf4a"
2,5.5,0.0343288705801579,"#ffd300"
1.8,5.6,0.0343288705801579,"#ffd300"
1.6,5.6,0.0343288705801579,"#ffd300"
1,6.4,0.137315482320632,"#a65628"
1.2,6.1,0.137315482320632,"#a65628"
1.4,6.1,0.137315482320632,"#a65628"
2,3.7,0.137315482320632,"#ffd300"
1.8,4,0.137315482320632,"#ffd300"
1.6,4,0.137315482320632,"#ffd300"
1,1.9,0.0343288705801579,"#4daf4a"
1.2,2.3,0.0343288705801579,"#4daf4a"
1.4,2.3,0.0343288705801579,"#4daf4a"
2,5.5,0.0343288705801579,"#e41a1c"
1.8,5.1,0.0343288705801579,"#e41a1c"
1.6,5.1,0.0343288705801579,"#e41a1c"
1,1.9,5.73292138688637,"#a65628"
1.2,2.1,5.73292138688637,"#a65628"
1.4,2.1,5.73292138688637,"#a65628"
2,3.7,5.73292138688637,"#e41a1c"
1.8,3.5,5.73292138688637,"#e41a1c"
1.6,3.5,5.73292138688637,"#e41a1c"
1,4.6,0.0343288705801579,"#4daf4a"
1.2,4.7,0.0343288705801579,"#4daf4a"
1.4,4.7,0.0343288705801579,"#4daf4a"
2,5.5,0.0343288705801579,"#f781bf"
1.8,5.4,0.0343288705801579,"#f781bf"
1.6,5.4,0.0343288705801579,"#f781bf"
1,1,0.0343288705801579,"#ffd300"
1.2,1.6,0.0343288705801579,"#ffd300"
1.4,1.6,0.0343288705801579,"#ffd300"
2,6.4,0.0343288705801579,"#AAAAAA"
1.8,5.8,0.0343288705801579,"#AAAAAA"
1.6,5.8,0.0343288705801579,"#AAAAAA"
1,1,0.0343288705801579,"#f781bf"
1.2,1.4,0.0343288705801579,"#f781bf"
1.4,1.4,0.0343288705801579,"#f781bf"
2,4.6,0.0343288705801579,"#AAAAAA"
1.8,4.2,0.0343288705801579,"#AAAAAA"
1.6,4.2,0.0343288705801579,"#AAAAAA"
1,1,5.35530381050463,"#AAAAAA"
1.2,1,5.35530381050463,"#AAAAAA"
1.4,1,5.35530381050463,"#AAAAAA"
2,1,5.35530381050463,"#AAAAAA"
1.8,1,5.35530381050463,"#AAAAAA"
1.6,1,5.35530381050463,"#AAAAAA"
1,1,0.137315482320632,"#4daf4a"
1.2,1.5,0.137315482320632,"#4daf4a"
1.4,1.5,0.137315482320632,"#4daf4a"
2,5.5,0.137315482320632,"#AAAAAA"
1.8,5,0.137315482320632,"#AAAAAA"
1.6,5,0.137315482320632,"#AAAAAA"
1,1,0.99553724682458,"#a65628"
1.2,1.3,0.99553724682458,"#a65628"
1.4,1.3,0.99553724682458,"#a65628"
2,3.7,0.99553724682458,"#AAAAAA"
1.8,3.4,0.99553724682458,"#AAAAAA"
1.6,3.4,0.99553724682458,"#AAAAAA"
1,5.5,0.137315482320632,"#4daf4a"
1.2,5.5,0.137315482320632,"#4daf4a"
1.4,5.5,0.137315482320632,"#4daf4a"
2,5.5,0.137315482320632,"#4daf4a"
1.8,5.5,0.137315482320632,"#4daf4a"
1.6,5.5,0.137315482320632,"#4daf4a"
1,5.5,5.69859251630621,"#a65628"
1.2,5.3,5.69859251630621,"#a65628"
1.4,5.3,5.69859251630621,"#a65628"
2,3.7,5.69859251630621,"#4daf4a"
1.8,3.9,5.69859251630621,"#4daf4a"
1.6,3.9,5.69859251630621,"#4daf4a"
1,5.5,0.0686577411603158,"#377eb8"
1.2,5.2,0.0686577411603158,"#377eb8"
1.4,5.2,0.0686577411603158,"#377eb8"
2,2.8,0.0686577411603158,"#4daf4a"
1.8,3.1,0.0686577411603158,"#4daf4a"
1.6,3.1,0.0686577411603158,"#4daf4a"
1,3.7,0.0343288705801579,"#ffd300"
1.2,4,0.0343288705801579,"#ffd300"
1.4,4,0.0343288705801579,"#ffd300"
2,6.4,0.0343288705801579,"#a65628"
1.8,6.1,0.0343288705801579,"#a65628"
1.6,6.1,0.0343288705801579,"#a65628"
1,3.7,0.240302094061105,"#e41a1c"
1.2,3.5,0.240302094061105,"#e41a1c"
1.4,3.5,0.240302094061105,"#e41a1c"
2,1.9,0.240302094061105,"#a65628"
1.8,2.1,0.240302094061105,"#a65628"
1.6,2.1,0.240302094061105,"#a65628"
1,3.7,0.17164435290079,"#AAAAAA"
1.2,3.4,0.17164435290079,"#AAAAAA"
1.4,3.4,0.17164435290079,"#AAAAAA"
2,1,0.17164435290079,"#a65628"
1.8,1.3,0.17164435290079,"#a65628"
1.6,1.3,0.17164435290079,"#a65628"
1,3.7,11.0195674562307,"#4daf4a"
1.2,3.9,11.0195674562307,"#4daf4a"
1.4,3.9,11.0195674562307,"#4daf4a"
2,5.5,11.0195674562307,"#a65628"
1.8,5.3,11.0195674562307,"#a65628"
1.6,5.3,11.0195674562307,"#a65628"
1,3.7,1.51047030552695,"#a65628"
1.2,3.7,1.51047030552695,"#a65628"
1.4,3.7,1.51047030552695,"#a65628"
2,3.7,1.51047030552695,"#a65628"
1.8,3.7,1.51047030552695,"#a65628"
1.6,3.7,1.51047030552695,"#a65628"
1,3.7,22.0391349124614,"#377eb8"
1.2,3.6,22.0391349124614,"#377eb8"
1.4,3.6,22.0391349124614,"#377eb8"
2,2.8,22.0391349124614,"#a65628"
1.8,2.9,22.0391349124614,"#a65628"
1.6,2.9,22.0391349124614,"#a65628"
1,2.8,0.102986611740474,"#4daf4a"
1.2,3.1,0.102986611740474,"#4daf4a"
1.4,3.1,0.102986611740474,"#4daf4a"
2,5.5,0.102986611740474,"#377eb8"
1.8,5.2,0.102986611740474,"#377eb8"
1.6,5.2,0.102986611740474,"#377eb8"
1,2.8,46.2753175420529,"#a65628"
1.2,2.9,46.2753175420529,"#a65628"
1.4,2.9,46.2753175420529,"#a65628"
2,3.7,46.2753175420529,"#377eb8"
1.8,3.6,46.2753175420529,"#377eb8"
1.6,3.6,46.2753175420529,"#377eb8"
1,2.8,0.17164435290079,"#377eb8"
1.2,2.8,0.17164435290079,"#377eb8"
1.4,2.8,0.17164435290079,"#377eb8"
2,2.8,0.17164435290079,"#377eb8"
1.8,2.8,0.17164435290079,"#377eb8"
1.6,2.8,0.17164435290079,"#377eb8"
2,6.4,0.0686577411603158,"#AAAAAA"
2.2,5.8,0.0686577411603158,"#AAAAAA"
2.4,5.8,0.0686577411603158,"#AAAAAA"
3,1,0.0686577411603158,"#ffd300"
2.8,1.6,0.0686577411603158,"#ffd300"
2.6,1.6,0.0686577411603158,"#ffd300"
2,1.9,0.0343288705801579,"#AAAAAA"
2.2,1.8,0.0343288705801579,"#AAAAAA"
2.4,1.8,0.0343288705801579,"#AAAAAA"
3,1,0.0343288705801579,"#e41a1c"
2.8,1.1,0.0343288705801579,"#e41a1c"
2.6,1.1,0.0343288705801579,"#e41a1c"
2,1.9,0.0343288705801579,"#4daf4a"
2.2,2.3,0.0343288705801579,"#4daf4a"
2.4,2.3,0.0343288705801579,"#4daf4a"
3,5.5,0.0343288705801579,"#e41a1c"
2.8,5.1,0.0343288705801579,"#e41a1c"
2.6,5.1,0.0343288705801579,"#e41a1c"
2,1.9,0.17164435290079,"#a65628"
2.2,2.1,0.17164435290079,"#a65628"
2.4,2.1,0.17164435290079,"#a65628"
3,3.7,0.17164435290079,"#e41a1c"
2.8,3.5,0.17164435290079,"#e41a1c"
2.6,3.5,0.17164435290079,"#e41a1c"
2,4.6,0.0343288705801579,"#AAAAAA"
2.2,4.2,0.0343288705801579,"#AAAAAA"
2.4,4.2,0.0343288705801579,"#AAAAAA"
3,1,0.0343288705801579,"#f781bf"
2.8,1.4,0.0343288705801579,"#f781bf"
2.6,1.4,0.0343288705801579,"#f781bf"
2,1,0.0343288705801579,"#f781bf"
2.2,1.4,0.0343288705801579,"#f781bf"
2.4,1.4,0.0343288705801579,"#f781bf"
3,4.6,0.0343288705801579,"#AAAAAA"
2.8,4.2,0.0343288705801579,"#AAAAAA"
2.6,4.2,0.0343288705801579,"#AAAAAA"
2,1,5.45829042224511,"#AAAAAA"
2.2,1,5.45829042224511,"#AAAAAA"
2.4,1,5.45829042224511,"#AAAAAA"
3,1,5.45829042224511,"#AAAAAA"
2.8,1,5.45829042224511,"#AAAAAA"
2.6,1,5.45829042224511,"#AAAAAA"
2,1,0.0343288705801579,"#a65628"
2.2,1.3,0.0343288705801579,"#a65628"
2.4,1.3,0.0343288705801579,"#a65628"
3,3.7,0.0343288705801579,"#AAAAAA"
2.8,3.4,0.0343288705801579,"#AAAAAA"
2.6,3.4,0.0343288705801579,"#AAAAAA"
2,5.5,0.514933058702369,"#AAAAAA"
2.2,5,0.514933058702369,"#AAAAAA"
2.4,5,0.514933058702369,"#AAAAAA"
3,1,0.514933058702369,"#4daf4a"
2.8,1.5,0.514933058702369,"#4daf4a"
2.6,1.5,0.514933058702369,"#4daf4a"
2,5.5,0.343288705801579,"#4daf4a"
2.2,5.5,0.343288705801579,"#4daf4a"
2.4,5.5,0.343288705801579,"#4daf4a"
3,5.5,0.343288705801579,"#4daf4a"
2.8,5.5,0.343288705801579,"#4daf4a"
2.6,5.5,0.343288705801579,"#4daf4a"
2,5.5,10.641949879849,"#a65628"
2.2,5.3,10.641949879849,"#a65628"
2.4,5.3,10.641949879849,"#a65628"
3,3.7,10.641949879849,"#4daf4a"
2.8,3.9,10.641949879849,"#4daf4a"
2.6,3.9,10.641949879849,"#4daf4a"
2,3.7,6.14486783384827,"#e41a1c"
2.2,3.5,6.14486783384827,"#e41a1c"
2.4,3.5,6.14486783384827,"#e41a1c"
3,1.9,6.14486783384827,"#a65628"
2.8,2.1,6.14486783384827,"#a65628"
2.6,2.1,6.14486783384827,"#a65628"
2,3.7,1.20151047030553,"#AAAAAA"
2.2,3.4,1.20151047030553,"#AAAAAA"
2.4,3.4,1.20151047030553,"#AAAAAA"
3,1,1.20151047030553,"#a65628"
2.8,1.3,1.20151047030553,"#a65628"
2.6,1.3,1.20151047030553,"#a65628"
2,3.7,25.7123240645383,"#4daf4a"
2.2,3.9,25.7123240645383,"#4daf4a"
2.4,3.9,25.7123240645383,"#4daf4a"
3,5.5,25.7123240645383,"#a65628"
2.8,5.3,25.7123240645383,"#a65628"
2.6,5.3,25.7123240645383,"#a65628"
2,3.7,27.2914521112255,"#a65628"
2.2,3.7,27.2914521112255,"#a65628"
2.4,3.7,27.2914521112255,"#a65628"
3,3.7,27.2914521112255,"#a65628"
2.8,3.7,27.2914521112255,"#a65628"
2.6,3.7,27.2914521112255,"#a65628"
2,2.8,22.2794370065225,"#a65628"
2.2,2.9,22.2794370065225,"#a65628"
2.4,2.9,22.2794370065225,"#a65628"
3,3.7,22.2794370065225,"#377eb8"
2.8,3.6,22.2794370065225,"#377eb8"
2.6,3.6,22.2794370065225,"#377eb8"
3,1.9,0.0686577411603158,"#4daf4a"
3.2,2.3,0.0686577411603158,"#4daf4a"
3.4,2.3,0.0686577411603158,"#4daf4a"
4,5.5,0.0686577411603158,"#e41a1c"
3.8,5.1,0.0686577411603158,"#e41a1c"
3.6,5.1,0.0686577411603158,"#e41a1c"
3,1.9,6.07621009268795,"#a65628"
3.2,2.1,6.07621009268795,"#a65628"
3.4,2.1,6.07621009268795,"#a65628"
4,3.7,6.07621009268795,"#e41a1c"
3.8,3.5,6.07621009268795,"#e41a1c"
3.6,3.5,6.07621009268795,"#e41a1c"
3,4.6,0.0343288705801579,"#AAAAAA"
3.2,4.2,0.0343288705801579,"#AAAAAA"
3.4,4.2,0.0343288705801579,"#AAAAAA"
4,1,0.0343288705801579,"#f781bf"
3.8,1.4,0.0343288705801579,"#f781bf"
3.6,1.4,0.0343288705801579,"#f781bf"
3,1,0.0343288705801579,"#ffd300"
3.2,1.6,0.0343288705801579,"#ffd300"
3.4,1.6,0.0343288705801579,"#ffd300"
4,6.4,0.0343288705801579,"#AAAAAA"
3.8,5.8,0.0343288705801579,"#AAAAAA"
3.6,5.8,0.0343288705801579,"#AAAAAA"
3,1,0.0343288705801579,"#e41a1c"
3.2,1.1,0.0343288705801579,"#e41a1c"
3.4,1.1,0.0343288705801579,"#e41a1c"
4,1.9,0.0343288705801579,"#AAAAAA"
3.8,1.8,0.0343288705801579,"#AAAAAA"
3.6,1.8,0.0343288705801579,"#AAAAAA"
3,1,0.102986611740474,"#f781bf"
3.2,1.4,0.102986611740474,"#f781bf"
3.4,1.4,0.102986611740474,"#f781bf"
4,4.6,0.102986611740474,"#AAAAAA"
3.8,4.2,0.102986611740474,"#AAAAAA"
3.6,4.2,0.102986611740474,"#AAAAAA"
3,1,5.56127703398558,"#AAAAAA"
3.2,1,5.56127703398558,"#AAAAAA"
3.4,1,5.56127703398558,"#AAAAAA"
4,1,5.56127703398558,"#AAAAAA"
3.8,1,5.56127703398558,"#AAAAAA"
3.6,1,5.56127703398558,"#AAAAAA"
3,1,0.961208376244422,"#4daf4a"
3.2,1.5,0.961208376244422,"#4daf4a"
3.4,1.5,0.961208376244422,"#4daf4a"
4,5.5,0.961208376244422,"#AAAAAA"
3.8,5,0.961208376244422,"#AAAAAA"
3.6,5,0.961208376244422,"#AAAAAA"
3,1,0.240302094061105,"#a65628"
3.2,1.3,0.240302094061105,"#a65628"
3.4,1.3,0.240302094061105,"#a65628"
4,3.7,0.240302094061105,"#AAAAAA"
3.8,3.4,0.240302094061105,"#AAAAAA"
3.6,3.4,0.240302094061105,"#AAAAAA"
3,1,0.377617576381737,"#377eb8"
3.2,1.2,0.377617576381737,"#377eb8"
3.4,1.2,0.377617576381737,"#377eb8"
4,2.8,0.377617576381737,"#AAAAAA"
3.8,2.6,0.377617576381737,"#AAAAAA"
3.6,2.6,0.377617576381737,"#AAAAAA"
3,5.5,0.0343288705801579,"#e41a1c"
3.2,5.1,0.0343288705801579,"#e41a1c"
3.4,5.1,0.0343288705801579,"#e41a1c"
4,1.9,0.0343288705801579,"#4daf4a"
3.8,2.3,0.0343288705801579,"#4daf4a"
3.6,2.3,0.0343288705801579,"#4daf4a"
3,5.5,0.17164435290079,"#AAAAAA"
3.2,5,0.17164435290079,"#AAAAAA"
3.4,5,0.17164435290079,"#AAAAAA"
4,1,0.17164435290079,"#4daf4a"
3.8,1.5,0.17164435290079,"#4daf4a"
3.6,1.5,0.17164435290079,"#4daf4a"
3,5.5,2.40302094061105,"#4daf4a"
3.2,5.5,2.40302094061105,"#4daf4a"
3.4,5.5,2.40302094061105,"#4daf4a"
4,5.5,2.40302094061105,"#4daf4a"
3.8,5.5,2.40302094061105,"#4daf4a"
3.6,5.5,2.40302094061105,"#4daf4a"
3,5.5,23.4466186062479,"#a65628"
3.2,5.3,23.4466186062479,"#a65628"
3.4,5.3,23.4466186062479,"#a65628"
4,3.7,23.4466186062479,"#4daf4a"
3.8,3.9,23.4466186062479,"#4daf4a"
3.6,3.9,23.4466186062479,"#4daf4a"
3,5.5,0.0343288705801579,"#377eb8"
3.2,5.2,0.0343288705801579,"#377eb8"
3.4,5.2,0.0343288705801579,"#377eb8"
4,2.8,0.0343288705801579,"#4daf4a"
3.8,3.1,0.0343288705801579,"#4daf4a"
3.6,3.1,0.0343288705801579,"#4daf4a"
3,3.7,1.57912804668726,"#ffd300"
3.2,4,1.57912804668726,"#ffd300"
3.4,4,1.57912804668726,"#ffd300"
4,6.4,1.57912804668726,"#a65628"
3.8,6.1,1.57912804668726,"#a65628"
3.6,6.1,1.57912804668726,"#a65628"
3,3.7,0.480604188122211,"#AAAAAA"
3.2,3.4,0.480604188122211,"#AAAAAA"
3.4,3.4,0.480604188122211,"#AAAAAA"
4,1,0.480604188122211,"#a65628"
3.8,1.3,0.480604188122211,"#a65628"
3.6,1.3,0.480604188122211,"#a65628"
3,3.7,41.1259869550292,"#4daf4a"
3.2,3.9,41.1259869550292,"#4daf4a"
3.4,3.9,41.1259869550292,"#4daf4a"
4,5.5,41.1259869550292,"#a65628"
3.8,5.3,41.1259869550292,"#a65628"
3.6,5.3,41.1259869550292,"#a65628"
3,3.7,6.17919670442842,"#a65628"
3.2,3.7,6.17919670442842,"#a65628"
3.4,3.7,6.17919670442842,"#a65628"
4,3.7,6.17919670442842,"#a65628"
3.8,3.7,6.17919670442842,"#a65628"
3.6,3.7,6.17919670442842,"#a65628"
3,3.7,11.0538963268108,"#377eb8"
3.2,3.6,11.0538963268108,"#377eb8"
3.4,3.6,11.0538963268108,"#377eb8"
4,2.8,11.0538963268108,"#a65628"
3.8,2.9,11.0538963268108,"#a65628"
3.6,2.9,11.0538963268108,"#a65628"
4,6.4,0.102986611740474,"#e41a1c"
4.2,5.9,0.102986611740474,"#e41a1c"
4.4,5.9,0.102986611740474,"#e41a1c"
5,1.9,0.102986611740474,"#ffd300"
4.8,2.4,0.102986611740474,"#ffd300"
4.6,2.4,0.102986611740474,"#ffd300"
4,6.4,1.51047030552695,"#4daf4a"
4.2,6.3,1.51047030552695,"#4daf4a"
4.4,6.3,1.51047030552695,"#4daf4a"
5,5.5,1.51047030552695,"#ffd300"
4.8,5.6,1.51047030552695,"#ffd300"
4.6,5.6,1.51047030552695,"#ffd300"
4,1.9,0.0686577411603158,"#e41a1c"
4.2,1.9,0.0686577411603158,"#e41a1c"
4.4,1.9,0.0686577411603158,"#e41a1c"
5,1.9,0.0686577411603158,"#e41a1c"
4.8,1.9,0.0686577411603158,"#e41a1c"
4.6,1.9,0.0686577411603158,"#e41a1c"
4,4.6,0.137315482320632,"#f781bf"
4.2,4.6,0.137315482320632,"#f781bf"
4.4,4.6,0.137315482320632,"#f781bf"
5,4.6,0.137315482320632,"#f781bf"
4.8,4.6,0.137315482320632,"#f781bf"
4.6,4.6,0.137315482320632,"#f781bf"
4,4.6,0.0343288705801579,"#a65628"
4.2,4.5,0.0343288705801579,"#a65628"
4.4,4.5,0.0343288705801579,"#a65628"
5,3.7,0.0343288705801579,"#f781bf"
4.8,3.8,0.0343288705801579,"#f781bf"
4.6,3.8,0.0343288705801579,"#f781bf"
4,1,0.137315482320632,"#e41a1c"
4.2,1.1,0.137315482320632,"#e41a1c"
4.4,1.1,0.137315482320632,"#e41a1c"
5,1.9,0.137315482320632,"#AAAAAA"
4.8,1.8,0.137315482320632,"#AAAAAA"
4.6,1.8,0.137315482320632,"#AAAAAA"
4,1,0.0686577411603158,"#f781bf"
4.2,1.4,0.0686577411603158,"#f781bf"
4.4,1.4,0.0686577411603158,"#f781bf"
5,4.6,0.0686577411603158,"#AAAAAA"
4.8,4.2,0.0686577411603158,"#AAAAAA"
4.6,4.2,0.0686577411603158,"#AAAAAA"
4,1,5.42396155166495,"#AAAAAA"
4.2,1,5.42396155166495,"#AAAAAA"
4.4,1,5.42396155166495,"#AAAAAA"
5,1,5.42396155166495,"#AAAAAA"
4.8,1,5.42396155166495,"#AAAAAA"
4.6,1,5.42396155166495,"#AAAAAA"
4,1,0.377617576381737,"#4daf4a"
4.2,1.5,0.377617576381737,"#4daf4a"
4.4,1.5,0.377617576381737,"#4daf4a"
5,5.5,0.377617576381737,"#AAAAAA"
4.8,5,0.377617576381737,"#AAAAAA"
4.6,5,0.377617576381737,"#AAAAAA"
4,1,0.0343288705801579,"#a65628"
4.2,1.3,0.0343288705801579,"#a65628"
4.4,1.3,0.0343288705801579,"#a65628"
5,3.7,0.0343288705801579,"#AAAAAA"
4.8,3.4,0.0343288705801579,"#AAAAAA"
4.6,3.4,0.0343288705801579,"#AAAAAA"
4,1,0.137315482320632,"#377eb8"
4.2,1.2,0.137315482320632,"#377eb8"
4.4,1.2,0.137315482320632,"#377eb8"
5,2.8,0.137315482320632,"#AAAAAA"
4.8,2.6,0.137315482320632,"#AAAAAA"
4.6,2.6,0.137315482320632,"#AAAAAA"
4,5.5,1.09852385856505,"#e41a1c"
4.2,5.1,1.09852385856505,"#e41a1c"
4.4,5.1,1.09852385856505,"#e41a1c"
5,1.9,1.09852385856505,"#4daf4a"
4.8,2.3,1.09852385856505,"#4daf4a"
4.6,2.3,1.09852385856505,"#4daf4a"
4,5.5,0.0686577411603158,"#f781bf"
4.2,5.4,0.0686577411603158,"#f781bf"
4.4,5.4,0.0686577411603158,"#f781bf"
5,4.6,0.0686577411603158,"#4daf4a"
4.8,4.7,0.0686577411603158,"#4daf4a"
4.6,4.7,0.0686577411603158,"#4daf4a"
4,5.5,0.205973223480947,"#AAAAAA"
4.2,5,0.205973223480947,"#AAAAAA"
4.4,5,0.205973223480947,"#AAAAAA"
5,1,0.205973223480947,"#4daf4a"
4.8,1.5,0.205973223480947,"#4daf4a"
4.6,1.5,0.205973223480947,"#4daf4a"
4,5.5,6.00755235152764,"#4daf4a"
4.2,5.5,6.00755235152764,"#4daf4a"
4.4,5.5,6.00755235152764,"#4daf4a"
5,5.5,6.00755235152764,"#4daf4a"
4.8,5.5,6.00755235152764,"#4daf4a"
4.6,5.5,6.00755235152764,"#4daf4a"
4,5.5,35.0841057329214,"#a65628"
4.2,5.3,35.0841057329214,"#a65628"
4.4,5.3,35.0841057329214,"#a65628"
5,3.7,35.0841057329214,"#4daf4a"
4.8,3.9,35.0841057329214,"#4daf4a"
4.6,3.9,35.0841057329214,"#4daf4a"
4,5.5,2.09406110538963,"#377eb8"
4.2,5.2,2.09406110538963,"#377eb8"
4.4,5.2,2.09406110538963,"#377eb8"
5,2.8,2.09406110538963,"#4daf4a"
4.8,3.1,2.09406110538963,"#4daf4a"
4.6,3.1,2.09406110538963,"#4daf4a"
4,3.7,7.65533813937521,"#e41a1c"
4.2,3.5,7.65533813937521,"#e41a1c"
4.4,3.5,7.65533813937521,"#e41a1c"
5,1.9,7.65533813937521,"#a65628"
4.8,2.1,7.65533813937521,"#a65628"
4.6,2.1,7.65533813937521,"#a65628"
4,3.7,0.0343288705801579,"#f781bf"
4.2,3.8,0.0343288705801579,"#f781bf"
4.4,3.8,0.0343288705801579,"#f781bf"
5,4.6,0.0343288705801579,"#a65628"
4.8,4.5,0.0343288705801579,"#a65628"
4.6,4.5,0.0343288705801579,"#a65628"
4,3.7,0.411946446961895,"#AAAAAA"
4.2,3.4,0.411946446961895,"#AAAAAA"
4.4,3.4,0.411946446961895,"#AAAAAA"
5,1,0.411946446961895,"#a65628"
4.8,1.3,0.411946446961895,"#a65628"
4.6,1.3,0.411946446961895,"#a65628"
4,3.7,6.21352557500858,"#4daf4a"
4.2,3.9,6.21352557500858,"#4daf4a"
4.4,3.9,6.21352557500858,"#4daf4a"
5,5.5,6.21352557500858,"#a65628"
4.8,5.3,6.21352557500858,"#a65628"
4.6,5.3,6.21352557500858,"#a65628"
4,3.7,0.858221764503948,"#a65628"
4.2,3.7,0.858221764503948,"#a65628"
4.4,3.7,0.858221764503948,"#a65628"
5,3.7,0.858221764503948,"#a65628"
4.8,3.7,0.858221764503948,"#a65628"
4.6,3.7,0.858221764503948,"#a65628"
4,3.7,20.7689667009955,"#377eb8"
4.2,3.6,20.7689667009955,"#377eb8"
4.4,3.6,20.7689667009955,"#377eb8"
5,2.8,20.7689667009955,"#a65628"
4.8,2.9,20.7689667009955,"#a65628"
4.6,2.9,20.7689667009955,"#a65628"
4,2.8,0.102986611740474,"#e41a1c"
4.2,2.7,0.102986611740474,"#e41a1c"
4.4,2.7,0.102986611740474,"#e41a1c"
5,1.9,0.102986611740474,"#377eb8"
4.8,2,0.102986611740474,"#377eb8"
4.6,2,0.102986611740474,"#377eb8"
4,2.8,11.3285272914521,"#4daf4a"
4.2,3.1,11.3285272914521,"#4daf4a"
4.4,3.1,11.3285272914521,"#4daf4a"
5,5.5,11.3285272914521,"#377eb8"
4.8,5.2,11.3285272914521,"#377eb8"
4.6,5.2,11.3285272914521,"#377eb8"
4,2.8,0.0343288705801579,"#377eb8"
4.2,2.8,0.0343288705801579,"#377eb8"
4.4,2.8,0.0343288705801579,"#377eb8"
5,2.8,0.0343288705801579,"#377eb8"
4.8,2.8,0.0343288705801579,"#377eb8"
4.6,2.8,0.0343288705801579,"#377eb8"
5,1.9,0.0343288705801579,"#AAAAAA"
5.2,1.8,0.0343288705801579,"#AAAAAA"
5.4,1.8,0.0343288705801579,"#AAAAAA"
6,1,0.0343288705801579,"#e41a1c"
5.8,1.1,0.0343288705801579,"#e41a1c"
5.6,1.1,0.0343288705801579,"#e41a1c"
5,1.9,0.0343288705801579,"#4daf4a"
5.2,2.3,0.0343288705801579,"#4daf4a"
5.4,2.3,0.0343288705801579,"#4daf4a"
6,5.5,0.0343288705801579,"#e41a1c"
5.8,5.1,0.0343288705801579,"#e41a1c"
5.6,5.1,0.0343288705801579,"#e41a1c"
5,1.9,9.09715070374185,"#a65628"
5.2,2.1,9.09715070374185,"#a65628"
5.4,2.1,9.09715070374185,"#a65628"
6,3.7,9.09715070374185,"#e41a1c"
5.8,3.5,9.09715070374185,"#e41a1c"
5.6,3.5,9.09715070374185,"#e41a1c"
5,4.6,0.0343288705801579,"#ffd300"
5.2,4.8,0.0343288705801579,"#ffd300"
5.4,4.8,0.0343288705801579,"#ffd300"
6,6.4,0.0343288705801579,"#f781bf"
5.8,6.2,0.0343288705801579,"#f781bf"
5.6,6.2,0.0343288705801579,"#f781bf"
5,4.6,0.0686577411603158,"#f781bf"
5.2,4.6,0.0686577411603158,"#f781bf"
5.4,4.6,0.0686577411603158,"#f781bf"
6,4.6,0.0686577411603158,"#f781bf"
5.8,4.6,0.0686577411603158,"#f781bf"
5.6,4.6,0.0686577411603158,"#f781bf"
5,4.6,0.137315482320632,"#AAAAAA"
5.2,4.2,0.137315482320632,"#AAAAAA"
5.4,4.2,0.137315482320632,"#AAAAAA"
6,1,0.137315482320632,"#f781bf"
5.8,1.4,0.137315482320632,"#f781bf"
5.6,1.4,0.137315482320632,"#f781bf"
5,4.6,0.0686577411603158,"#4daf4a"
5.2,4.7,0.0686577411603158,"#4daf4a"
5.4,4.7,0.0686577411603158,"#4daf4a"
6,5.5,0.0686577411603158,"#f781bf"
5.8,5.4,0.0686577411603158,"#f781bf"
5.6,5.4,0.0686577411603158,"#f781bf"
5,4.6,0.0343288705801579,"#a65628"
5.2,4.5,0.0343288705801579,"#a65628"
5.4,4.5,0.0343288705801579,"#a65628"
6,3.7,0.0343288705801579,"#f781bf"
5.8,3.8,0.0343288705801579,"#f781bf"
5.6,3.8,0.0343288705801579,"#f781bf"
5,1,5.45829042224511,"#AAAAAA"
5.2,1,5.45829042224511,"#AAAAAA"
5.4,1,5.45829042224511,"#AAAAAA"
6,1,5.45829042224511,"#AAAAAA"
5.8,1,5.45829042224511,"#AAAAAA"
5.6,1,5.45829042224511,"#AAAAAA"
5,1,0.549261929282527,"#a65628"
5.2,1.3,0.549261929282527,"#a65628"
5.4,1.3,0.549261929282527,"#a65628"
6,3.7,0.549261929282527,"#AAAAAA"
5.8,3.4,0.549261929282527,"#AAAAAA"
5.6,3.4,0.549261929282527,"#AAAAAA"
5,5.5,0.0343288705801579,"#4daf4a"
5.2,5.5,0.0343288705801579,"#4daf4a"
5.4,5.5,0.0343288705801579,"#4daf4a"
6,5.5,0.0343288705801579,"#4daf4a"
5.8,5.5,0.0343288705801579,"#4daf4a"
5.6,5.5,0.0343288705801579,"#4daf4a"
5,5.5,25.4033642293169,"#a65628"
5.2,5.3,25.4033642293169,"#a65628"
5.4,5.3,25.4033642293169,"#a65628"
6,3.7,25.4033642293169,"#4daf4a"
5.8,3.9,25.4033642293169,"#4daf4a"
5.6,3.9,25.4033642293169,"#4daf4a"
5,3.7,0.102986611740474,"#ffd300"
5.2,4,0.102986611740474,"#ffd300"
5.4,4,0.102986611740474,"#ffd300"
6,6.4,0.102986611740474,"#a65628"
5.8,6.1,0.102986611740474,"#a65628"
5.6,6.1,0.102986611740474,"#a65628"
5,3.7,0.0343288705801579,"#f781bf"
5.2,3.8,0.0343288705801579,"#f781bf"
5.4,3.8,0.0343288705801579,"#f781bf"
6,4.6,0.0343288705801579,"#a65628"
5.8,4.5,0.0343288705801579,"#a65628"
5.6,4.5,0.0343288705801579,"#a65628"
5,3.7,0.137315482320632,"#AAAAAA"
5.2,3.4,0.137315482320632,"#AAAAAA"
5.4,3.4,0.137315482320632,"#AAAAAA"
6,1,0.137315482320632,"#a65628"
5.8,1.3,0.137315482320632,"#a65628"
5.6,1.3,0.137315482320632,"#a65628"
5,3.7,10.9509097150704,"#4daf4a"
5.2,3.9,10.9509097150704,"#4daf4a"
5.4,3.9,10.9509097150704,"#4daf4a"
6,5.5,10.9509097150704,"#a65628"
5.8,5.3,10.9509097150704,"#a65628"
5.6,5.3,10.9509097150704,"#a65628"
5,3.7,2.67765190525232,"#a65628"
5.2,3.7,2.67765190525232,"#a65628"
5.4,3.7,2.67765190525232,"#a65628"
6,3.7,2.67765190525232,"#a65628"
5.8,3.7,2.67765190525232,"#a65628"
5.6,3.7,2.67765190525232,"#a65628"
5,3.7,22.1077926536217,"#377eb8"
5.2,3.6,22.1077926536217,"#377eb8"
5.4,3.6,22.1077926536217,"#377eb8"
6,2.8,22.1077926536217,"#a65628"
5.8,2.9,22.1077926536217,"#a65628"
5.6,2.9,22.1077926536217,"#a65628"
5,2.8,0.0343288705801579,"#AAAAAA"
5.2,2.6,0.0343288705801579,"#AAAAAA"
5.4,2.6,0.0343288705801579,"#AAAAAA"
6,1,0.0343288705801579,"#377eb8"
5.8,1.2,0.0343288705801579,"#377eb8"
5.6,1.2,0.0343288705801579,"#377eb8"
5,2.8,23.0003432887058,"#a65628"
5.2,2.9,23.0003432887058,"#a65628"
5.4,2.9,23.0003432887058,"#a65628"
6,3.7,23.0003432887058,"#377eb8"
5.8,3.6,23.0003432887058,"#377eb8"
5.6,3.6,23.0003432887058,"#377eb8"
6,6.4,0.0343288705801579,"#ffd300"
6.2,6.4,0.0343288705801579,"#ffd300"
6.4,6.4,0.0343288705801579,"#ffd300"
7,6.4,0.0343288705801579,"#ffd300"
6.8,6.4,0.0343288705801579,"#ffd300"
6.6,6.4,0.0343288705801579,"#ffd300"
6,6.4,0.0343288705801579,"#AAAAAA"
6.2,5.8,0.0343288705801579,"#AAAAAA"
6.4,5.8,0.0343288705801579,"#AAAAAA"
7,1,0.0343288705801579,"#ffd300"
6.8,1.6,0.0343288705801579,"#ffd300"
6.6,1.6,0.0343288705801579,"#ffd300"
6,6.4,0.0686577411603158,"#4daf4a"
6.2,6.3,0.0686577411603158,"#4daf4a"
6.4,6.3,0.0686577411603158,"#4daf4a"
7,5.5,0.0686577411603158,"#ffd300"
6.8,5.6,0.0686577411603158,"#ffd300"
6.6,5.6,0.0686577411603158,"#ffd300"
6,4.6,0.0343288705801579,"#e41a1c"
6.2,4.3,0.0343288705801579,"#e41a1c"
6.4,4.3,0.0343288705801579,"#e41a1c"
7,1.9,0.0343288705801579,"#f781bf"
6.8,2.2,0.0343288705801579,"#f781bf"
6.6,2.2,0.0343288705801579,"#f781bf"
6,4.6,0.0343288705801579,"#f781bf"
6.2,4.6,0.0343288705801579,"#f781bf"
6.4,4.6,0.0343288705801579,"#f781bf"
7,4.6,0.0343288705801579,"#f781bf"
6.8,4.6,0.0343288705801579,"#f781bf"
6.6,4.6,0.0343288705801579,"#f781bf"
6,1,0.0686577411603158,"#ffd300"
6.2,1.6,0.0686577411603158,"#ffd300"
6.4,1.6,0.0686577411603158,"#ffd300"
7,6.4,0.0686577411603158,"#AAAAAA"
6.8,5.8,0.0686577411603158,"#AAAAAA"
6.6,5.8,0.0686577411603158,"#AAAAAA"
6,1,0.102986611740474,"#f781bf"
6.2,1.4,0.102986611740474,"#f781bf"
6.4,1.4,0.102986611740474,"#f781bf"
7,4.6,0.102986611740474,"#AAAAAA"
6.8,4.2,0.102986611740474,"#AAAAAA"
6.6,4.2,0.102986611740474,"#AAAAAA"
6,1,5.45829042224511,"#AAAAAA"
6.2,1,5.45829042224511,"#AAAAAA"
6.4,1,5.45829042224511,"#AAAAAA"
7,1,5.45829042224511,"#AAAAAA"
6.8,1,5.45829042224511,"#AAAAAA"
6.6,1,5.45829042224511,"#AAAAAA"
6,1,0.137315482320632,"#4daf4a"
6.2,1.5,0.137315482320632,"#4daf4a"
6.4,1.5,0.137315482320632,"#4daf4a"
7,5.5,0.137315482320632,"#AAAAAA"
6.8,5,0.137315482320632,"#AAAAAA"
6.6,5,0.137315482320632,"#AAAAAA"
6,1,0.0686577411603158,"#a65628"
6.2,1.3,0.0686577411603158,"#a65628"
6.4,1.3,0.0686577411603158,"#a65628"
7,3.7,0.0686577411603158,"#AAAAAA"
6.8,3.4,0.0686577411603158,"#AAAAAA"
6.6,3.4,0.0686577411603158,"#AAAAAA"
6,5.5,0.137315482320632,"#e41a1c"
6.2,5.1,0.137315482320632,"#e41a1c"
6.4,5.1,0.137315482320632,"#e41a1c"
7,1.9,0.137315482320632,"#4daf4a"
6.8,2.3,0.137315482320632,"#4daf4a"
6.6,2.3,0.137315482320632,"#4daf4a"
6,5.5,0.17164435290079,"#4daf4a"
6.2,5.5,0.17164435290079,"#4daf4a"
6.4,5.5,0.17164435290079,"#4daf4a"
7,5.5,0.17164435290079,"#4daf4a"
6.8,5.5,0.17164435290079,"#4daf4a"
6.6,5.5,0.17164435290079,"#4daf4a"
6,5.5,10.7106076210093,"#a65628"
6.2,5.3,10.7106076210093,"#a65628"
6.4,5.3,10.7106076210093,"#a65628"
7,3.7,10.7106076210093,"#4daf4a"
6.8,3.9,10.7106076210093,"#4daf4a"
6.6,3.9,10.7106076210093,"#4daf4a"
6,5.5,0.0686577411603158,"#377eb8"
6.2,5.2,0.0686577411603158,"#377eb8"
6.4,5.2,0.0686577411603158,"#377eb8"
7,2.8,0.0686577411603158,"#4daf4a"
6.8,3.1,0.0686577411603158,"#4daf4a"
6.6,3.1,0.0686577411603158,"#4daf4a"
6,3.7,0.377617576381737,"#ffd300"
6.2,4,0.377617576381737,"#ffd300"
6.4,4,0.377617576381737,"#ffd300"
7,6.4,0.377617576381737,"#a65628"
6.8,6.1,0.377617576381737,"#a65628"
6.6,6.1,0.377617576381737,"#a65628"
6,3.7,4.84037075180227,"#e41a1c"
6.2,3.5,4.84037075180227,"#e41a1c"
6.4,3.5,4.84037075180227,"#e41a1c"
7,1.9,4.84037075180227,"#a65628"
6.8,2.1,4.84037075180227,"#a65628"
6.6,2.1,4.84037075180227,"#a65628"
6,3.7,26.8795056642636,"#4daf4a"
6.2,3.9,26.8795056642636,"#4daf4a"
6.4,3.9,26.8795056642636,"#4daf4a"
7,5.5,26.8795056642636,"#a65628"
6.8,5.3,26.8795056642636,"#a65628"
6.6,5.3,26.8795056642636,"#a65628"
6,3.7,5.45829042224511,"#a65628"
6.2,3.7,5.45829042224511,"#a65628"
6.4,3.7,5.45829042224511,"#a65628"
7,3.7,5.45829042224511,"#a65628"
6.8,3.7,5.45829042224511,"#a65628"
6.6,3.7,5.45829042224511,"#a65628"
6,3.7,23.2063165121867,"#377eb8"
6.2,3.6,23.2063165121867,"#377eb8"
6.4,3.6,23.2063165121867,"#377eb8"
7,2.8,23.2063165121867,"#a65628"
6.8,2.9,23.2063165121867,"#a65628"
6.6,2.9,23.2063165121867,"#a65628"
6,2.8,0.0343288705801579,"#e41a1c"
6.2,2.7,0.0343288705801579,"#e41a1c"
6.4,2.7,0.0343288705801579,"#e41a1c"
7,1.9,0.0343288705801579,"#377eb8"
6.8,2,0.0343288705801579,"#377eb8"
6.6,2,0.0343288705801579,"#377eb8"
6,2.8,0.0343288705801579,"#4daf4a"
6.2,3.1,0.0343288705801579,"#4daf4a"
6.4,3.1,0.0343288705801579,"#4daf4a"
7,5.5,0.0343288705801579,"#377eb8"
6.8,5.2,0.0343288705801579,"#377eb8"
6.6,5.2,0.0343288705801579,"#377eb8"
6,2.8,22.0391349124614,"#a65628"
6.2,2.9,22.0391349124614,"#a65628"
6.4,2.9,22.0391349124614,"#a65628"
7,3.7,22.0391349124614,"#377eb8"
6.8,3.6,22.0391349124614,"#377eb8"
6.6,3.6,22.0391349124614,"#377eb8"
7,6.4,0.0686577411603158,"#AAAAAA"
7.2,5.8,0.0686577411603158,"#AAAAAA"
7.4,5.8,0.0686577411603158,"#AAAAAA"
8,1,0.0686577411603158,"#ffd300"
7.8,1.6,0.0686577411603158,"#ffd300"
7.6,1.6,0.0686577411603158,"#ffd300"
7,6.4,0.0343288705801579,"#4daf4a"
7.2,6.3,0.0343288705801579,"#4daf4a"
7.4,6.3,0.0343288705801579,"#4daf4a"
8,5.5,0.0343288705801579,"#ffd300"
7.8,5.6,0.0343288705801579,"#ffd300"
7.6,5.6,0.0343288705801579,"#ffd300"
7,6.4,0.377617576381737,"#a65628"
7.2,6.1,0.377617576381737,"#a65628"
7.4,6.1,0.377617576381737,"#a65628"
8,3.7,0.377617576381737,"#ffd300"
7.8,4,0.377617576381737,"#ffd300"
7.6,4,0.377617576381737,"#ffd300"
7,1.9,0.137315482320632,"#e41a1c"
7.2,1.9,0.137315482320632,"#e41a1c"
7.4,1.9,0.137315482320632,"#e41a1c"
8,1.9,0.137315482320632,"#e41a1c"
7.8,1.9,0.137315482320632,"#e41a1c"
7.6,1.9,0.137315482320632,"#e41a1c"
7,1.9,0.240302094061105,"#AAAAAA"
7.2,1.8,0.240302094061105,"#AAAAAA"
7.4,1.8,0.240302094061105,"#AAAAAA"
8,1,0.240302094061105,"#e41a1c"
7.8,1.1,0.240302094061105,"#e41a1c"
7.6,1.1,0.240302094061105,"#e41a1c"
7,1.9,0.137315482320632,"#4daf4a"
7.2,2.3,0.137315482320632,"#4daf4a"
7.4,2.3,0.137315482320632,"#4daf4a"
8,5.5,0.137315482320632,"#e41a1c"
7.8,5.1,0.137315482320632,"#e41a1c"
7.6,5.1,0.137315482320632,"#e41a1c"
7,1.9,4.53141091658084,"#a65628"
7.2,2.1,4.53141091658084,"#a65628"
7.4,2.1,4.53141091658084,"#a65628"
8,3.7,4.53141091658084,"#e41a1c"
7.8,3.5,4.53141091658084,"#e41a1c"
7.6,3.5,4.53141091658084,"#e41a1c"
7,4.6,0.102986611740474,"#f781bf"
7.2,4.6,0.102986611740474,"#f781bf"
7.4,4.6,0.102986611740474,"#f781bf"
8,4.6,0.102986611740474,"#f781bf"
7.8,4.6,0.102986611740474,"#f781bf"
7.6,4.6,0.102986611740474,"#f781bf"
7,4.6,0.0343288705801579,"#4daf4a"
7.2,4.7,0.0343288705801579,"#4daf4a"
7.4,4.7,0.0343288705801579,"#4daf4a"
8,5.5,0.0343288705801579,"#f781bf"
7.8,5.4,0.0343288705801579,"#f781bf"
7.6,5.4,0.0343288705801579,"#f781bf"
7,1,0.0343288705801579,"#ffd300"
7.2,1.6,0.0343288705801579,"#ffd300"
7.4,1.6,0.0343288705801579,"#ffd300"
8,6.4,0.0343288705801579,"#AAAAAA"
7.8,5.8,0.0343288705801579,"#AAAAAA"
7.6,5.8,0.0343288705801579,"#AAAAAA"
7,1,5.45829042224511,"#AAAAAA"
7.2,1,5.45829042224511,"#AAAAAA"
7.4,1,5.45829042224511,"#AAAAAA"
8,1,5.45829042224511,"#AAAAAA"
7.8,1,5.45829042224511,"#AAAAAA"
7.6,1,5.45829042224511,"#AAAAAA"
7,5.5,0.0686577411603158,"#AAAAAA"
7.2,5,0.0686577411603158,"#AAAAAA"
7.4,5,0.0686577411603158,"#AAAAAA"
8,1,0.0686577411603158,"#4daf4a"
7.8,1.5,0.0686577411603158,"#4daf4a"
7.6,1.5,0.0686577411603158,"#4daf4a"
7,5.5,0.308959835221421,"#4daf4a"
7.2,5.5,0.308959835221421,"#4daf4a"
7.4,5.5,0.308959835221421,"#4daf4a"
8,5.5,0.308959835221421,"#4daf4a"
7.8,5.5,0.308959835221421,"#4daf4a"
7.6,5.5,0.308959835221421,"#4daf4a"
7,5.5,26.8795056642636,"#a65628"
7.2,5.3,26.8795056642636,"#a65628"
7.4,5.3,26.8795056642636,"#a65628"
8,3.7,26.8795056642636,"#4daf4a"
7.8,3.9,26.8795056642636,"#4daf4a"
7.6,3.9,26.8795056642636,"#4daf4a"
7,5.5,0.0343288705801579,"#377eb8"
7.2,5.2,0.0343288705801579,"#377eb8"
7.4,5.2,0.0343288705801579,"#377eb8"
8,2.8,0.0343288705801579,"#4daf4a"
7.8,3.1,0.0343288705801579,"#4daf4a"
7.6,3.1,0.0343288705801579,"#4daf4a"
7,3.7,8.17027119807758,"#e41a1c"
7.2,3.5,8.17027119807758,"#e41a1c"
7.4,3.5,8.17027119807758,"#e41a1c"
8,1.9,8.17027119807758,"#a65628"
7.8,2.1,8.17027119807758,"#a65628"
7.6,2.1,8.17027119807758,"#a65628"
7,3.7,0.102986611740474,"#AAAAAA"
7.2,3.4,0.102986611740474,"#AAAAAA"
7.4,3.4,0.102986611740474,"#AAAAAA"
8,1,0.102986611740474,"#a65628"
7.8,1.3,0.102986611740474,"#a65628"
7.6,1.3,0.102986611740474,"#a65628"
7,3.7,25.3003776175764,"#4daf4a"
7.2,3.9,25.3003776175764,"#4daf4a"
7.4,3.9,25.3003776175764,"#4daf4a"
8,5.5,25.3003776175764,"#a65628"
7.8,5.3,25.3003776175764,"#a65628"
7.6,5.3,25.3003776175764,"#a65628"
7,3.7,4.63439752832132,"#a65628"
7.2,3.7,4.63439752832132,"#a65628"
7.4,3.7,4.63439752832132,"#a65628"
8,3.7,4.63439752832132,"#a65628"
7.8,3.7,4.63439752832132,"#a65628"
7.6,3.7,4.63439752832132,"#a65628"
7,3.7,0.0686577411603158,"#377eb8"
7.2,3.6,0.0686577411603158,"#377eb8"
7.4,3.6,0.0686577411603158,"#377eb8"
8,2.8,0.0686577411603158,"#a65628"
7.8,2.9,0.0686577411603158,"#a65628"
7.6,2.9,0.0686577411603158,"#a65628"
7,2.8,23.2749742533471,"#a65628"
7.2,2.9,23.2749742533471,"#a65628"
7.4,2.9,23.2749742533471,"#a65628"
8,3.7,23.2749742533471,"#377eb8"
7.8,3.6,23.2749742533471,"#377eb8"
7.6,3.6,23.2749742533471,"#377eb8"
8,6.4,0.0343288705801579,"#a65628"
8.2,6.1,0.0343288705801579,"#a65628"
8.4,6.1,0.0343288705801579,"#a65628"
9,3.7,0.0343288705801579,"#ffd300"
8.8,4,0.0343288705801579,"#ffd300"
8.6,4,0.0343288705801579,"#ffd300"
8,1.9,0.0686577411603158,"#e41a1c"
8.2,1.9,0.0686577411603158,"#e41a1c"
8.4,1.9,0.0686577411603158,"#e41a1c"
9,1.9,0.0686577411603158,"#e41a1c"
8.8,1.9,0.0686577411603158,"#e41a1c"
8.6,1.9,0.0686577411603158,"#e41a1c"
8,1.9,8.2389289392379,"#4daf4a"
8.2,2.3,8.2389289392379,"#4daf4a"
8.4,2.3,8.2389289392379,"#4daf4a"
9,5.5,8.2389289392379,"#e41a1c"
8.8,5.1,8.2389289392379,"#e41a1c"
8.6,5.1,8.2389289392379,"#e41a1c"
8,4.6,0.0686577411603158,"#4daf4a"
8.2,4.7,0.0686577411603158,"#4daf4a"
8.4,4.7,0.0686577411603158,"#4daf4a"
9,5.5,0.0686577411603158,"#f781bf"
8.8,5.4,0.0686577411603158,"#f781bf"
8.6,5.4,0.0686577411603158,"#f781bf"
8,1,0.343288705801579,"#e41a1c"
8.2,1.1,0.343288705801579,"#e41a1c"
8.4,1.1,0.343288705801579,"#e41a1c"
9,1.9,0.343288705801579,"#AAAAAA"
8.8,1.8,0.343288705801579,"#AAAAAA"
8.6,1.8,0.343288705801579,"#AAAAAA"
8,1,5.52694816340542,"#AAAAAA"
8.2,1,5.52694816340542,"#AAAAAA"
8.4,1,5.52694816340542,"#AAAAAA"
9,1,5.52694816340542,"#AAAAAA"
8.8,1,5.52694816340542,"#AAAAAA"
8.6,1,5.52694816340542,"#AAAAAA"
8,1,0.102986611740474,"#4daf4a"
8.2,1.5,0.102986611740474,"#4daf4a"
8.4,1.5,0.102986611740474,"#4daf4a"
9,5.5,0.102986611740474,"#AAAAAA"
8.8,5,0.102986611740474,"#AAAAAA"
8.6,5,0.102986611740474,"#AAAAAA"
8,5.5,0.0343288705801579,"#ffd300"
8.2,5.6,0.0343288705801579,"#ffd300"
8.4,5.6,0.0343288705801579,"#ffd300"
9,6.4,0.0343288705801579,"#4daf4a"
8.8,6.3,0.0343288705801579,"#4daf4a"
8.6,6.3,0.0343288705801579,"#4daf4a"
8,5.5,0.102986611740474,"#f781bf"
8.2,5.4,0.102986611740474,"#f781bf"
8.4,5.4,0.102986611740474,"#f781bf"
9,4.6,0.102986611740474,"#4daf4a"
8.8,4.7,0.102986611740474,"#4daf4a"
8.6,4.7,0.102986611740474,"#4daf4a"
8,5.5,0.0686577411603158,"#AAAAAA"
8.2,5,0.0686577411603158,"#AAAAAA"
8.4,5,0.0686577411603158,"#AAAAAA"
9,1,0.0686577411603158,"#4daf4a"
8.8,1.5,0.0686577411603158,"#4daf4a"
8.6,1.5,0.0686577411603158,"#4daf4a"
8,5.5,2.47167868177137,"#4daf4a"
8.2,5.5,2.47167868177137,"#4daf4a"
8.4,5.5,2.47167868177137,"#4daf4a"
9,5.5,2.47167868177137,"#4daf4a"
8.8,5.5,2.47167868177137,"#4daf4a"
8.6,5.5,2.47167868177137,"#4daf4a"
8,5.5,23.1376587710264,"#a65628"
8.2,5.3,23.1376587710264,"#a65628"
8.4,5.3,23.1376587710264,"#a65628"
9,3.7,23.1376587710264,"#4daf4a"
8.8,3.9,23.1376587710264,"#4daf4a"
8.6,3.9,23.1376587710264,"#4daf4a"
8,3.7,1.13285272914521,"#ffd300"
8.2,4,1.13285272914521,"#ffd300"
8.4,4,1.13285272914521,"#ffd300"
9,6.4,1.13285272914521,"#a65628"
8.8,6.1,1.13285272914521,"#a65628"
8.6,6.1,1.13285272914521,"#a65628"
8,3.7,6.62547202197048,"#e41a1c"
8.2,3.5,6.62547202197048,"#e41a1c"
8.4,3.5,6.62547202197048,"#e41a1c"
9,1.9,6.62547202197048,"#a65628"
8.8,2.1,6.62547202197048,"#a65628"
8.6,2.1,6.62547202197048,"#a65628"
8,3.7,0.205973223480947,"#AAAAAA"
8.2,3.4,0.205973223480947,"#AAAAAA"
8.4,3.4,0.205973223480947,"#AAAAAA"
9,1,0.205973223480947,"#a65628"
8.8,1.3,0.205973223480947,"#a65628"
8.6,1.3,0.205973223480947,"#a65628"
8,3.7,35.8393408856849,"#4daf4a"
8.2,3.9,35.8393408856849,"#4daf4a"
8.4,3.9,35.8393408856849,"#4daf4a"
9,5.5,35.8393408856849,"#a65628"
8.8,5.3,35.8393408856849,"#a65628"
8.6,5.3,35.8393408856849,"#a65628"
8,3.7,0.755235152763474,"#a65628"
8.2,3.7,0.755235152763474,"#a65628"
8.4,3.7,0.755235152763474,"#a65628"
9,3.7,0.755235152763474,"#a65628"
8.8,3.7,0.755235152763474,"#a65628"
8.6,3.7,0.755235152763474,"#a65628"
8,3.7,15.1390319258496,"#377eb8"
8.2,3.6,15.1390319258496,"#377eb8"
8.4,3.6,15.1390319258496,"#377eb8"
9,2.8,15.1390319258496,"#a65628"
8.8,2.9,15.1390319258496,"#a65628"
8.6,2.9,15.1390319258496,"#a65628"
8,2.8,0.0686577411603158,"#4daf4a"
8.2,3.1,0.0686577411603158,"#4daf4a"
8.4,3.1,0.0686577411603158,"#4daf4a"
9,5.5,0.0686577411603158,"#377eb8"
8.8,5.2,0.0686577411603158,"#377eb8"
8.6,5.2,0.0686577411603158,"#377eb8"
8,2.8,0.0343288705801579,"#a65628"
8.2,2.9,0.0343288705801579,"#a65628"
8.4,2.9,0.0343288705801579,"#a65628"
9,3.7,0.0343288705801579,"#377eb8"
8.8,3.6,0.0343288705801579,"#377eb8"
8.6,3.6,0.0343288705801579,"#377eb8"
9,6.4,0.720906282183316,"#AAAAAA"
9.2,5.8,0.720906282183316,"#AAAAAA"
9.4,5.8,0.720906282183316,"#AAAAAA"
10,1,0.720906282183316,"#ffd300"
9.8,1.6,0.720906282183316,"#ffd300"
9.6,1.6,0.720906282183316,"#ffd300"
9,6.4,0.446275317542053,"#a65628"
9.2,6.1,0.446275317542053,"#a65628"
9.4,6.1,0.446275317542053,"#a65628"
10,3.7,0.446275317542053,"#ffd300"
9.8,4,0.446275317542053,"#ffd300"
9.6,4,0.446275317542053,"#ffd300"
9,1.9,0.926879505664264,"#AAAAAA"
9.2,1.8,0.926879505664264,"#AAAAAA"
9.4,1.8,0.926879505664264,"#AAAAAA"
10,1,0.926879505664264,"#e41a1c"
9.8,1.1,0.926879505664264,"#e41a1c"
9.6,1.1,0.926879505664264,"#e41a1c"
9,1.9,6.11053896326811,"#a65628"
9.2,2.1,6.11053896326811,"#a65628"
9.4,2.1,6.11053896326811,"#a65628"
10,3.7,6.11053896326811,"#e41a1c"
9.8,3.5,6.11053896326811,"#e41a1c"
9.6,3.5,6.11053896326811,"#e41a1c"
9,4.6,0.102986611740474,"#f781bf"
9.2,4.6,0.102986611740474,"#f781bf"
9.4,4.6,0.102986611740474,"#f781bf"
10,4.6,0.102986611740474,"#f781bf"
9.8,4.6,0.102986611740474,"#f781bf"
9.6,4.6,0.102986611740474,"#f781bf"
9,1,5.66426364572606,"#AAAAAA"
9.2,1,5.66426364572606,"#AAAAAA"
9.4,1,5.66426364572606,"#AAAAAA"
10,1,5.66426364572606,"#AAAAAA"
9.8,1,5.66426364572606,"#AAAAAA"
9.6,1,5.66426364572606,"#AAAAAA"
9,1,0.0343288705801579,"#4daf4a"
9.2,1.5,0.0343288705801579,"#4daf4a"
9.4,1.5,0.0343288705801579,"#4daf4a"
10,5.5,0.0343288705801579,"#AAAAAA"
9.8,5,0.0343288705801579,"#AAAAAA"
9.6,5,0.0343288705801579,"#AAAAAA"
9,1,0.102986611740474,"#a65628"
9.2,1.3,0.102986611740474,"#a65628"
9.4,1.3,0.102986611740474,"#a65628"
10,3.7,0.102986611740474,"#AAAAAA"
9.8,3.4,0.102986611740474,"#AAAAAA"
9.6,3.4,0.102986611740474,"#AAAAAA"
9,5.5,0.102986611740474,"#f781bf"
9.2,5.4,0.102986611740474,"#f781bf"
9.4,5.4,0.102986611740474,"#f781bf"
10,4.6,0.102986611740474,"#4daf4a"
9.8,4.7,0.102986611740474,"#4daf4a"
9.6,4.7,0.102986611740474,"#4daf4a"
9,5.5,6.35084105732921,"#AAAAAA"
9.2,5,6.35084105732921,"#AAAAAA"
9.4,5,6.35084105732921,"#AAAAAA"
10,1,6.35084105732921,"#4daf4a"
9.8,1.5,6.35084105732921,"#4daf4a"
9.6,1.5,6.35084105732921,"#4daf4a"
9,5.5,0.446275317542053,"#4daf4a"
9.2,5.5,0.446275317542053,"#4daf4a"
9.4,5.5,0.446275317542053,"#4daf4a"
10,5.5,0.446275317542053,"#4daf4a"
9.8,5.5,0.446275317542053,"#4daf4a"
9.6,5.5,0.446275317542053,"#4daf4a"
9,5.5,39.8901476141435,"#a65628"
9.2,5.3,39.8901476141435,"#a65628"
9.4,5.3,39.8901476141435,"#a65628"
10,3.7,39.8901476141435,"#4daf4a"
9.8,3.9,39.8901476141435,"#4daf4a"
9.6,3.9,39.8901476141435,"#4daf4a"
9,3.7,0.0343288705801579,"#f781bf"
9.2,3.8,0.0343288705801579,"#f781bf"
9.4,3.8,0.0343288705801579,"#f781bf"
10,4.6,0.0343288705801579,"#a65628"
9.8,4.5,0.0343288705801579,"#a65628"
9.6,4.5,0.0343288705801579,"#a65628"
9,3.7,0.137315482320632,"#AAAAAA"
9.2,3.4,0.137315482320632,"#AAAAAA"
9.4,3.4,0.137315482320632,"#AAAAAA"
10,1,0.137315482320632,"#a65628"
9.8,1.3,0.137315482320632,"#a65628"
9.6,1.3,0.137315482320632,"#a65628"
9,3.7,23.7899073120494,"#a65628"
9.2,3.7,23.7899073120494,"#a65628"
9.4,3.7,23.7899073120494,"#a65628"
10,3.7,23.7899073120494,"#a65628"
9.8,3.7,23.7899073120494,"#a65628"
9.6,3.7,23.7899073120494,"#a65628"
9,2.8,15.0360453141092,"#AAAAAA"
9.2,2.6,15.0360453141092,"#AAAAAA"
9.4,2.6,15.0360453141092,"#AAAAAA"
10,1,15.0360453141092,"#377eb8"
9.8,1.2,15.0360453141092,"#377eb8"
9.6,1.2,15.0360453141092,"#377eb8"
9,2.8,0.102986611740474,"#a65628"
9.2,2.9,0.102986611740474,"#a65628"
9.4,2.9,0.102986611740474,"#a65628"
10,3.7,0.102986611740474,"#377eb8"
9.8,3.6,0.102986611740474,"#377eb8"
9.6,3.6,0.102986611740474,"#377eb8"
10,4.6,0.102986611740474,"#f781bf"
10.2,4.6,0.102986611740474,"#f781bf"
10.4,4.6,0.102986611740474,"#f781bf"
11,4.6,0.102986611740474,"#f781bf"
10.8,4.6,0.102986611740474,"#f781bf"
10.6,4.6,0.102986611740474,"#f781bf"
10,4.6,0.0686577411603158,"#AAAAAA"
10.2,4.2,0.0686577411603158,"#AAAAAA"
10.4,4.2,0.0686577411603158,"#AAAAAA"
11,1,0.0686577411603158,"#f781bf"
10.8,1.4,0.0686577411603158,"#f781bf"
10.6,1.4,0.0686577411603158,"#f781bf"
10,4.6,0.0686577411603158,"#4daf4a"
10.2,4.7,0.0686577411603158,"#4daf4a"
10.4,4.7,0.0686577411603158,"#4daf4a"
11,5.5,0.0686577411603158,"#f781bf"
10.8,5.4,0.0686577411603158,"#f781bf"
10.6,5.4,0.0686577411603158,"#f781bf"
10,1,0.0343288705801579,"#ffd300"
10.2,1.6,0.0343288705801579,"#ffd300"
10.4,1.6,0.0343288705801579,"#ffd300"
11,6.4,0.0343288705801579,"#AAAAAA"
10.8,5.8,0.0343288705801579,"#AAAAAA"
10.6,5.8,0.0343288705801579,"#AAAAAA"
10,1,5.49261929282527,"#AAAAAA"
10.2,1,5.49261929282527,"#AAAAAA"
10.4,1,5.49261929282527,"#AAAAAA"
11,1,5.49261929282527,"#AAAAAA"
10.8,1,5.49261929282527,"#AAAAAA"
10.6,1,5.49261929282527,"#AAAAAA"
10,1,23.2406453827669,"#4daf4a"
10.2,1.5,23.2406453827669,"#4daf4a"
10.4,1.5,23.2406453827669,"#4daf4a"
11,5.5,23.2406453827669,"#AAAAAA"
10.8,5,23.2406453827669,"#AAAAAA"
10.6,5,23.2406453827669,"#AAAAAA"
10,1,0.0686577411603158,"#377eb8"
10.2,1.2,0.0686577411603158,"#377eb8"
10.4,1.2,0.0686577411603158,"#377eb8"
11,2.8,0.0686577411603158,"#AAAAAA"
10.8,2.6,0.0686577411603158,"#AAAAAA"
10.6,2.6,0.0686577411603158,"#AAAAAA"
10,5.5,0.0686577411603158,"#AAAAAA"
10.2,5,0.0686577411603158,"#AAAAAA"
10.4,5,0.0686577411603158,"#AAAAAA"
11,1,0.0686577411603158,"#4daf4a"
10.8,1.5,0.0686577411603158,"#4daf4a"
10.6,1.5,0.0686577411603158,"#4daf4a"
10,5.5,0.308959835221421,"#4daf4a"
10.2,5.5,0.308959835221421,"#4daf4a"
10.4,5.5,0.308959835221421,"#4daf4a"
11,5.5,0.308959835221421,"#4daf4a"
10.8,5.5,0.308959835221421,"#4daf4a"
10.6,5.5,0.308959835221421,"#4daf4a"
10,5.5,0.102986611740474,"#a65628"
10.2,5.3,0.102986611740474,"#a65628"
10.4,5.3,0.102986611740474,"#a65628"
11,3.7,0.102986611740474,"#4daf4a"
10.8,3.9,0.102986611740474,"#4daf4a"
10.6,3.9,0.102986611740474,"#4daf4a"
10,3.7,0.102986611740474,"#ffd300"
10.2,4,0.102986611740474,"#ffd300"
10.4,4,0.102986611740474,"#ffd300"
11,6.4,0.102986611740474,"#a65628"
10.8,6.1,0.102986611740474,"#a65628"
10.6,6.1,0.102986611740474,"#a65628"
10,3.7,6.31651218674906,"#e41a1c"
10.2,3.5,6.31651218674906,"#e41a1c"
10.4,3.5,6.31651218674906,"#e41a1c"
11,1.9,6.31651218674906,"#a65628"
10.8,2.1,6.31651218674906,"#a65628"
10.6,2.1,6.31651218674906,"#a65628"
10,3.7,0.0686577411603158,"#AAAAAA"
10.2,3.4,0.0686577411603158,"#AAAAAA"
10.4,3.4,0.0686577411603158,"#AAAAAA"
11,1,0.0686577411603158,"#a65628"
10.8,1.3,0.0686577411603158,"#a65628"
10.6,1.3,0.0686577411603158,"#a65628"
10,3.7,43.6663233779609,"#4daf4a"
10.2,3.9,43.6663233779609,"#4daf4a"
10.4,3.9,43.6663233779609,"#4daf4a"
11,5.5,43.6663233779609,"#a65628"
10.8,5.3,43.6663233779609,"#a65628"
10.6,5.3,43.6663233779609,"#a65628"
10,3.7,20.2883625128733,"#377eb8"
10.2,3.6,20.2883625128733,"#377eb8"
10.4,3.6,20.2883625128733,"#377eb8"
11,2.8,20.2883625128733,"#a65628"
10.8,2.9,20.2883625128733,"#a65628"
10.6,2.9,20.2883625128733,"#a65628"
11,6.4,0.0686577411603158,"#4daf4a"
11.2,6.3,0.0686577411603158,"#4daf4a"
11.4,6.3,0.0686577411603158,"#4daf4a"
12,5.5,0.0686577411603158,"#ffd300"
11.8,5.6,0.0686577411603158,"#ffd300"
11.6,5.6,0.0686577411603158,"#ffd300"
11,6.4,0.0686577411603158,"#a65628"
11.2,6.1,0.0686577411603158,"#a65628"
11.4,6.1,0.0686577411603158,"#a65628"
12,3.7,0.0686577411603158,"#ffd300"
11.8,4,0.0686577411603158,"#ffd300"
11.6,4,0.0686577411603158,"#ffd300"
11,1.9,0.0343288705801579,"#AAAAAA"
11.2,1.8,0.0343288705801579,"#AAAAAA"
11.4,1.8,0.0343288705801579,"#AAAAAA"
12,1,0.0343288705801579,"#e41a1c"
11.8,1.1,0.0343288705801579,"#e41a1c"
11.6,1.1,0.0343288705801579,"#e41a1c"
11,1.9,6.2821833161689,"#a65628"
11.2,2.1,6.2821833161689,"#a65628"
11.4,2.1,6.2821833161689,"#a65628"
12,3.7,6.2821833161689,"#e41a1c"
11.8,3.5,6.2821833161689,"#e41a1c"
11.6,3.5,6.2821833161689,"#e41a1c"
11,4.6,0.102986611740474,"#f781bf"
11.2,4.6,0.102986611740474,"#f781bf"
11.4,4.6,0.102986611740474,"#f781bf"
12,4.6,0.102986611740474,"#f781bf"
11.8,4.6,0.102986611740474,"#f781bf"
11.6,4.6,0.102986611740474,"#f781bf"
11,4.6,0.0686577411603158,"#4daf4a"
11.2,4.7,0.0686577411603158,"#4daf4a"
11.4,4.7,0.0686577411603158,"#4daf4a"
12,5.5,0.0686577411603158,"#f781bf"
11.8,5.4,0.0686577411603158,"#f781bf"
11.6,5.4,0.0686577411603158,"#f781bf"
11,1,0.0343288705801579,"#e41a1c"
11.2,1.1,0.0343288705801579,"#e41a1c"
11.4,1.1,0.0343288705801579,"#e41a1c"
12,1.9,0.0343288705801579,"#AAAAAA"
11.8,1.8,0.0343288705801579,"#AAAAAA"
11.6,1.8,0.0343288705801579,"#AAAAAA"
11,1,0.0343288705801579,"#f781bf"
11.2,1.4,0.0343288705801579,"#f781bf"
11.4,1.4,0.0343288705801579,"#f781bf"
12,4.6,0.0343288705801579,"#AAAAAA"
11.8,4.2,0.0343288705801579,"#AAAAAA"
11.6,4.2,0.0343288705801579,"#AAAAAA"
11,1,5.04634397528321,"#AAAAAA"
11.2,1,5.04634397528321,"#AAAAAA"
11.4,1,5.04634397528321,"#AAAAAA"
12,1,5.04634397528321,"#AAAAAA"
11.8,1,5.04634397528321,"#AAAAAA"
11.6,1,5.04634397528321,"#AAAAAA"
11,1,0.205973223480947,"#4daf4a"
11.2,1.5,0.205973223480947,"#4daf4a"
11.4,1.5,0.205973223480947,"#4daf4a"
12,5.5,0.205973223480947,"#AAAAAA"
11.8,5,0.205973223480947,"#AAAAAA"
11.6,5,0.205973223480947,"#AAAAAA"
11,1,0.308959835221421,"#a65628"
11.2,1.3,0.308959835221421,"#a65628"
11.4,1.3,0.308959835221421,"#a65628"
12,3.7,0.308959835221421,"#AAAAAA"
11.8,3.4,0.308959835221421,"#AAAAAA"
11.6,3.4,0.308959835221421,"#AAAAAA"
11,5.5,0.0686577411603158,"#ffd300"
11.2,5.6,0.0686577411603158,"#ffd300"
11.4,5.6,0.0686577411603158,"#ffd300"
12,6.4,0.0686577411603158,"#4daf4a"
11.8,6.3,0.0686577411603158,"#4daf4a"
11.6,6.3,0.0686577411603158,"#4daf4a"
11,5.5,0.0343288705801579,"#f781bf"
11.2,5.4,0.0343288705801579,"#f781bf"
11.4,5.4,0.0343288705801579,"#f781bf"
12,4.6,0.0343288705801579,"#4daf4a"
11.8,4.7,0.0343288705801579,"#4daf4a"
11.6,4.7,0.0343288705801579,"#4daf4a"
11,5.5,1.16718159972537,"#AAAAAA"
11.2,5,1.16718159972537,"#AAAAAA"
11.4,5,1.16718159972537,"#AAAAAA"
12,1,1.16718159972537,"#4daf4a"
11.8,1.5,1.16718159972537,"#4daf4a"
11.6,1.5,1.16718159972537,"#4daf4a"
11,5.5,10.5732921386886,"#4daf4a"
11.2,5.5,10.5732921386886,"#4daf4a"
11.4,5.5,10.5732921386886,"#4daf4a"
12,5.5,10.5732921386886,"#4daf4a"
11.8,5.5,10.5732921386886,"#4daf4a"
11.6,5.5,10.5732921386886,"#4daf4a"
11,5.5,55.441125986955,"#a65628"
11.2,5.3,55.441125986955,"#a65628"
11.4,5.3,55.441125986955,"#a65628"
12,3.7,55.441125986955,"#4daf4a"
11.8,3.9,55.441125986955,"#4daf4a"
11.6,3.9,55.441125986955,"#4daf4a"
11,3.7,0.0343288705801579,"#AAAAAA"
11.2,3.4,0.0343288705801579,"#AAAAAA"
11.4,3.4,0.0343288705801579,"#AAAAAA"
12,1,0.0343288705801579,"#a65628"
11.8,1.3,0.0343288705801579,"#a65628"
11.6,1.3,0.0343288705801579,"#a65628"
11,3.7,0.0686577411603158,"#4daf4a"
11.2,3.9,0.0686577411603158,"#4daf4a"
11.4,3.9,0.0686577411603158,"#4daf4a"
12,5.5,0.0686577411603158,"#a65628"
11.8,5.3,0.0686577411603158,"#a65628"
11.6,5.3,0.0686577411603158,"#a65628"
11,2.8,0.0343288705801579,"#4daf4a"
11.2,3.1,0.0343288705801579,"#4daf4a"
11.4,3.1,0.0343288705801579,"#4daf4a"
12,5.5,0.0343288705801579,"#377eb8"
11.8,5.2,0.0343288705801579,"#377eb8"
11.6,5.2,0.0343288705801579,"#377eb8"
11,2.8,20.3226913834535,"#a65628"
11.2,2.9,20.3226913834535,"#a65628"
11.4,2.9,20.3226913834535,"#a65628"
12,3.7,20.3226913834535,"#377eb8"
11.8,3.6,20.3226913834535,"#377eb8"
11.6,3.6,20.3226913834535,"#377eb8"
12,6.4,0.0686577411603158,"#4daf4a"
12.2,6.3,0.0686577411603158,"#4daf4a"
12.4,6.3,0.0686577411603158,"#4daf4a"
13,5.5,0.0686577411603158,"#ffd300"
12.8,5.6,0.0686577411603158,"#ffd300"
12.6,5.6,0.0686577411603158,"#ffd300"
12,1.9,0.0343288705801579,"#a65628"
12.2,2.1,0.0343288705801579,"#a65628"
12.4,2.1,0.0343288705801579,"#a65628"
13,3.7,0.0343288705801579,"#e41a1c"
12.8,3.5,0.0343288705801579,"#e41a1c"
12.6,3.5,0.0343288705801579,"#e41a1c"
12,4.6,0.137315482320632,"#f781bf"
12.2,4.6,0.137315482320632,"#f781bf"
12.4,4.6,0.137315482320632,"#f781bf"
13,4.6,0.137315482320632,"#f781bf"
12.8,4.6,0.137315482320632,"#f781bf"
12.6,4.6,0.137315482320632,"#f781bf"
12,4.6,0.0343288705801579,"#4daf4a"
12.2,4.7,0.0343288705801579,"#4daf4a"
12.4,4.7,0.0343288705801579,"#4daf4a"
13,5.5,0.0343288705801579,"#f781bf"
12.8,5.4,0.0343288705801579,"#f781bf"
12.6,5.4,0.0343288705801579,"#f781bf"
12,1,6.17919670442842,"#AAAAAA"
12.2,1,6.17919670442842,"#AAAAAA"
12.4,1,6.17919670442842,"#AAAAAA"
13,1,6.17919670442842,"#AAAAAA"
12.8,1,6.17919670442842,"#AAAAAA"
12.6,1,6.17919670442842,"#AAAAAA"
12,1,0.0686577411603158,"#4daf4a"
12.2,1.5,0.0686577411603158,"#4daf4a"
12.4,1.5,0.0686577411603158,"#4daf4a"
13,5.5,0.0686577411603158,"#AAAAAA"
12.8,5,0.0686577411603158,"#AAAAAA"
12.6,5,0.0686577411603158,"#AAAAAA"
12,1,0.0343288705801579,"#a65628"
12.2,1.3,0.0343288705801579,"#a65628"
12.4,1.3,0.0343288705801579,"#a65628"
13,3.7,0.0343288705801579,"#AAAAAA"
12.8,3.4,0.0343288705801579,"#AAAAAA"
12.6,3.4,0.0343288705801579,"#AAAAAA"
12,5.5,0.0343288705801579,"#ffd300"
12.2,5.6,0.0343288705801579,"#ffd300"
12.4,5.6,0.0343288705801579,"#ffd300"
13,6.4,0.0343288705801579,"#4daf4a"
12.8,6.3,0.0343288705801579,"#4daf4a"
12.6,6.3,0.0343288705801579,"#4daf4a"
12,5.5,0.0343288705801579,"#AAAAAA"
12.2,5,0.0343288705801579,"#AAAAAA"
12.4,5,0.0343288705801579,"#AAAAAA"
13,1,0.0343288705801579,"#4daf4a"
12.8,1.5,0.0343288705801579,"#4daf4a"
12.6,1.5,0.0343288705801579,"#4daf4a"
12,5.5,0.308959835221421,"#4daf4a"
12.2,5.5,0.308959835221421,"#4daf4a"
12.4,5.5,0.308959835221421,"#4daf4a"
13,5.5,0.308959835221421,"#4daf4a"
12.8,5.5,0.308959835221421,"#4daf4a"
12.6,5.5,0.308959835221421,"#4daf4a"
12,5.5,10.6076210092688,"#a65628"
12.2,5.3,10.6076210092688,"#a65628"
12.4,5.3,10.6076210092688,"#a65628"
13,3.7,10.6076210092688,"#4daf4a"
12.8,3.9,10.6076210092688,"#4daf4a"
12.6,3.9,10.6076210092688,"#4daf4a"
12,5.5,0.0343288705801579,"#377eb8"
12.2,5.2,0.0343288705801579,"#377eb8"
12.4,5.2,0.0343288705801579,"#377eb8"
13,2.8,0.0343288705801579,"#4daf4a"
12.8,3.1,0.0343288705801579,"#4daf4a"
12.6,3.1,0.0343288705801579,"#4daf4a"
12,3.7,0.205973223480947,"#ffd300"
12.2,4,0.205973223480947,"#ffd300"
12.4,4,0.205973223480947,"#ffd300"
13,6.4,0.205973223480947,"#a65628"
12.8,6.1,0.205973223480947,"#a65628"
12.6,6.1,0.205973223480947,"#a65628"
12,3.7,0.480604188122211,"#e41a1c"
12.2,3.5,0.480604188122211,"#e41a1c"
12.4,3.5,0.480604188122211,"#e41a1c"
13,1.9,0.480604188122211,"#a65628"
12.8,2.1,0.480604188122211,"#a65628"
12.6,2.1,0.480604188122211,"#a65628"
12,3.7,0.274630964641263,"#AAAAAA"
12.2,3.4,0.274630964641263,"#AAAAAA"
12.4,3.4,0.274630964641263,"#AAAAAA"
13,1,0.274630964641263,"#a65628"
12.8,1.3,0.274630964641263,"#a65628"
12.6,1.3,0.274630964641263,"#a65628"
12,3.7,40.0617919670443,"#4daf4a"
12.2,3.9,40.0617919670443,"#4daf4a"
12.4,3.9,40.0617919670443,"#4daf4a"
13,5.5,40.0617919670443,"#a65628"
12.8,5.3,40.0617919670443,"#a65628"
12.6,5.3,40.0617919670443,"#a65628"
12,3.7,1.13285272914521,"#a65628"
12.2,3.7,1.13285272914521,"#a65628"
12.4,3.7,1.13285272914521,"#a65628"
13,3.7,1.13285272914521,"#a65628"
12.8,3.7,1.13285272914521,"#a65628"
12.6,3.7,1.13285272914521,"#a65628"
12,3.7,40.2677651905252,"#377eb8"
12.2,3.6,40.2677651905252,"#377eb8"
12.4,3.6,40.2677651905252,"#377eb8"
13,2.8,40.2677651905252,"#a65628"
12.8,2.9,40.2677651905252,"#a65628"
12.6,2.9,40.2677651905252,"#a65628"
13,6.4,0.102986611740474,"#ffd300"
13.2,6.4,0.102986611740474,"#ffd300"
13.4,6.4,0.102986611740474,"#ffd300"
14,6.4,0.102986611740474,"#ffd300"
13.8,6.4,0.102986611740474,"#ffd300"
13.6,6.4,0.102986611740474,"#ffd300"
13,6.4,0.102986611740474,"#AAAAAA"
13.2,5.8,0.102986611740474,"#AAAAAA"
13.4,5.8,0.102986611740474,"#AAAAAA"
14,1,0.102986611740474,"#ffd300"
13.8,1.6,0.102986611740474,"#ffd300"
13.6,1.6,0.102986611740474,"#ffd300"
13,6.4,0.0343288705801579,"#4daf4a"
13.2,6.3,0.0343288705801579,"#4daf4a"
13.4,6.3,0.0343288705801579,"#4daf4a"
14,5.5,0.0343288705801579,"#ffd300"
13.8,5.6,0.0343288705801579,"#ffd300"
13.6,5.6,0.0343288705801579,"#ffd300"
13,1.9,0.240302094061105,"#AAAAAA"
13.2,1.8,0.240302094061105,"#AAAAAA"
13.4,1.8,0.240302094061105,"#AAAAAA"
14,1,0.240302094061105,"#e41a1c"
13.8,1.1,0.240302094061105,"#e41a1c"
13.6,1.1,0.240302094061105,"#e41a1c"
13,1.9,0.205973223480947,"#4daf4a"
13.2,2.3,0.205973223480947,"#4daf4a"
13.4,2.3,0.205973223480947,"#4daf4a"
14,5.5,0.205973223480947,"#e41a1c"
13.8,5.1,0.205973223480947,"#e41a1c"
13.6,5.1,0.205973223480947,"#e41a1c"
13,1.9,0.0343288705801579,"#a65628"
13.2,2.1,0.0343288705801579,"#a65628"
13.4,2.1,0.0343288705801579,"#a65628"
14,3.7,0.0343288705801579,"#e41a1c"
13.8,3.5,0.0343288705801579,"#e41a1c"
13.6,3.5,0.0343288705801579,"#e41a1c"
13,4.6,0.137315482320632,"#f781bf"
13.2,4.6,0.137315482320632,"#f781bf"
13.4,4.6,0.137315482320632,"#f781bf"
14,4.6,0.137315482320632,"#f781bf"
13.8,4.6,0.137315482320632,"#f781bf"
13.6,4.6,0.137315482320632,"#f781bf"
13,1,0.0343288705801579,"#ffd300"
13.2,1.6,0.0343288705801579,"#ffd300"
13.4,1.6,0.0343288705801579,"#ffd300"
14,6.4,0.0343288705801579,"#AAAAAA"
13.8,5.8,0.0343288705801579,"#AAAAAA"
13.6,5.8,0.0343288705801579,"#AAAAAA"
13,1,6.17919670442842,"#AAAAAA"
13.2,1,6.17919670442842,"#AAAAAA"
13.4,1,6.17919670442842,"#AAAAAA"
14,1,6.17919670442842,"#AAAAAA"
13.8,1,6.17919670442842,"#AAAAAA"
13.6,1,6.17919670442842,"#AAAAAA"
13,1,0.240302094061105,"#4daf4a"
13.2,1.5,0.240302094061105,"#4daf4a"
13.4,1.5,0.240302094061105,"#4daf4a"
14,5.5,0.240302094061105,"#AAAAAA"
13.8,5,0.240302094061105,"#AAAAAA"
13.6,5,0.240302094061105,"#AAAAAA"
13,1,0.0343288705801579,"#a65628"
13.2,1.3,0.0343288705801579,"#a65628"
13.4,1.3,0.0343288705801579,"#a65628"
14,3.7,0.0343288705801579,"#AAAAAA"
13.8,3.4,0.0343288705801579,"#AAAAAA"
13.6,3.4,0.0343288705801579,"#AAAAAA"
13,5.5,0.858221764503948,"#ffd300"
13.2,5.6,0.858221764503948,"#ffd300"
13.4,5.6,0.858221764503948,"#ffd300"
14,6.4,0.858221764503948,"#4daf4a"
13.8,6.3,0.858221764503948,"#4daf4a"
13.6,6.3,0.858221764503948,"#4daf4a"
13,5.5,3.39855818743563,"#AAAAAA"
13.2,5,3.39855818743563,"#AAAAAA"
13.4,5,3.39855818743563,"#AAAAAA"
14,1,3.39855818743563,"#4daf4a"
13.8,1.5,3.39855818743563,"#4daf4a"
13.6,1.5,3.39855818743563,"#4daf4a"
13,5.5,11.9807758324751,"#4daf4a"
13.2,5.5,11.9807758324751,"#4daf4a"
13.4,5.5,11.9807758324751,"#4daf4a"
14,5.5,11.9807758324751,"#4daf4a"
13.8,5.5,11.9807758324751,"#4daf4a"
13.6,5.5,11.9807758324751,"#4daf4a"
13,5.5,24.0645382766907,"#a65628"
13.2,5.3,24.0645382766907,"#a65628"
13.4,5.3,24.0645382766907,"#a65628"
14,3.7,24.0645382766907,"#4daf4a"
13.8,3.9,24.0645382766907,"#4daf4a"
13.6,3.9,24.0645382766907,"#4daf4a"
13,5.5,0.240302094061105,"#377eb8"
13.2,5.2,0.240302094061105,"#377eb8"
13.4,5.2,0.240302094061105,"#377eb8"
14,2.8,0.240302094061105,"#4daf4a"
13.8,3.1,0.240302094061105,"#4daf4a"
13.6,3.1,0.240302094061105,"#4daf4a"
13,3.7,0.102986611740474,"#ffd300"
13.2,4,0.102986611740474,"#ffd300"
13.4,4,0.102986611740474,"#ffd300"
14,6.4,0.102986611740474,"#a65628"
13.8,6.1,0.102986611740474,"#a65628"
13.6,6.1,0.102986611740474,"#a65628"
13,3.7,0.0343288705801579,"#e41a1c"
13.2,3.5,0.0343288705801579,"#e41a1c"
13.4,3.5,0.0343288705801579,"#e41a1c"
14,1.9,0.0343288705801579,"#a65628"
13.8,2.1,0.0343288705801579,"#a65628"
13.6,2.1,0.0343288705801579,"#a65628"
13,3.7,0.102986611740474,"#AAAAAA"
13.2,3.4,0.102986611740474,"#AAAAAA"
13.4,3.4,0.102986611740474,"#AAAAAA"
14,1,0.102986611740474,"#a65628"
13.8,1.3,0.102986611740474,"#a65628"
13.6,1.3,0.102986611740474,"#a65628"
13,3.7,11.4658427737727,"#4daf4a"
13.2,3.9,11.4658427737727,"#4daf4a"
13.4,3.9,11.4658427737727,"#4daf4a"
14,5.5,11.4658427737727,"#a65628"
13.8,5.3,11.4658427737727,"#a65628"
13.6,5.3,11.4658427737727,"#a65628"
13,3.7,0.0686577411603158,"#a65628"
13.2,3.7,0.0686577411603158,"#a65628"
13.4,3.7,0.0686577411603158,"#a65628"
14,3.7,0.0686577411603158,"#a65628"
13.8,3.7,0.0686577411603158,"#a65628"
13.6,3.7,0.0686577411603158,"#a65628"
13,3.7,0.0343288705801579,"#377eb8"
13.2,3.6,0.0343288705801579,"#377eb8"
13.4,3.6,0.0343288705801579,"#377eb8"
14,2.8,0.0343288705801579,"#a65628"
13.8,2.9,0.0343288705801579,"#a65628"
13.6,2.9,0.0343288705801579,"#a65628"
13,2.8,0.17164435290079,"#ffd300"
13.2,3.2,0.17164435290079,"#ffd300"
13.4,3.2,0.17164435290079,"#ffd300"
14,6.4,0.17164435290079,"#377eb8"
13.8,6,0.17164435290079,"#377eb8"
13.6,6,0.17164435290079,"#377eb8"
13,2.8,39.340885684861,"#AAAAAA"
13.2,2.6,39.340885684861,"#AAAAAA"
13.4,2.6,39.340885684861,"#AAAAAA"
14,1,39.340885684861,"#377eb8"
13.8,1.2,39.340885684861,"#377eb8"
13.6,1.2,39.340885684861,"#377eb8"
13,2.8,0.652248541023,"#4daf4a"
13.2,3.1,0.652248541023,"#4daf4a"
13.4,3.1,0.652248541023,"#4daf4a"
14,5.5,0.652248541023,"#377eb8"
13.8,5.2,0.652248541023,"#377eb8"
13.6,5.2,0.652248541023,"#377eb8"
13,2.8,0.0343288705801579,"#a65628"
13.2,2.9,0.0343288705801579,"#a65628"
13.4,2.9,0.0343288705801579,"#a65628"
14,3.7,0.0343288705801579,"#377eb8"
13.8,3.6,0.0343288705801579,"#377eb8"
13.6,3.6,0.0343288705801579,"#377eb8"
13,2.8,0.102986611740474,"#377eb8"
13.2,2.8,0.102986611740474,"#377eb8"
13.4,2.8,0.102986611740474,"#377eb8"
14,2.8,0.102986611740474,"#377eb8"
13.8,2.8,0.102986611740474,"#377eb8"
13.6,2.8,0.102986611740474,"#377eb8"
