"X","cropCode","numPixelsWiZone","cropCodeFrom","cropCodeTo","yearFrom","yearTo"
"T160 R45W S20",121121,26,121,121,2008,2009
"T160 R45W S20",141141,1309,141,141,2008,2009
"T160 R45W S20",141190,15,141,190,2008,2009
"T160 R45W S20",141195,40,141,195,2008,2009
"T160 R45W S20",190141,30,190,141,2008,2009
"T160 R45W S20",190190,1,190,190,2008,2009
"T160 R45W S20",190195,10,190,195,2008,2009
"T160 R45W S20",195111,1,195,111,2008,2009
"T160 R45W S20",195141,3,195,141,2008,2009
"T160 R45W S20",195176,7,195,176,2008,2009
"T160 R45W S20",195195,494,195,195,2008,2009
"T160 R45W S20",37195,88,37,195,2008,2009
"T160 R45W S20",190152,1,190,152,2008,2009
"T160 R45W S20",195061,1,195,61,2008,2009
"T160 R45W S20",176195,62,176,195,2008,2009
"T160 R45W S20",195152,25,195,152,2008,2009
"T160 R45W S20",195037,18,195,37,2008,2009
"T160 R45W S20",176176,16,176,176,2008,2009
"T160 R45W S20",37037,142,37,37,2008,2009
"T160 R45W S20",141152,22,141,152,2008,2009
"T160 R45W S20",176036,15,176,36,2008,2009
"T160 R45W S20",176061,2,176,61,2008,2009
"T160 R45W S20",195005,17,195,5,2008,2009
"T160 R45W S20",195036,19,195,36,2008,2009
"T160 R45W S20",5195,38,5,195,2008,2009
"T160 R45W S20",36036,21,36,36,2008,2009
"T160 R45W S20",36176,13,36,176,2008,2009
"T160 R45W S20",59195,4,59,195,2008,2009
"T160 R45W S20",176023,1,176,23,2008,2009
"T160 R45W S20",176037,48,176,37,2008,2009
"T160 R45W S20",176059,1,176,59,2008,2009
"T160 R45W S20",36195,74,36,195,2008,2009
"T160 R45W S20",37036,66,37,36,2008,2009
"T160 R45W S20",37061,4,37,61,2008,2009
"T160 R45W S20",37176,29,37,176,2008,2009
"T160 R45W S20",152195,2,152,195,2008,2009
"T160 R45W S20",37023,26,37,23,2008,2009
"T160 R45W S20",5005,29,5,5,2008,2009
"T160 R45W S20",5037,1,5,37,2008,2009
"T160 R45W S20",36023,2,36,23,2008,2009
"T160 R45W S20",36024,1,36,24,2008,2009
"T160 R45W S20",36037,49,36,37,2008,2009
"T160 R45W S20",111037,1,111,37,2008,2009
"T160 R45W S20",141111,1,141,111,2008,2009
"T160 R45W S20",6005,1,6,5,2008,2009
"T160 R45W S20",37005,1,37,5,2008,2009
"T160 R45W S20",37059,2,37,59,2008,2009
"T160 R45W S20",152152,1,152,152,2008,2009
"T160 R45W S20",37024,7,37,24,2008,2009
"T160 R45W S20",195001,1,195,1,2008,2009
"T160 R45W S20",152141,9,152,141,2008,2009
"T160 R45W S20",59036,5,59,36,2008,2009
"T160 R45W S20",59037,2,59,37,2008,2009
"T160 R45W S20",121121,26,121,121,2009,2010
"T160 R45W S20",141141,1307,141,141,2009,2010
"T160 R45W S20",141152,2,141,152,2009,2010
"T160 R45W S20",141190,36,141,190,2009,2010
"T160 R45W S20",176195,3,176,195,2009,2010
"T160 R45W S20",190141,15,190,141,2009,2010
"T160 R45W S20",190190,1,190,190,2009,2010
"T160 R45W S20",195059,4,195,59,2009,2010
"T160 R45W S20",195141,44,195,141,2009,2010
"T160 R45W S20",195152,1,195,152,2009,2010
"T160 R45W S20",195176,354,195,176,2009,2010
"T160 R45W S20",195190,8,195,190,2009,2010
"T160 R45W S20",195195,357,195,195,2009,2010
"T160 R45W S20",152141,22,152,141,2009,2010
"T160 R45W S20",195005,1,195,5,2009,2010
"T160 R45W S20",195036,15,195,36,2009,2010
"T160 R45W S20",111176,1,111,176,2009,2010
"T160 R45W S20",141195,6,141,195,2009,2010
"T160 R45W S20",111141,1,111,141,2009,2010
"T160 R45W S20",152195,25,152,195,2009,2010
"T160 R45W S20",195023,17,195,23,2009,2010
"T160 R45W S20",5195,7,5,195,2009,2010
"T160 R45W S20",36176,102,36,176,2009,2010
"T160 R45W S20",36195,2,36,195,2009,2010
"T160 R45W S20",61176,7,61,176,2009,2010
"T160 R45W S20",176036,1,176,36,2009,2010
"T160 R45W S20",176176,60,176,176,2009,2010
"T160 R45W S20",195037,4,195,37,2009,2010
"T160 R45W S20",37176,256,37,176,2009,2010
"T160 R45W S20",152176,2,152,176,2009,2010
"T160 R45W S20",59176,3,59,176,2009,2010
"T160 R45W S20",5111,1,5,111,2009,2010
"T160 R45W S20",195024,2,195,24,2009,2010
"T160 R45W S20",23176,29,23,176,2009,2010
"T160 R45W S20",5023,17,5,23,2009,2010
"T160 R45W S20",5176,18,5,176,2009,2010
"T160 R45W S20",5024,4,5,24,2009,2010
"T160 R45W S20",24176,8,24,176,2009,2010
"T160 R45W S20",1023,1,1,23,2009,2010
"T160 R45W S20",36036,15,36,36,2009,2010
"T160 R45W S20",37036,1,37,36,2009,2010
"T160 R45W S20",5036,1,5,36,2009,2010
"T160 R45W S20",176037,1,176,37,2009,2010
"T160 R45W S20",36037,7,36,37,2009,2010
"T160 R45W S20",37037,4,37,37,2009,2010
"T160 R45W S20",195061,5,195,61,2009,2010
"T160 R45W S20",59195,4,59,195,2010,2011
"T160 R45W S20",111195,1,111,195,2010,2011
"T160 R45W S20",121121,26,121,121,2010,2011
"T160 R45W S20",141190,46,141,190,2010,2011
"T160 R45W S20",141195,12,141,195,2010,2011
"T160 R45W S20",152141,2,152,141,2010,2011
"T160 R45W S20",176195,541,176,195,2010,2011
"T160 R45W S20",190141,40,190,141,2010,2011
"T160 R45W S20",190190,2,190,190,2010,2011
"T160 R45W S20",190195,3,190,195,2010,2011
"T160 R45W S20",195111,2,195,111,2010,2011
"T160 R45W S20",195195,387,195,195,2010,2011
"T160 R45W S20",36195,7,36,195,2010,2011
"T160 R45W S20",141141,1314,141,141,2010,2011
"T160 R45W S20",195141,5,195,141,2010,2011
"T160 R45W S20",152195,1,152,195,2010,2011
"T160 R45W S20",176111,5,176,111,2010,2011
"T160 R45W S20",195005,1,195,5,2010,2011
"T160 R45W S20",195152,1,195,152,2010,2011
"T160 R45W S20",36037,16,36,37,2010,2011
"T160 R45W S20",141152,17,141,152,2010,2011
"T160 R45W S20",176023,1,176,23,2010,2011
"T160 R45W S20",176036,182,176,36,2010,2011
"T160 R45W S20",176037,109,176,37,2010,2011
"T160 R45W S20",195023,1,195,23,2010,2011
"T160 R45W S20",195037,2,195,37,2010,2011
"T160 R45W S20",23195,35,23,195,2010,2011
"T160 R45W S20",37195,2,37,195,2010,2011
"T160 R45W S20",176141,1,176,141,2010,2011
"T160 R45W S20",195061,1,195,61,2010,2011
"T160 R45W S20",24195,6,24,195,2010,2011
"T160 R45W S20",5023,1,5,23,2010,2011
"T160 R45W S20",61111,2,61,111,2010,2011
"T160 R45W S20",36036,10,36,36,2010,2011
"T160 R45W S20",176176,1,176,176,2010,2011
"T160 R45W S20",37036,11,37,36,2010,2011
"T160 R45W S20",37037,3,37,37,2010,2011
"T160 R45W S20",61195,3,61,195,2010,2011
"T160 R45W S20",111195,4,111,195,2011,2012
"T160 R45W S20",141190,41,141,190,2011,2012
"T160 R45W S20",141195,62,141,195,2011,2012
"T160 R45W S20",190141,42,190,141,2011,2012
"T160 R45W S20",190190,5,190,190,2011,2012
"T160 R45W S20",190195,1,190,195,2011,2012
"T160 R45W S20",195111,1,195,111,2011,2012
"T160 R45W S20",195141,10,195,141,2011,2012
"T160 R45W S20",195152,12,195,152,2011,2012
"T160 R45W S20",195190,4,195,190,2011,2012
"T160 R45W S20",195195,747,195,195,2011,2012
"T160 R45W S20",121121,26,121,121,2011,2012
"T160 R45W S20",141141,1246,141,141,2011,2012
"T160 R45W S20",5195,1,5,195,2011,2012
"T160 R45W S20",36195,83,36,195,2011,2012
"T160 R45W S20",152195,2,152,195,2011,2012
"T160 R45W S20",195037,176,195,37,2011,2012
"T160 R45W S20",23195,2,23,195,2011,2012
"T160 R45W S20",36036,4,36,36,2011,2012
"T160 R45W S20",36037,87,36,37,2011,2012
"T160 R45W S20",37195,57,37,195,2011,2012
"T160 R45W S20",195036,13,195,36,2011,2012
"T160 R45W S20",61195,1,61,195,2011,2012
"T160 R45W S20",37036,3,37,36,2011,2012
"T160 R45W S20",37037,64,37,37,2011,2012
"T160 R45W S20",152141,12,152,141,2011,2012
"T160 R45W S20",195005,13,195,5,2011,2012
"T160 R45W S20",195061,1,195,61,2011,2012
"T160 R45W S20",111023,1,111,23,2011,2012
"T160 R45W S20",36023,1,36,23,2011,2012
"T160 R45W S20",37023,1,37,23,2011,2012
"T160 R45W S20",23037,1,23,37,2011,2012
"T160 R45W S20",111037,3,111,37,2011,2012
"T160 R45W S20",176036,1,176,36,2011,2012
"T160 R45W S20",111042,1,111,42,2011,2012
"T160 R45W S20",195042,14,195,42,2011,2012
"T160 R45W S20",36061,18,36,61,2011,2012
"T160 R45W S20",37061,4,37,61,2011,2012
"T160 R45W S20",195023,10,195,23,2011,2012
"T160 R45W S20",37001,1,37,1,2011,2012
"T160 R45W S20",141152,13,141,152,2011,2012
"T160 R45W S20",195001,1,195,1,2011,2012
"T160 R45W S20",152152,4,152,152,2011,2012
"T160 R45W S20",36001,10,36,1,2011,2012
"T160 R45W S20",111195,1,111,195,2012,2013
"T160 R45W S20",141190,47,141,190,2012,2013
"T160 R45W S20",141195,72,141,195,2012,2013
"T160 R45W S20",152195,16,152,195,2012,2013
"T160 R45W S20",190141,39,190,141,2012,2013
"T160 R45W S20",190190,2,190,190,2012,2013
"T160 R45W S20",190195,4,190,195,2012,2013
"T160 R45W S20",195141,47,195,141,2012,2013
"T160 R45W S20",195190,1,195,190,2012,2013
"T160 R45W S20",195195,479,195,195,2012,2013
"T160 R45W S20",121121,26,121,121,2012,2013
"T160 R45W S20",141141,1144,141,141,2012,2013
"T160 R45W S20",195152,13,195,152,2012,2013
"T160 R45W S20",141152,47,141,152,2012,2013
"T160 R45W S20",37195,76,37,195,2012,2013
"T160 R45W S20",23195,5,23,195,2012,2013
"T160 R45W S20",36195,8,36,195,2012,2013
"T160 R45W S20",190152,5,190,152,2012,2013
"T160 R45W S20",195005,337,195,5,2012,2013
"T160 R45W S20",195036,2,195,36,2012,2013
"T160 R45W S20",195037,40,195,37,2012,2013
"T160 R45W S20",195176,1,195,176,2012,2013
"T160 R45W S20",37176,5,37,176,2012,2013
"T160 R45W S20",152152,5,152,152,2012,2013
"T160 R45W S20",195023,1,195,23,2012,2013
"T160 R45W S20",5195,11,5,195,2012,2013
"T160 R45W S20",37037,26,37,37,2012,2013
"T160 R45W S20",37023,1,37,23,2012,2013
"T160 R45W S20",37005,167,37,5,2012,2013
"T160 R45W S20",152141,8,152,141,2012,2013
"T160 R45W S20",61005,9,61,5,2012,2013
"T160 R45W S20",61195,5,61,195,2012,2013
"T160 R45W S20",195061,33,195,61,2012,2013
"T160 R45W S20",61061,9,61,61,2012,2013
"T160 R45W S20",195001,3,195,1,2012,2013
"T160 R45W S20",1005,5,1,5,2012,2013
"T160 R45W S20",5024,1,5,24,2012,2013
"T160 R45W S20",5037,1,5,37,2012,2013
"T160 R45W S20",23023,4,23,23,2012,2013
"T160 R45W S20",23036,1,23,36,2012,2013
"T160 R45W S20",36005,6,36,5,2012,2013
"T160 R45W S20",195024,3,195,24,2012,2013
"T160 R45W S20",42023,7,42,23,2012,2013
"T160 R45W S20",23024,1,23,24,2012,2013
"T160 R45W S20",36037,4,36,37,2012,2013
"T160 R45W S20",37036,2,37,36,2012,2013
"T160 R45W S20",36176,1,36,176,2012,2013
"T160 R45W S20",23037,1,23,37,2012,2013
"T160 R45W S20",23061,1,23,61,2012,2013
"T160 R45W S20",36061,2,36,61,2012,2013
"T160 R45W S20",37001,9,37,1,2012,2013
"T160 R45W S20",37061,42,37,61,2012,2013
"T160 R45W S20",42037,2,42,37,2012,2013
"T160 R45W S20",42195,4,42,195,2012,2013
"T160 R45W S20",1195,4,1,195,2012,2013
"T160 R45W S20",37028,3,37,28,2012,2013
"T160 R45W S20",42036,1,42,36,2012,2013
"T160 R45W S20",42024,1,42,24,2012,2013
"T160 R45W S20",1061,3,1,61,2012,2013
"T160 R45W S20",141152,1,141,152,2013,2014
"T160 R45W S20",141190,100,141,190,2013,2014
"T160 R45W S20",141195,50,141,195,2013,2014
"T160 R45W S20",190141,44,190,141,2013,2014
"T160 R45W S20",190190,5,190,190,2013,2014
"T160 R45W S20",190195,1,190,195,2013,2014
"T160 R45W S20",195141,118,195,141,2013,2014
"T160 R45W S20",195152,9,195,152,2013,2014
"T160 R45W S20",195190,35,195,190,2013,2014
"T160 R45W S20",195195,418,195,195,2013,2014
"T160 R45W S20",121121,26,121,121,2013,2014
"T160 R45W S20",152190,7,152,190,2013,2014
"T160 R45W S20",152195,4,152,195,2013,2014
"T160 R45W S20",195036,48,195,36,2013,2014
"T160 R45W S20",195037,50,195,37,2013,2014
"T160 R45W S20",5195,164,5,195,2013,2014
"T160 R45W S20",36195,2,36,195,2013,2014
"T160 R45W S20",37195,28,37,195,2013,2014
"T160 R45W S20",176195,2,176,195,2013,2014
"T160 R45W S20",195176,1,195,176,2013,2014
"T160 R45W S20",37037,39,37,37,2013,2014
"T160 R45W S20",141141,1087,141,141,2013,2014
"T160 R45W S20",195005,2,195,5,2013,2014
"T160 R45W S20",36036,3,36,36,2013,2014
"T160 R45W S20",36037,1,36,37,2013,2014
"T160 R45W S20",176037,4,176,37,2013,2014
"T160 R45W S20",5190,3,5,190,2013,2014
"T160 R45W S20",23005,5,23,5,2013,2014
"T160 R45W S20",37190,2,37,190,2013,2014
"T160 R45W S20",61195,19,61,195,2013,2014
"T160 R45W S20",152141,57,152,141,2013,2014
"T160 R45W S20",152152,2,152,152,2013,2014
"T160 R45W S20",5059,2,5,59,2013,2014
"T160 R45W S20",61059,2,61,59,2013,2014
"T160 R45W S20",61005,4,61,5,2013,2014
"T160 R45W S20",5005,193,5,5,2013,2014
"T160 R45W S20",5023,3,5,23,2013,2014
"T160 R45W S20",5024,5,5,24,2013,2014
"T160 R45W S20",195023,4,195,23,2013,2014
"T160 R45W S20",5036,63,5,36,2013,2014
"T160 R45W S20",37005,2,37,5,2013,2014
"T160 R45W S20",37036,3,37,36,2013,2014
"T160 R45W S20",61023,8,61,23,2013,2014
"T160 R45W S20",61036,25,61,36,2013,2014
"T160 R45W S20",1036,4,1,36,2013,2014
"T160 R45W S20",5037,68,5,37,2013,2014
"T160 R45W S20",5141,22,5,141,2013,2014
"T160 R45W S20",23036,8,23,36,2013,2014
"T160 R45W S20",1037,7,1,37,2013,2014
"T160 R45W S20",24195,4,24,195,2013,2014
"T160 R45W S20",5028,1,5,28,2013,2014
"T160 R45W S20",1195,1,1,195,2013,2014
"T160 R45W S20",176036,1,176,36,2013,2014
"T160 R45W S20",24036,2,24,36,2013,2014
"T160 R45W S20",61024,7,61,24,2013,2014
"T160 R45W S20",61037,25,61,37,2013,2014
"T160 R45W S20",28024,1,28,24,2013,2014
"T160 R45W S20",28036,1,28,36,2013,2014
"T160 R45W S20",28037,1,28,37,2013,2014
"T160 R45W S20",121121,26,121,121,2014,2015
"T160 R45W S20",141190,19,141,190,2014,2015
"T160 R45W S20",141195,48,141,195,2014,2015
"T160 R45W S20",152195,2,152,195,2014,2015
"T160 R45W S20",190111,2,190,111,2014,2015
"T160 R45W S20",190141,122,190,141,2014,2015
"T160 R45W S20",190190,1,190,190,2014,2015
"T160 R45W S20",190195,23,190,195,2014,2015
"T160 R45W S20",195111,28,195,111,2014,2015
"T160 R45W S20",195141,103,195,141,2014,2015
"T160 R45W S20",195190,1,195,190,2014,2015
"T160 R45W S20",195195,489,195,195,2014,2015
"T160 R45W S20",176195,1,176,195,2014,2015
"T160 R45W S20",190152,4,190,152,2014,2015
"T160 R45W S20",141141,1241,141,141,2014,2015
"T160 R45W S20",195176,2,195,176,2014,2015
"T160 R45W S20",36195,15,36,195,2014,2015
"T160 R45W S20",37195,27,37,195,2014,2015
"T160 R45W S20",141111,3,141,111,2014,2015
"T160 R45W S20",195036,3,195,36,2014,2015
"T160 R45W S20",5195,3,5,195,2014,2015
"T160 R45W S20",36036,101,36,36,2014,2015
"T160 R45W S20",36176,1,36,176,2014,2015
"T160 R45W S20",37036,4,37,36,2014,2015
"T160 R45W S20",37037,46,37,37,2014,2015
"T160 R45W S20",37176,82,37,176,2014,2015
"T160 R45W S20",195024,10,195,24,2014,2015
"T160 R45W S20",195152,7,195,152,2014,2015
"T160 R45W S20",195005,39,195,5,2014,2015
"T160 R45W S20",59005,1,59,5,2014,2015
"T160 R45W S20",5005,128,5,5,2014,2015
"T160 R45W S20",5023,41,5,23,2014,2015
"T160 R45W S20",59023,3,59,23,2014,2015
"T160 R45W S20",24005,3,24,5,2014,2015
"T160 R45W S20",23005,3,23,5,2014,2015
"T160 R45W S20",5001,2,5,1,2014,2015
"T160 R45W S20",5021,2,5,21,2014,2015
"T160 R45W S20",5024,23,5,24,2014,2015
"T160 R45W S20",23023,8,23,23,2014,2015
"T160 R45W S20",24023,8,24,23,2014,2015
"T160 R45W S20",36005,20,36,5,2014,2015
"T160 R45W S20",36023,3,36,23,2014,2015
"T160 R45W S20",36037,14,36,37,2014,2015
"T160 R45W S20",36059,1,36,59,2014,2015
"T160 R45W S20",37005,29,37,5,2014,2015
"T160 R45W S20",37023,4,37,23,2014,2015
"T160 R45W S20",195023,7,195,23,2014,2015
"T160 R45W S20",5039,1,5,39,2014,2015
"T160 R45W S20",24036,1,24,36,2014,2015
"T160 R45W S20",36001,3,36,1,2014,2015
"T160 R45W S20",24001,1,24,1,2014,2015
"T160 R45W S20",28005,1,28,5,2014,2015
"T160 R45W S20",195006,1,195,6,2014,2015
"T160 R45W S20",195037,3,195,37,2014,2015
"T160 R45W S20",5027,6,5,27,2014,2015
"T160 R45W S20",141005,5,141,5,2014,2015
"T160 R45W S20",37028,3,37,28,2014,2015
"T160 R45W S20",152141,9,152,141,2014,2015
"T160 R45W S20",23195,4,23,195,2014,2015
"T160 R45W S20",141152,9,141,152,2014,2015
"T160 R45W S20",152152,1,152,152,2014,2015
"T160 R45W S20",141037,1,141,37,2014,2015
"T160 R45W S20",141024,2,141,24,2014,2015
"T160 R45W S20",111195,31,111,195,2015,2016
"T160 R45W S20",121121,26,121,121,2015,2016
"T160 R45W S20",141190,11,141,190,2015,2016
"T160 R45W S20",190195,3,190,195,2015,2016
"T160 R45W S20",195111,2,195,111,2015,2016
"T160 R45W S20",195141,64,195,141,2015,2016
"T160 R45W S20",195152,4,195,152,2015,2016
"T160 R45W S20",195190,6,195,190,2015,2016
"T160 R45W S20",195195,429,195,195,2015,2016
"T160 R45W S20",141141,1369,141,141,2015,2016
"T160 R45W S20",141152,1,141,152,2015,2016
"T160 R45W S20",141195,93,141,195,2015,2016
"T160 R45W S20",190141,18,190,141,2015,2016
"T160 R45W S20",176176,18,176,176,2015,2016
"T160 R45W S20",195176,2,195,176,2015,2016
"T160 R45W S20",176195,13,176,195,2015,2016
"T160 R45W S20",195005,91,195,5,2015,2016
"T160 R45W S20",36195,2,36,195,2015,2016
"T160 R45W S20",37037,14,37,37,2015,2016
"T160 R45W S20",37176,23,37,176,2015,2016
"T160 R45W S20",36036,80,36,36,2015,2016
"T160 R45W S20",36037,2,36,37,2015,2016
"T160 R45W S20",37036,7,37,36,2015,2016
"T160 R45W S20",37195,2,37,195,2015,2016
"T160 R45W S20",176036,26,176,36,2015,2016
"T160 R45W S20",176037,12,176,37,2015,2016
"T160 R45W S20",195037,1,195,37,2015,2016
"T160 R45W S20",176141,1,176,141,2015,2016
"T160 R45W S20",176142,1,176,142,2015,2016
"T160 R45W S20",36005,7,36,5,2015,2016
"T160 R45W S20",152195,8,152,195,2015,2016
"T160 R45W S20",5005,172,5,5,2015,2016
"T160 R45W S20",195001,1,195,1,2015,2016
"T160 R45W S20",111141,1,111,141,2015,2016
"T160 R45W S20",23005,50,23,5,2015,2016
"T160 R45W S20",5023,20,5,23,2015,2016
"T160 R45W S20",1036,4,1,36,2015,2016
"T160 R45W S20",5036,18,5,36,2015,2016
"T160 R45W S20",21005,2,21,5,2015,2016
"T160 R45W S20",23023,7,23,23,2015,2016
"T160 R45W S20",23036,17,23,36,2015,2016
"T160 R45W S20",24005,35,24,5,2015,2016
"T160 R45W S20",36023,3,36,23,2015,2016
"T160 R45W S20",37005,9,37,5,2015,2016
"T160 R45W S20",59036,1,59,36,2015,2016
"T160 R45W S20",1005,2,1,5,2015,2016
"T160 R45W S20",5176,3,5,176,2015,2016
"T160 R45W S20",37023,8,37,23,2015,2016
"T160 R45W S20",141005,1,141,5,2015,2016
"T160 R45W S20",6005,1,6,5,2015,2016
"T160 R45W S20",37001,1,37,1,2015,2016
"T160 R45W S20",111005,1,111,5,2015,2016
"T160 R45W S20",5037,4,5,37,2015,2016
"T160 R45W S20",36001,2,36,1,2015,2016
"T160 R45W S20",195023,12,195,23,2015,2016
"T160 R45W S20",176111,7,176,111,2015,2016
"T160 R45W S20",5195,6,5,195,2015,2016
"T160 R45W S20",5059,3,5,59,2015,2016
"T160 R45W S20",27005,6,27,5,2015,2016
"T160 R45W S20",176023,6,176,23,2015,2016
"T160 R45W S20",28036,3,28,36,2015,2016
"T160 R45W S20",36028,13,36,28,2015,2016
"T160 R45W S20",152141,13,152,141,2015,2016
"T160 R45W S20",5028,2,5,28,2015,2016
"T160 R45W S20",176028,1,176,28,2015,2016
"T160 R45W S20",5152,1,5,152,2015,2016
"T160 R45W S20",39059,1,39,59,2015,2016
"T160 R45W S20",111195,7,111,195,2016,2017
"T160 R45W S20",121121,26,121,121,2016,2017
"T160 R45W S20",141195,59,141,195,2016,2017
"T160 R45W S20",190190,2,190,190,2016,2017
"T160 R45W S20",190195,5,190,195,2016,2017
"T160 R45W S20",195111,1,195,111,2016,2017
"T160 R45W S20",195190,11,195,190,2016,2017
"T160 R45W S20",195195,420,195,195,2016,2017
"T160 R45W S20",141190,14,141,190,2016,2017
"T160 R45W S20",152195,4,152,195,2016,2017
"T160 R45W S20",176195,8,176,195,2016,2017
"T160 R45W S20",36195,4,36,195,2016,2017
"T160 R45W S20",5195,6,5,195,2016,2017
"T160 R45W S20",190141,9,190,141,2016,2017
"T160 R45W S20",37037,23,37,37,2016,2017
"T160 R45W S20",176037,23,176,37,2016,2017
"T160 R45W S20",36036,81,36,36,2016,2017
"T160 R45W S20",37036,6,37,36,2016,2017
"T160 R45W S20",37195,1,37,195,2016,2017
"T160 R45W S20",195141,140,195,141,2016,2017
"T160 R45W S20",190152,1,190,152,2016,2017
"T160 R45W S20",141141,1362,141,141,2016,2017
"T160 R45W S20",195176,1,195,176,2016,2017
"T160 R45W S20",141152,31,141,152,2016,2017
"T160 R45W S20",176176,9,176,176,2016,2017
"T160 R45W S20",5005,338,5,5,2016,2017
"T160 R45W S20",5023,1,5,23,2016,2017
"T160 R45W S20",5059,3,5,59,2016,2017
"T160 R45W S20",195001,1,195,1,2016,2017
"T160 R45W S20",1005,3,1,5,2016,2017
"T160 R45W S20",1036,1,1,36,2016,2017
"T160 R45W S20",23005,12,23,5,2016,2017
"T160 R45W S20",5001,23,5,1,2016,2017
"T160 R45W S20",5036,4,5,36,2016,2017
"T160 R45W S20",23001,5,23,1,2016,2017
"T160 R45W S20",23036,4,23,36,2016,2017
"T160 R45W S20",36005,17,36,5,2016,2017
"T160 R45W S20",36037,18,36,37,2016,2017
"T160 R45W S20",176036,2,176,36,2016,2017
"T160 R45W S20",5037,1,5,37,2016,2017
"T160 R45W S20",176005,4,176,5,2016,2017
"T160 R45W S20",36176,3,36,176,2016,2017
"T160 R45W S20",36001,17,36,1,2016,2017
"T160 R45W S20",195037,6,195,37,2016,2017
"T160 R45W S20",23059,5,23,59,2016,2017
"T160 R45W S20",37005,3,37,5,2016,2017
"T160 R45W S20",111005,2,111,5,2016,2017
"T160 R45W S20",195005,6,195,5,2016,2017
"T160 R45W S20",5176,1,5,176,2016,2017
"T160 R45W S20",23037,15,23,37,2016,2017
"T160 R45W S20",59036,1,59,36,2016,2017
"T160 R45W S20",36059,16,36,59,2016,2017
"T160 R45W S20",142141,1,142,141,2016,2017
"T160 R45W S20",195023,1,195,23,2016,2017
"T160 R45W S20",152141,2,152,141,2016,2017
"T160 R45W S20",28005,2,28,5,2016,2017
"T160 R45W S20",28036,7,28,36,2016,2017
"T160 R45W S20",23195,14,23,195,2016,2017
"T160 R45W S20",59059,3,59,59,2016,2017
"T160 R45W S20",28059,1,28,59,2016,2017
"T160 R45W S20",28037,6,28,37,2016,2017
"T160 R45W S20",23176,1,23,176,2016,2017
"T160 R45W S20",111111,1,111,111,2017,2018
"T160 R45W S20",121121,26,121,121,2017,2018
"T160 R45W S20",190141,13,190,141,2017,2018
"T160 R45W S20",190190,3,190,190,2017,2018
"T160 R45W S20",190195,10,190,195,2017,2018
"T160 R45W S20",195111,4,195,111,2017,2018
"T160 R45W S20",195190,5,195,190,2017,2018
"T160 R45W S20",195195,426,195,195,2017,2018
"T160 R45W S20",195141,47,195,141,2017,2018
"T160 R45W S20",195176,16,195,176,2017,2018
"T160 R45W S20",141190,26,141,190,2017,2018
"T160 R45W S20",141195,176,141,195,2017,2018
"T160 R45W S20",195036,1,195,36,2017,2018
"T160 R45W S20",195152,3,195,152,2017,2018
"T160 R45W S20",5023,5,5,23,2017,2018
"T160 R45W S20",37037,84,37,37,2017,2018
"T160 R45W S20",195037,21,195,37,2017,2018
"T160 R45W S20",36037,6,36,37,2017,2018
"T160 R45W S20",190176,1,190,176,2017,2018
"T160 R45W S20",141141,1273,141,141,2017,2018
"T160 R45W S20",195001,1,195,1,2017,2018
"T160 R45W S20",152195,1,152,195,2017,2018
"T160 R45W S20",195023,1,195,23,2017,2018
"T160 R45W S20",36036,86,36,36,2017,2018
"T160 R45W S20",152141,30,152,141,2017,2018
"T160 R45W S20",59005,15,59,5,2017,2018
"T160 R45W S20",141152,38,141,152,2017,2018
"T160 R45W S20",152152,1,152,152,2017,2018
"T160 R45W S20",176176,14,176,176,2017,2018
"T160 R45W S20",5001,15,5,1,2017,2018
"T160 R45W S20",5005,324,5,5,2017,2018
"T160 R45W S20",5028,13,5,28,2017,2018
"T160 R45W S20",5036,5,5,36,2017,2018
"T160 R45W S20",5041,4,5,41,2017,2018
"T160 R45W S20",36005,13,36,5,2017,2018
"T160 R45W S20",36176,1,36,176,2017,2018
"T160 R45W S20",37036,4,37,36,2017,2018
"T160 R45W S20",141023,1,141,23,2017,2018
"T160 R45W S20",1005,41,1,5,2017,2018
"T160 R45W S20",5037,6,5,37,2017,2018
"T160 R45W S20",23059,1,23,59,2017,2018
"T160 R45W S20",37005,3,37,5,2017,2018
"T160 R45W S20",176023,1,176,23,2017,2018
"T160 R45W S20",1036,3,1,36,2017,2018
"T160 R45W S20",37195,1,37,195,2017,2018
"T160 R45W S20",5176,1,5,176,2017,2018
"T160 R45W S20",5195,14,5,195,2017,2018
"T160 R45W S20",23195,1,23,195,2017,2018
"T160 R45W S20",195028,3,195,28,2017,2018
"T160 R45W S20",59036,5,59,36,2017,2018
"T160 R45W S20",59059,1,59,59,2017,2018
"T160 R45W S20",1041,1,1,41,2017,2018
"T160 R45W S20",59001,1,59,1,2017,2018
"T160 R45W S20",1061,1,1,61,2017,2018
"T160 R45W S20",59037,4,59,37,2017,2018
"T160 R45W S20",59061,1,59,61,2017,2018
"T160 R45W S20",59195,1,59,195,2017,2018
"T160 R45W S20",111195,3,111,195,2018,2019
"T160 R45W S20",121190,6,121,190,2018,2019
"T160 R45W S20",141190,210,141,190,2018,2019
"T160 R45W S20",190190,21,190,190,2018,2019
"T160 R45W S20",190195,4,190,195,2018,2019
"T160 R45W S20",195005,31,195,5,2018,2019
"T160 R45W S20",195111,19,195,111,2018,2019
"T160 R45W S20",195141,10,195,141,2018,2019
"T160 R45W S20",195190,9,195,190,2018,2019
"T160 R45W S20",195195,561,195,195,2018,2019
"T160 R45W S20",152190,1,152,190,2018,2019
"T160 R45W S20",121195,15,121,195,2018,2019
"T160 R45W S20",141195,177,141,195,2018,2019
"T160 R45W S20",176195,15,176,195,2018,2019
"T160 R45W S20",36195,29,36,195,2018,2019
"T160 R45W S20",121023,1,121,23,2018,2019
"T160 R45W S20",141141,975,141,141,2018,2019
"T160 R45W S20",141143,1,141,143,2018,2019
"T160 R45W S20",176037,15,176,37,2018,2019
"T160 R45W S20",37037,6,37,37,2018,2019
"T160 R45W S20",37176,47,37,176,2018,2019
"T160 R45W S20",37195,61,37,195,2018,2019
"T160 R45W S20",5195,34,5,195,2018,2019
"T160 R45W S20",36036,16,36,36,2018,2019
"T160 R45W S20",152195,20,152,195,2018,2019
"T160 R45W S20",190141,9,190,141,2018,2019
"T160 R45W S20",37190,1,37,190,2018,2019
"T160 R45W S20",61061,1,61,61,2018,2019
"T160 R45W S20",61195,1,61,195,2018,2019
"T160 R45W S20",176176,3,176,176,2018,2019
"T160 R45W S20",5023,78,5,23,2018,2019
"T160 R45W S20",5005,217,5,5,2018,2019
"T160 R45W S20",23005,4,23,5,2018,2019
"T160 R45W S20",111005,2,111,5,2018,2019
"T160 R45W S20",1005,15,1,5,2018,2019
"T160 R45W S20",1023,1,1,23,2018,2019
"T160 R45W S20",1195,1,1,195,2018,2019
"T160 R45W S20",5001,59,5,1,2018,2019
"T160 R45W S20",5006,1,5,6,2018,2019
"T160 R45W S20",5176,7,5,176,2018,2019
"T160 R45W S20",23059,3,23,59,2018,2019
"T160 R45W S20",28005,9,28,5,2018,2019
"T160 R45W S20",36005,1,36,5,2018,2019
"T160 R45W S20",36037,1,36,37,2018,2019
"T160 R45W S20",37023,1,37,23,2018,2019
"T160 R45W S20",41005,5,41,5,2018,2019
"T160 R45W S20",121005,4,121,5,2018,2019
"T160 R45W S20",23141,1,23,141,2018,2019
"T160 R45W S20",28023,5,28,23,2018,2019
"T160 R45W S20",28028,1,28,28,2018,2019
"T160 R45W S20",59005,1,59,5,2018,2019
"T160 R45W S20",36176,56,36,176,2018,2019
"T160 R45W S20",37005,5,37,5,2018,2019
"T160 R45W S20",36001,1,36,1,2018,2019
"T160 R45W S20",152141,21,152,141,2018,2019
"T160 R45W S20",28195,1,28,195,2018,2019
"T160 R45W S20",59195,1,59,195,2018,2019
"T160 R45W S20",5061,5,5,61,2019,2020
"T160 R45W S20",111111,16,111,111,2019,2020
"T160 R45W S20",111190,1,111,190,2019,2020
"T160 R45W S20",111195,2,111,195,2019,2020
"T160 R45W S20",141195,38,141,195,2019,2020
"T160 R45W S20",190190,152,190,190,2019,2020
"T160 R45W S20",190195,35,190,195,2019,2020
"T160 R45W S20",195141,54,195,141,2019,2020
"T160 R45W S20",195190,47,195,190,2019,2020
"T160 R45W S20",195195,803,195,195,2019,2020
"T160 R45W S20",190141,60,190,141,2019,2020
"T160 R45W S20",195176,16,195,176,2019,2020
"T160 R45W S20",37176,5,37,176,2019,2020
"T160 R45W S20",5195,2,5,195,2019,2020
"T160 R45W S20",37195,12,37,195,2019,2020
"T160 R45W S20",141141,807,141,141,2019,2020
"T160 R45W S20",176176,105,176,176,2019,2020
"T160 R45W S20",141190,170,141,190,2019,2020
"T160 R45W S20",143190,1,143,190,2019,2020
"T160 R45W S20",190152,1,190,152,2019,2020
"T160 R45W S20",36036,16,36,36,2019,2020
"T160 R45W S20",37037,2,37,37,2019,2020
"T160 R45W S20",195005,1,195,5,2019,2020
"T160 R45W S20",195037,1,195,37,2019,2020
"T160 R45W S20",141143,1,141,143,2019,2020
"T160 R45W S20",59059,2,59,59,2019,2020
"T160 R45W S20",5023,77,5,23,2019,2020
"T160 R45W S20",5001,7,5,1,2019,2020
"T160 R45W S20",176195,1,176,195,2019,2020
"T160 R45W S20",176131,1,176,131,2019,2020
"T160 R45W S20",5005,196,5,5,2019,2020
"T160 R45W S20",5031,2,5,31,2019,2020
"T160 R45W S20",6023,1,6,23,2019,2020
"T160 R45W S20",23005,52,23,5,2019,2020
"T160 R45W S20",23061,1,23,61,2019,2020
"T160 R45W S20",23042,5,23,42,2019,2020
"T160 R45W S20",176037,6,176,37,2019,2020
"T160 R45W S20",1005,57,1,5,2019,2020
"T160 R45W S20",1023,1,1,23,2019,2020
"T160 R45W S20",5176,1,5,176,2019,2020
"T160 R45W S20",23023,5,23,23,2019,2020
"T160 R45W S20",23059,12,23,59,2019,2020
"T160 R45W S20",59005,1,59,5,2019,2020
"T160 R45W S20",28005,1,28,5,2019,2020
"T160 R45W S20",5028,1,5,28,2019,2020
"T160 R45W S20",5041,2,5,41,2019,2020
"T160 R45W S20",23001,5,23,1,2019,2020
"T160 R45W S20",23036,3,23,36,2019,2020
"T160 R45W S20",37036,3,37,36,2019,2020
"T160 R45W S20",1195,2,1,195,2019,2020
"T160 R45W S20",195036,1,195,36,2019,2020
"T160 R45W S20",23028,3,23,28,2019,2020
"T160 R45W S20",5032,1,5,32,2019,2020
"T160 R45W S20",61059,1,61,59,2019,2020
"T160 R45W S20",111111,3,111,111,2020,2021
"T160 R45W S20",111195,13,111,195,2020,2021
"T160 R45W S20",141141,780,141,141,2020,2021
"T160 R45W S20",141195,78,141,195,2020,2021
"T160 R45W S20",190111,1,190,111,2020,2021
"T160 R45W S20",190190,130,190,190,2020,2021
"T160 R45W S20",190195,49,190,195,2020,2021
"T160 R45W S20",195190,38,195,190,2020,2021
"T160 R45W S20",195195,693,195,195,2020,2021
"T160 R45W S20",141190,62,141,190,2020,2021
"T160 R45W S20",176176,124,176,176,2020,2021
"T160 R45W S20",190141,191,190,141,2020,2021
"T160 R45W S20",23005,79,23,5,2020,2021
"T160 R45W S20",195176,103,195,176,2020,2021
"T160 R45W S20",36036,3,36,36,2020,2021
"T160 R45W S20",36176,5,36,176,2020,2021
"T160 R45W S20",36195,10,36,195,2020,2021
"T160 R45W S20",195141,52,195,141,2020,2021
"T160 R45W S20",5005,219,5,5,2020,2021
"T160 R45W S20",176037,2,176,37,2020,2021
"T160 R45W S20",36037,4,36,37,2020,2021
"T160 R45W S20",37037,2,37,37,2020,2021
"T160 R45W S20",37176,1,37,176,2020,2021
"T160 R45W S20",195005,8,195,5,2020,2021
"T160 R45W S20",143141,1,143,141,2020,2021
"T160 R45W S20",37195,6,37,195,2020,2021
"T160 R45W S20",61005,3,61,5,2020,2021
"T160 R45W S20",152152,1,152,152,2020,2021
"T160 R45W S20",176195,1,176,195,2020,2021
"T160 R45W S20",5195,8,5,195,2020,2021
"T160 R45W S20",61001,2,61,1,2020,2021
"T160 R45W S20",31005,2,31,5,2020,2021
"T160 R45W S20",59005,14,59,5,2020,2021
"T160 R45W S20",42023,5,42,23,2020,2021
"T160 R45W S20",131176,1,131,176,2020,2021
"T160 R45W S20",5036,1,5,36,2020,2021
"T160 R45W S20",23041,1,23,41,2020,2021
"T160 R45W S20",5023,28,5,23,2020,2021
"T160 R45W S20",1005,10,1,5,2020,2021
"T160 R45W S20",1023,1,1,23,2020,2021
"T160 R45W S20",5001,45,5,1,2020,2021
"T160 R45W S20",5176,6,5,176,2020,2021
"T160 R45W S20",23023,3,23,23,2020,2021
"T160 R45W S20",23195,1,23,195,2020,2021
"T160 R45W S20",36005,1,36,5,2020,2021
"T160 R45W S20",28005,4,28,5,2020,2021
"T160 R45W S20",41005,2,41,5,2020,2021
"T160 R45W S20",59176,1,59,176,2020,2021
"T160 R45W S20",195001,1,195,1,2020,2021
"T160 R45W S20",141001,1,141,1,2020,2021
"T160 R45W S20",61036,1,61,36,2020,2021
"T160 R45W S20",5028,1,5,28,2020,2021
"T160 R45W S20",1059,1,1,59,2020,2021
"T160 R45W S20",32005,1,32,5,2020,2021
