"yearFrom","yearTo","cropRotate","cropFrom","cropTo","plottingColorFrom","plottingColorTo","plotXAxisFrom","plotXAxisTo","plotYAxisFrom","plotYAxisTo","xEndFrom","xEndTo","yEndFrom_streamlined","yEndTo_streamlined","totalNumPixels_cropTransition","totalPercPixelsWiArea_cropTransition","totalNumPixels_cropYearFrom","totalPercPixelsWiArea_cropYearFrom","totalNumPixels_cropYearTo","totalPercPixelsWiArea_cropYearTo"
2008,2009,"corn_corn","corn","corn","#ffd300","#ffd300",1,2,6.4,6.4,1.2,1.8,6.4,6.4,22,0.77437521999296,1350,47.5184794086589,655,23.0552622316086
2008,2009,"corn_other","corn","other","#ffd300","#AAAAAA",1,2,6.4,1,1.2,1.8,5.8,1.6,14,0.492784230904611,1350,47.5184794086589,816,28.7222808870116
2008,2009,"corn_soy","corn","soy","#ffd300","#4daf4a",1,2,6.4,5.5,1.2,1.8,6.3,5.6,1314,46.2513199577614,1350,47.5184794086589,1363,47.9760647659275
2008,2009,"dryBeans_soy","dryBeans","soy","#e41a1c","#4daf4a",1,2,1.9,5.5,1.2,1.8,2.3,5.1,1,0.0351988736360436,1,0.0351988736360436,1363,47.9760647659275
2008,2009,"hay_hay","hay","hay","#f781bf","#f781bf",1,2,4.6,4.6,1.2,1.8,4.6,4.6,1,0.0351988736360436,2,0.0703977472720873,5,0.175994368180218
2008,2009,"hay_other","hay","other","#f781bf","#AAAAAA",1,2,4.6,1,1.2,1.8,4.2,1.4,1,0.0351988736360436,2,0.0703977472720873,816,28.7222808870116
2008,2009,"other_corn","other","corn","#AAAAAA","#ffd300",1,2,1,6.4,1.2,1.8,1.6,5.8,10,0.351988736360436,830,29.2150651179162,655,23.0552622316086
2008,2009,"other_hay","other","hay","#AAAAAA","#f781bf",1,2,1,4.6,1.2,1.8,1.4,4.2,4,0.140795494544175,830,29.2150651179162,5,0.175994368180218
2008,2009,"other_other","other","other","#AAAAAA","#AAAAAA",1,2,1,1,1.2,1.8,1,1,787,27.7015135515663,830,29.2150651179162,816,28.7222808870116
2008,2009,"other_soy","other","soy","#AAAAAA","#4daf4a",1,2,1,5.5,1.2,1.8,1.5,5,28,0.985568461809222,830,29.2150651179162,1363,47.9760647659275
2008,2009,"other_sugarbeets","other","sugarbeets","#AAAAAA","#377eb8",1,2,1,2.8,1.2,1.8,1.2,2.6,1,0.0351988736360436,830,29.2150651179162,1,0.0351988736360436
2008,2009,"soy_corn","soy","corn","#4daf4a","#ffd300",1,2,5.5,6.4,1.2,1.8,5.6,6.3,623,21.9288982752552,658,23.1608588525167,655,23.0552622316086
2008,2009,"soy_dryBeans","soy","dryBeans","#4daf4a","#e41a1c",1,2,5.5,1.9,1.2,1.8,5.1,2.3,1,0.0351988736360436,658,23.1608588525167,1,0.0351988736360436
2008,2009,"soy_other","soy","other","#4daf4a","#AAAAAA",1,2,5.5,1,1.2,1.8,5,1.5,14,0.492784230904611,658,23.1608588525167,816,28.7222808870116
2008,2009,"soy_soy","soy","soy","#4daf4a","#4daf4a",1,2,5.5,5.5,1.2,1.8,5.5,5.5,20,0.703977472720873,658,23.1608588525167,1363,47.9760647659275
2009,2010,"corn_corn","corn","corn","#ffd300","#ffd300",2,3,6.4,6.4,2.2,2.8,6.4,6.4,29,1.02076733544527,655,23.0552622316086,1404,49.4192185850053
2009,2010,"corn_other","corn","other","#ffd300","#AAAAAA",2,3,6.4,1,2.2,2.8,5.8,1.6,200,7.03977472720873,655,23.0552622316086,979,34.4596972896867
2009,2010,"corn_soy","corn","soy","#ffd300","#4daf4a",2,3,6.4,5.5,2.2,2.8,6.3,5.6,426,14.9947201689546,655,23.0552622316086,457,16.0858852516719
2009,2010,"dryBeans_other","dryBeans","other","#e41a1c","#AAAAAA",2,3,1.9,1,2.2,2.8,1.8,1.1,1,0.0351988736360436,1,0.0351988736360436,979,34.4596972896867
2009,2010,"hay_corn","hay","corn","#f781bf","#ffd300",2,3,4.6,6.4,2.2,2.8,4.8,6.2,1,0.0351988736360436,4,0.140795494544175,1404,49.4192185850053
2009,2010,"hay_other","hay","other","#f781bf","#AAAAAA",2,3,4.6,1,2.2,2.8,4.2,1.4,2,0.0703977472720873,4,0.140795494544175,979,34.4596972896867
2009,2010,"hay_soy","hay","soy","#f781bf","#4daf4a",2,3,4.6,5.5,2.2,2.8,4.7,5.4,1,0.0351988736360436,4,0.140795494544175,457,16.0858852516719
2009,2010,"other_corn","other","corn","#AAAAAA","#ffd300",2,3,1,6.4,2.2,2.8,1.6,5.8,50,1.75994368180218,817,28.7574797606477,1404,49.4192185850053
2009,2010,"other_other","other","other","#AAAAAA","#AAAAAA",2,3,1,1,2.2,2.8,1,1,756,26.610348468849,817,28.7574797606477,979,34.4596972896867
2009,2010,"other_soy","other","soy","#AAAAAA","#4daf4a",2,3,1,5.5,2.2,2.8,1.5,5,11,0.38718760999648,817,28.7574797606477,457,16.0858852516719
2009,2010,"soy_corn","soy","corn","#4daf4a","#ffd300",2,3,5.5,6.4,2.2,2.8,5.6,6.3,1324,46.6033086941218,1363,47.9760647659275,1404,49.4192185850053
2009,2010,"soy_other","soy","other","#4daf4a","#AAAAAA",2,3,5.5,1,2.2,2.8,5,1.5,19,0.668778599084829,1363,47.9760647659275,979,34.4596972896867
2009,2010,"soy_soy","soy","soy","#4daf4a","#4daf4a",2,3,5.5,5.5,2.2,2.8,5.5,5.5,19,0.668778599084829,1363,47.9760647659275,457,16.0858852516719
2009,2010,"soy_sugarbeets","soy","sugarbeets","#4daf4a","#377eb8",2,3,5.5,2.8,2.2,2.8,5.2,3.1,1,0.0351988736360436,1363,47.9760647659275,1,0.0351988736360436
2009,2010,"sugarbeets_other","sugarbeets","other","#377eb8","#AAAAAA",2,3,2.8,1,2.2,2.8,2.6,1.2,1,0.0351988736360436,1,0.0351988736360436,979,34.4596972896867
2010,2011,"corn_corn","corn","corn","#ffd300","#ffd300",3,4,6.4,6.4,3.2,3.8,6.4,6.4,35,1.23196057726153,1404,49.4192185850053,675,23.7592397043295
2010,2011,"corn_other","corn","other","#ffd300","#AAAAAA",3,4,6.4,1,3.2,3.8,5.8,1.6,44,1.54875043998592,1404,49.4192185850053,795,27.9831045406547
2010,2011,"corn_soy","corn","soy","#ffd300","#4daf4a",3,4,6.4,5.5,3.2,3.8,6.3,5.6,1324,46.6033086941218,1404,49.4192185850053,1367,48.1168602604717
2010,2011,"corn_sugarbeets","corn","sugarbeets","#ffd300","#377eb8",3,4,6.4,2.8,3.2,3.8,6,3.2,1,0.0351988736360436,1404,49.4192185850053,3,0.105596620908131
2010,2011,"other_corn","other","corn","#AAAAAA","#ffd300",3,4,1,6.4,3.2,3.8,1.6,5.8,208,7.32136571629708,979,34.4596972896867,675,23.7592397043295
2010,2011,"other_other","other","other","#AAAAAA","#AAAAAA",3,4,1,1,3.2,3.8,1,1,743,26.1527631115804,979,34.4596972896867,795,27.9831045406547
2010,2011,"other_soy","other","soy","#AAAAAA","#4daf4a",3,4,1,5.5,3.2,3.8,1.5,5,25,0.879971840901091,979,34.4596972896867,1367,48.1168602604717
2010,2011,"other_springWheat","other","springWheat","#AAAAAA","#a65628",3,4,1,3.7,3.2,3.8,1.3,3.4,1,0.0351988736360436,979,34.4596972896867,1,0.0351988736360436
2010,2011,"other_sugarbeets","other","sugarbeets","#AAAAAA","#377eb8",3,4,1,2.8,3.2,3.8,1.2,2.6,2,0.0703977472720873,979,34.4596972896867,3,0.105596620908131
2010,2011,"soy_corn","soy","corn","#4daf4a","#ffd300",3,4,5.5,6.4,3.2,3.8,5.6,6.3,432,15.2059134107709,457,16.0858852516719,675,23.7592397043295
2010,2011,"soy_other","soy","other","#4daf4a","#AAAAAA",3,4,5.5,1,3.2,3.8,5,1.5,8,0.281590989088349,457,16.0858852516719,795,27.9831045406547
2010,2011,"soy_soy","soy","soy","#4daf4a","#4daf4a",3,4,5.5,5.5,3.2,3.8,5.5,5.5,17,0.598380851812742,457,16.0858852516719,1367,48.1168602604717
2010,2011,"sugarbeets_soy","sugarbeets","soy","#377eb8","#4daf4a",3,4,2.8,5.5,3.2,3.8,3.1,5.2,1,0.0351988736360436,1,0.0351988736360436,1367,48.1168602604717
2011,2012,"corn_corn","corn","corn","#ffd300","#ffd300",4,5,6.4,6.4,4.2,4.8,6.4,6.4,102,3.59028511087645,675,23.7592397043295,1442,50.7567757831749
2011,2012,"corn_hay","corn","hay","#ffd300","#f781bf",4,5,6.4,4.6,4.2,4.8,6.2,4.8,1,0.0351988736360436,675,23.7592397043295,3,0.105596620908131
2011,2012,"corn_other","corn","other","#ffd300","#AAAAAA",4,5,6.4,1,4.2,4.8,5.8,1.6,6,0.211193241816262,675,23.7592397043295,815,28.6870820133756
2011,2012,"corn_soy","corn","soy","#ffd300","#4daf4a",4,5,6.4,5.5,4.2,4.8,6.3,5.6,565,19.8873636043647,675,23.7592397043295,578,20.3449489616332
2011,2012,"corn_springWheat","corn","springWheat","#ffd300","#a65628",4,5,6.4,3.7,4.2,4.8,6.1,4,1,0.0351988736360436,675,23.7592397043295,2,0.0703977472720873
2011,2012,"hay_hay","hay","hay","#f781bf","#f781bf",4,5,4.6,4.6,4.2,4.8,4.6,4.6,1,0.0351988736360436,3,0.105596620908131,3,0.105596620908131
2011,2012,"hay_soy","hay","soy","#f781bf","#4daf4a",4,5,4.6,5.5,4.2,4.8,4.7,5.4,2,0.0703977472720873,3,0.105596620908131,578,20.3449489616332
2011,2012,"other_corn","other","corn","#AAAAAA","#ffd300",4,5,1,6.4,4.2,4.8,1.6,5.8,2,0.0703977472720873,792,27.8775079197466,1442,50.7567757831749
2011,2012,"other_other","other","other","#AAAAAA","#AAAAAA",4,5,1,1,4.2,4.8,1,1,788,27.7367124252024,792,27.8775079197466,815,28.6870820133756
2011,2012,"other_soy","other","soy","#AAAAAA","#4daf4a",4,5,1,5.5,4.2,4.8,1.5,5,1,0.0351988736360436,792,27.8775079197466,578,20.3449489616332
2011,2012,"other_sugarbeets","other","sugarbeets","#AAAAAA","#377eb8",4,5,1,2.8,4.2,4.8,1.2,2.6,1,0.0351988736360436,792,27.8775079197466,1,0.0351988736360436
2011,2012,"soy_corn","soy","corn","#4daf4a","#ffd300",4,5,5.5,6.4,4.2,4.8,5.6,6.3,1336,47.0256951777543,1367,48.1168602604717,1442,50.7567757831749
2011,2012,"soy_hay","soy","hay","#4daf4a","#f781bf",4,5,5.5,4.6,4.2,4.8,5.4,4.7,1,0.0351988736360436,1367,48.1168602604717,3,0.105596620908131
2011,2012,"soy_other","soy","other","#4daf4a","#AAAAAA",4,5,5.5,1,4.2,4.8,5,1.5,19,0.668778599084829,1367,48.1168602604717,815,28.6870820133756
2011,2012,"soy_soy","soy","soy","#4daf4a","#4daf4a",4,5,5.5,5.5,4.2,4.8,5.5,5.5,10,0.351988736360436,1367,48.1168602604717,578,20.3449489616332
2011,2012,"soy_springWheat","soy","springWheat","#4daf4a","#a65628",4,5,5.5,3.7,4.2,4.8,5.3,3.9,1,0.0351988736360436,1367,48.1168602604717,2,0.0703977472720873
2011,2012,"springWheat_other","springWheat","other","#a65628","#AAAAAA",4,5,3.7,1,4.2,4.8,3.4,1.3,1,0.0351988736360436,1,0.0351988736360436,815,28.6870820133756
2011,2012,"sugarbeets_corn","sugarbeets","corn","#377eb8","#ffd300",4,5,2.8,6.4,4.2,4.8,3.2,6,2,0.0703977472720873,3,0.105596620908131,1442,50.7567757831749
2011,2012,"sugarbeets_other","sugarbeets","other","#377eb8","#AAAAAA",4,5,2.8,1,4.2,4.8,2.6,1.2,1,0.0351988736360436,3,0.105596620908131,815,28.6870820133756
2012,2013,"corn_corn","corn","corn","#ffd300","#ffd300",5,6,6.4,6.4,5.2,5.8,6.4,6.4,133,4.6814501935938,1442,50.7567757831749,708,24.9208025343189
2012,2013,"corn_other","corn","other","#ffd300","#AAAAAA",5,6,6.4,1,5.2,5.8,5.8,1.6,4,0.140795494544175,1442,50.7567757831749,799,28.1239000351989
2012,2013,"corn_soy","corn","soy","#ffd300","#4daf4a",5,6,6.4,5.5,5.2,5.8,6.3,5.6,1305,45.934530095037,1442,50.7567757831749,1333,46.9200985568462
2012,2013,"hay_other","hay","other","#f781bf","#AAAAAA",5,6,4.6,1,5.2,5.8,4.2,1.4,1,0.0351988736360436,2,0.0703977472720873,799,28.1239000351989
2012,2013,"hay_soy","hay","soy","#f781bf","#4daf4a",5,6,4.6,5.5,5.2,5.8,4.7,5.4,1,0.0351988736360436,2,0.0703977472720873,1333,46.9200985568462
2012,2013,"other_corn","other","corn","#AAAAAA","#ffd300",5,6,1,6.4,5.2,5.8,1.6,5.8,15,0.527983104540655,816,28.7222808870116,708,24.9208025343189
2012,2013,"other_other","other","other","#AAAAAA","#AAAAAA",5,6,1,1,5.2,5.8,1,1,792,27.8775079197466,816,28.7222808870116,799,28.1239000351989
2012,2013,"other_soy","other","soy","#AAAAAA","#4daf4a",5,6,1,5.5,5.2,5.8,1.5,5,9,0.316789862724393,816,28.7222808870116,1333,46.9200985568462
2012,2013,"soy_corn","soy","corn","#4daf4a","#ffd300",5,6,5.5,6.4,5.2,5.8,5.6,6.3,558,19.6409714889124,578,20.3449489616332,708,24.9208025343189
2012,2013,"soy_hay","soy","hay","#4daf4a","#f781bf",5,6,5.5,4.6,5.2,5.8,5.4,4.7,1,0.0351988736360436,578,20.3449489616332,1,0.0351988736360436
2012,2013,"soy_other","soy","other","#4daf4a","#AAAAAA",5,6,5.5,1,5.2,5.8,5,1.5,1,0.0351988736360436,578,20.3449489616332,799,28.1239000351989
2012,2013,"soy_soy","soy","soy","#4daf4a","#4daf4a",5,6,5.5,5.5,5.2,5.8,5.5,5.5,18,0.633579725448786,578,20.3449489616332,1333,46.9200985568462
2012,2013,"springWheat_corn","springWheat","corn","#a65628","#ffd300",5,6,3.7,6.4,5.2,5.8,4,6.1,1,0.0351988736360436,2,0.0703977472720873,708,24.9208025343189
2012,2013,"springWheat_other","springWheat","other","#a65628","#AAAAAA",5,6,3.7,1,5.2,5.8,3.4,1.3,1,0.0351988736360436,2,0.0703977472720873,799,28.1239000351989
2012,2013,"sugarbeets_corn","sugarbeets","corn","#377eb8","#ffd300",5,6,2.8,6.4,5.2,5.8,3.2,6,1,0.0351988736360436,1,0.0351988736360436,708,24.9208025343189
2013,2014,"corn_corn","corn","corn","#ffd300","#ffd300",6,7,6.4,6.4,6.2,6.8,6.4,6.4,89,3.13269975360788,708,24.9208025343189,1422,50.0527983104541
2013,2014,"corn_hay","corn","hay","#ffd300","#f781bf",6,7,6.4,4.6,6.2,6.8,6.2,4.8,3,0.105596620908131,708,24.9208025343189,4,0.140795494544175
2013,2014,"corn_other","corn","other","#ffd300","#AAAAAA",6,7,6.4,1,6.2,6.8,5.8,1.6,6,0.211193241816262,708,24.9208025343189,797,28.0535022879268
2013,2014,"corn_soy","corn","soy","#ffd300","#4daf4a",6,7,6.4,5.5,6.2,6.8,6.3,5.6,607,21.3657162970785,708,24.9208025343189,615,21.6473072861668
2013,2014,"corn_sugarbeets","corn","sugarbeets","#ffd300","#377eb8",6,7,6.4,2.8,6.2,6.8,6,3.2,3,0.105596620908131,708,24.9208025343189,3,0.105596620908131
2013,2014,"hay_hay","hay","hay","#f781bf","#f781bf",6,7,4.6,4.6,6.2,6.8,4.6,4.6,1,0.0351988736360436,1,0.0351988736360436,4,0.140795494544175
2013,2014,"other_corn","other","corn","#AAAAAA","#ffd300",6,7,1,6.4,6.2,6.8,1.6,5.8,7,0.246392115452306,799,28.1239000351989,1422,50.0527983104541
2013,2014,"other_other","other","other","#AAAAAA","#AAAAAA",6,7,1,1,6.2,6.8,1,1,790,27.8071101724745,799,28.1239000351989,797,28.0535022879268
2013,2014,"other_soy","other","soy","#AAAAAA","#4daf4a",6,7,1,5.5,6.2,6.8,1.5,5,2,0.0703977472720873,799,28.1239000351989,615,21.6473072861668
2013,2014,"soy_corn","soy","corn","#4daf4a","#ffd300",6,7,5.5,6.4,6.2,6.8,5.6,6.3,1326,46.6737064413939,1333,46.9200985568462,1422,50.0527983104541
2013,2014,"soy_other","soy","other","#4daf4a","#AAAAAA",6,7,5.5,1,6.2,6.8,5,1.5,1,0.0351988736360436,1333,46.9200985568462,797,28.0535022879268
2013,2014,"soy_soy","soy","soy","#4daf4a","#4daf4a",6,7,5.5,5.5,6.2,6.8,5.5,5.5,6,0.211193241816262,1333,46.9200985568462,615,21.6473072861668
2014,2015,"corn_corn","corn","corn","#ffd300","#ffd300",7,8,6.4,6.4,7.2,7.8,6.4,6.4,117,4.11826821541711,1422,50.0527983104541,729,25.6599788806758
2014,2015,"corn_hay","corn","hay","#ffd300","#f781bf",7,8,6.4,4.6,7.2,7.8,6.2,4.8,1,0.0351988736360436,1422,50.0527983104541,3,0.105596620908131
2014,2015,"corn_other","corn","other","#ffd300","#AAAAAA",7,8,6.4,1,7.2,7.8,5.8,1.6,2,0.0703977472720873,1422,50.0527983104541,791,27.8423090461105
2014,2015,"corn_soy","corn","soy","#ffd300","#4daf4a",7,8,6.4,5.5,7.2,7.8,6.3,5.6,1301,45.7937346004928,1422,50.0527983104541,1316,46.3217177050334
2014,2015,"corn_springWheat","corn","springWheat","#ffd300","#a65628",7,8,6.4,3.7,7.2,7.8,6.1,4,1,0.0351988736360436,1422,50.0527983104541,1,0.0351988736360436
2014,2015,"hay_corn","hay","corn","#f781bf","#ffd300",7,8,4.6,6.4,7.2,7.8,4.8,6.2,2,0.0703977472720873,4,0.140795494544175,729,25.6599788806758
2014,2015,"hay_hay","hay","hay","#f781bf","#f781bf",7,8,4.6,4.6,7.2,7.8,4.6,4.6,2,0.0703977472720873,4,0.140795494544175,3,0.105596620908131
2014,2015,"other_corn","other","corn","#AAAAAA","#ffd300",7,8,1,6.4,7.2,7.8,1.6,5.8,6,0.211193241816262,797,28.0535022879268,729,25.6599788806758
2014,2015,"other_other","other","other","#AAAAAA","#AAAAAA",7,8,1,1,7.2,7.8,1,1,788,27.7367124252024,797,28.0535022879268,791,27.8423090461105
2014,2015,"other_soy","other","soy","#AAAAAA","#4daf4a",7,8,1,5.5,7.2,7.8,1.5,5,2,0.0703977472720873,797,28.0535022879268,1316,46.3217177050334
2014,2015,"other_sugarbeets","other","sugarbeets","#AAAAAA","#377eb8",7,8,1,2.8,7.2,7.8,1.2,2.6,1,0.0351988736360436,797,28.0535022879268,1,0.0351988736360436
2014,2015,"soy_corn","soy","corn","#4daf4a","#ffd300",7,8,5.5,6.4,7.2,7.8,5.6,6.3,601,21.1545230552622,615,21.6473072861668,729,25.6599788806758
2014,2015,"soy_other","soy","other","#4daf4a","#AAAAAA",7,8,5.5,1,7.2,7.8,5,1.5,1,0.0351988736360436,615,21.6473072861668,791,27.8423090461105
2014,2015,"soy_soy","soy","soy","#4daf4a","#4daf4a",7,8,5.5,5.5,7.2,7.8,5.5,5.5,13,0.457585357268567,615,21.6473072861668,1316,46.3217177050334
2014,2015,"sugarbeets_corn","sugarbeets","corn","#377eb8","#ffd300",7,8,2.8,6.4,7.2,7.8,3.2,6,3,0.105596620908131,3,0.105596620908131,729,25.6599788806758
2015,2016,"corn_corn","corn","corn","#ffd300","#ffd300",8,9,6.4,6.4,8.2,8.8,6.4,6.4,56,1.97113692361844,729,25.6599788806758,1224,43.0834213305174
2015,2016,"corn_dryBeans","corn","dryBeans","#ffd300","#e41a1c",8,9,6.4,1.9,8.2,8.8,5.9,2.4,1,0.0351988736360436,729,25.6599788806758,6,0.211193241816262
2015,2016,"corn_hay","corn","hay","#ffd300","#f781bf",8,9,6.4,4.6,8.2,8.8,6.2,4.8,2,0.0703977472720873,729,25.6599788806758,5,0.175994368180218
2015,2016,"corn_other","corn","other","#ffd300","#AAAAAA",8,9,6.4,1,8.2,8.8,5.8,1.6,3,0.105596620908131,729,25.6599788806758,788,27.7367124252024
2015,2016,"corn_soy","corn","soy","#ffd300","#4daf4a",8,9,6.4,5.5,8.2,8.8,6.3,5.6,666,23.4424498416051,729,25.6599788806758,816,28.7222808870116
2015,2016,"corn_sugarbeets","corn","sugarbeets","#ffd300","#377eb8",8,9,6.4,2.8,8.2,8.8,6,3.2,1,0.0351988736360436,729,25.6599788806758,2,0.0703977472720873
2015,2016,"hay_hay","hay","hay","#f781bf","#f781bf",8,9,4.6,4.6,8.2,8.8,4.6,4.6,1,0.0351988736360436,3,0.105596620908131,5,0.175994368180218
2015,2016,"hay_soy","hay","soy","#f781bf","#4daf4a",8,9,4.6,5.5,8.2,8.8,4.7,5.4,2,0.0703977472720873,3,0.105596620908131,816,28.7222808870116
2015,2016,"other_corn","other","corn","#AAAAAA","#ffd300",8,9,1,6.4,8.2,8.8,1.6,5.8,4,0.140795494544175,791,27.8423090461105,1224,43.0834213305174
2015,2016,"other_other","other","other","#AAAAAA","#AAAAAA",8,9,1,1,8.2,8.8,1,1,783,27.5607180570222,791,27.8423090461105,788,27.7367124252024
2015,2016,"other_soy","other","soy","#AAAAAA","#4daf4a",8,9,1,5.5,8.2,8.8,1.5,5,4,0.140795494544175,791,27.8423090461105,816,28.7222808870116
2015,2016,"soy_corn","soy","corn","#4daf4a","#ffd300",8,9,5.5,6.4,8.2,8.8,5.6,6.3,1164,40.9714889123548,1316,46.3217177050334,1224,43.0834213305174
2015,2016,"soy_dryBeans","soy","dryBeans","#4daf4a","#e41a1c",8,9,5.5,1.9,8.2,8.8,5.1,2.3,5,0.175994368180218,1316,46.3217177050334,6,0.211193241816262
2015,2016,"soy_hay","soy","hay","#4daf4a","#f781bf",8,9,5.5,4.6,8.2,8.8,5.4,4.7,2,0.0703977472720873,1316,46.3217177050334,5,0.175994368180218
2015,2016,"soy_other","soy","other","#4daf4a","#AAAAAA",8,9,5.5,1,8.2,8.8,5,1.5,2,0.0703977472720873,1316,46.3217177050334,788,27.7367124252024
2015,2016,"soy_soy","soy","soy","#4daf4a","#4daf4a",8,9,5.5,5.5,8.2,8.8,5.5,5.5,142,4.9982400563182,1316,46.3217177050334,816,28.7222808870116
2015,2016,"soy_sugarbeets","soy","sugarbeets","#4daf4a","#377eb8",8,9,5.5,2.8,8.2,8.8,5.2,3.1,1,0.0351988736360436,1316,46.3217177050334,2,0.0703977472720873
2015,2016,"springWheat_soy","springWheat","soy","#a65628","#4daf4a",8,9,3.7,5.5,8.2,8.8,3.9,5.3,1,0.0351988736360436,1,0.0351988736360436,816,28.7222808870116
2015,2016,"sugarbeets_soy","sugarbeets","soy","#377eb8","#4daf4a",8,9,2.8,5.5,8.2,8.8,3.1,5.2,1,0.0351988736360436,1,0.0351988736360436,816,28.7222808870116
2016,2017,"corn_corn","corn","corn","#ffd300","#ffd300",9,10,6.4,6.4,9.2,9.8,6.4,6.4,27,0.950369588173178,1224,43.0834213305174,718,25.2727912706793
2016,2017,"corn_hay","corn","hay","#ffd300","#f781bf",9,10,6.4,4.6,9.2,9.8,6.2,4.8,2,0.0703977472720873,1224,43.0834213305174,8,0.281590989088349
2016,2017,"corn_other","corn","other","#ffd300","#AAAAAA",9,10,6.4,1,9.2,9.8,5.8,1.6,4,0.140795494544175,1224,43.0834213305174,788,27.7367124252024
2016,2017,"corn_soy","corn","soy","#ffd300","#4daf4a",9,10,6.4,5.5,9.2,9.8,6.3,5.6,1186,41.7458641323478,1224,43.0834213305174,1294,45.5473424850405
2016,2017,"corn_sugarbeets","corn","sugarbeets","#ffd300","#377eb8",9,10,6.4,2.8,9.2,9.8,6,3.2,5,0.175994368180218,1224,43.0834213305174,16,0.563181978176698
2016,2017,"dryBeans_corn","dryBeans","corn","#e41a1c","#ffd300",9,10,1.9,6.4,9.2,9.8,2.4,5.9,2,0.0703977472720873,6,0.211193241816262,718,25.2727912706793
2016,2017,"dryBeans_soy","dryBeans","soy","#e41a1c","#4daf4a",9,10,1.9,5.5,9.2,9.8,2.3,5.1,2,0.0703977472720873,6,0.211193241816262,1294,45.5473424850405
2016,2017,"dryBeans_sugarbeets","dryBeans","sugarbeets","#e41a1c","#377eb8",9,10,1.9,2.8,9.2,9.8,2,2.7,2,0.0703977472720873,6,0.211193241816262,16,0.563181978176698
2016,2017,"hay_hay","hay","hay","#f781bf","#f781bf",9,10,4.6,4.6,9.2,9.8,4.6,4.6,3,0.105596620908131,5,0.175994368180218,8,0.281590989088349
2016,2017,"hay_soy","hay","soy","#f781bf","#4daf4a",9,10,4.6,5.5,9.2,9.8,4.7,5.4,1,0.0351988736360436,5,0.175994368180218,1294,45.5473424850405
2016,2017,"hay_sugarbeets","hay","sugarbeets","#f781bf","#377eb8",9,10,4.6,2.8,9.2,9.8,4.4,3,1,0.0351988736360436,5,0.175994368180218,16,0.563181978176698
2016,2017,"other_corn","other","corn","#AAAAAA","#ffd300",9,10,1,6.4,9.2,9.8,1.6,5.8,3,0.105596620908131,788,27.7367124252024,718,25.2727912706793
2016,2017,"other_other","other","other","#AAAAAA","#AAAAAA",9,10,1,1,9.2,9.8,1,1,782,27.5255191833861,788,27.7367124252024,788,27.7367124252024
2016,2017,"other_soy","other","soy","#AAAAAA","#4daf4a",9,10,1,5.5,9.2,9.8,1.5,5,3,0.105596620908131,788,27.7367124252024,1294,45.5473424850405
2016,2017,"soy_corn","soy","corn","#4daf4a","#ffd300",9,10,5.5,6.4,9.2,9.8,5.6,6.3,686,24.1464273143259,816,28.7222808870116,718,25.2727912706793
2016,2017,"soy_dryBeans","soy","dryBeans","#4daf4a","#e41a1c",9,10,5.5,1.9,9.2,9.8,5.1,2.3,17,0.598380851812742,816,28.7222808870116,17,0.598380851812742
2016,2017,"soy_hay","soy","hay","#4daf4a","#f781bf",9,10,5.5,4.6,9.2,9.8,5.4,4.7,3,0.105596620908131,816,28.7222808870116,8,0.281590989088349
2016,2017,"soy_other","soy","other","#4daf4a","#AAAAAA",9,10,5.5,1,9.2,9.8,5,1.5,2,0.0703977472720873,816,28.7222808870116,788,27.7367124252024
2016,2017,"soy_soy","soy","soy","#4daf4a","#4daf4a",9,10,5.5,5.5,9.2,9.8,5.5,5.5,101,3.55508623724041,816,28.7222808870116,1294,45.5473424850405
2016,2017,"soy_sugarbeets","soy","sugarbeets","#4daf4a","#377eb8",9,10,5.5,2.8,9.2,9.8,5.2,3.1,7,0.246392115452306,816,28.7222808870116,16,0.563181978176698
2016,2017,"sugarbeets_soy","sugarbeets","soy","#377eb8","#4daf4a",9,10,2.8,5.5,9.2,9.8,3.1,5.2,1,0.0351988736360436,2,0.0703977472720873,1294,45.5473424850405
2016,2017,"sugarbeets_sugarbeets","sugarbeets","sugarbeets","#377eb8","#377eb8",9,10,2.8,2.8,9.2,9.8,2.8,2.8,1,0.0351988736360436,2,0.0703977472720873,16,0.563181978176698
2017,2018,"corn_corn","corn","corn","#ffd300","#ffd300",10,11,6.4,6.4,10.2,10.8,6.4,6.4,55,1.9359380499824,718,25.2727912706793,1355,47.6944737768391
2017,2018,"corn_hay","corn","hay","#ffd300","#f781bf",10,11,6.4,4.6,10.2,10.8,6.2,4.8,1,0.0351988736360436,718,25.2727912706793,9,0.316789862724393
2017,2018,"corn_other","corn","other","#ffd300","#AAAAAA",10,11,6.4,1,10.2,10.8,5.8,1.6,3,0.105596620908131,718,25.2727912706793,793,27.9127067933826
2017,2018,"corn_soy","corn","soy","#ffd300","#4daf4a",10,11,6.4,5.5,10.2,10.8,6.3,5.6,659,23.1960577261528,718,25.2727912706793,682,24.0056318197818
2017,2018,"dryBeans_corn","dryBeans","corn","#e41a1c","#ffd300",10,11,1.9,6.4,10.2,10.8,2.4,5.9,17,0.598380851812742,17,0.598380851812742,1355,47.6944737768391
2017,2018,"hay_hay","hay","hay","#f781bf","#f781bf",10,11,4.6,4.6,10.2,10.8,4.6,4.6,8,0.281590989088349,8,0.281590989088349,9,0.316789862724393
2017,2018,"other_corn","other","corn","#AAAAAA","#ffd300",10,11,1,6.4,10.2,10.8,1.6,5.8,2,0.0703977472720873,788,27.7367124252024,1355,47.6944737768391
2017,2018,"other_other","other","other","#AAAAAA","#AAAAAA",10,11,1,1,10.2,10.8,1,1,784,27.5959169306582,788,27.7367124252024,793,27.9127067933826
2017,2018,"other_soy","other","soy","#AAAAAA","#4daf4a",10,11,1,5.5,10.2,10.8,1.5,5,1,0.0351988736360436,788,27.7367124252024,682,24.0056318197818
2017,2018,"other_sugarbeets","other","sugarbeets","#AAAAAA","#377eb8",10,11,1,2.8,10.2,10.8,1.2,2.6,1,0.0351988736360436,788,27.7367124252024,1,0.0351988736360436
2017,2018,"soy_corn","soy","corn","#4daf4a","#ffd300",10,11,5.5,6.4,10.2,10.8,5.6,6.3,1268,44.6321717705033,1294,45.5473424850405,1355,47.6944737768391
2017,2018,"soy_other","soy","other","#4daf4a","#AAAAAA",10,11,5.5,1,10.2,10.8,5,1.5,6,0.211193241816262,1294,45.5473424850405,793,27.9127067933826
2017,2018,"soy_soy","soy","soy","#4daf4a","#4daf4a",10,11,5.5,5.5,10.2,10.8,5.5,5.5,19,0.668778599084829,1294,45.5473424850405,682,24.0056318197818
2017,2018,"soy_springWheat","soy","springWheat","#4daf4a","#a65628",10,11,5.5,3.7,10.2,10.8,5.3,3.9,1,0.0351988736360436,1294,45.5473424850405,1,0.0351988736360436
2017,2018,"sugarbeets_corn","sugarbeets","corn","#377eb8","#ffd300",10,11,2.8,6.4,10.2,10.8,3.2,6,13,0.457585357268567,16,0.563181978176698,1355,47.6944737768391
2017,2018,"sugarbeets_soy","sugarbeets","soy","#377eb8","#4daf4a",10,11,2.8,5.5,10.2,10.8,3.1,5.2,3,0.105596620908131,16,0.563181978176698,682,24.0056318197818
2018,2019,"corn_corn","corn","corn","#ffd300","#ffd300",11,12,6.4,6.4,11.2,11.8,6.4,6.4,268,9.4332981344597,1355,47.6944737768391,972,34.2133051742344
2018,2019,"corn_dryBeans","corn","dryBeans","#ffd300","#e41a1c",11,12,6.4,1.9,11.2,11.8,5.9,2.4,8,0.281590989088349,1355,47.6944737768391,8,0.281590989088349
2018,2019,"corn_other","corn","other","#ffd300","#AAAAAA",11,12,6.4,1,11.2,11.8,5.8,1.6,30,1.05596620908131,1355,47.6944737768391,762,26.8215417106653
2018,2019,"corn_soy","corn","soy","#ffd300","#4daf4a",11,12,6.4,5.5,11.2,11.8,6.3,5.6,1042,36.6772263287575,1355,47.6944737768391,1082,38.0851812741992
2018,2019,"corn_sugarbeets","corn","sugarbeets","#ffd300","#377eb8",11,12,6.4,2.8,11.2,11.8,6,3.2,7,0.246392115452306,1355,47.6944737768391,8,0.281590989088349
2018,2019,"hay_hay","hay","hay","#f781bf","#f781bf",11,12,4.6,4.6,11.2,11.8,4.6,4.6,9,0.316789862724393,9,0.316789862724393,9,0.316789862724393
2018,2019,"other_corn","other","corn","#AAAAAA","#ffd300",11,12,1,6.4,11.2,11.8,1.6,5.8,40,1.40795494544175,793,27.9127067933826,972,34.2133051742344
2018,2019,"other_other","other","other","#AAAAAA","#AAAAAA",11,12,1,1,11.2,11.8,1,1,726,25.5543822597677,793,27.9127067933826,762,26.8215417106653
2018,2019,"other_soy","other","soy","#AAAAAA","#4daf4a",11,12,1,5.5,11.2,11.8,1.5,5,27,0.950369588173178,793,27.9127067933826,1082,38.0851812741992
2018,2019,"soy_corn","soy","corn","#4daf4a","#ffd300",11,12,5.5,6.4,11.2,11.8,5.6,6.3,664,23.372052094333,682,24.0056318197818,972,34.2133051742344
2018,2019,"soy_other","soy","other","#4daf4a","#AAAAAA",11,12,5.5,1,11.2,11.8,5,1.5,5,0.175994368180218,682,24.0056318197818,762,26.8215417106653
2018,2019,"soy_soy","soy","soy","#4daf4a","#4daf4a",11,12,5.5,5.5,11.2,11.8,5.5,5.5,13,0.457585357268567,682,24.0056318197818,1082,38.0851812741992
2018,2019,"springWheat_sugarbeets","springWheat","sugarbeets","#a65628","#377eb8",11,12,3.7,2.8,11.2,11.8,3.6,2.9,1,0.0351988736360436,1,0.0351988736360436,8,0.281590989088349
2018,2019,"sugarbeets_other","sugarbeets","other","#377eb8","#AAAAAA",11,12,2.8,1,11.2,11.8,2.6,1.2,1,0.0351988736360436,1,0.0351988736360436,762,26.8215417106653
2019,2020,"corn_corn","corn","corn","#ffd300","#ffd300",12,13,6.4,6.4,12.2,12.8,6.4,6.4,63,2.21752903907075,972,34.2133051742344,1135,39.9507215769095
2019,2020,"corn_other","corn","other","#ffd300","#AAAAAA",12,13,6.4,1,12.2,12.8,5.8,1.6,10,0.351988736360436,972,34.2133051742344,754,26.5399507215769
2019,2020,"corn_soy","corn","soy","#ffd300","#4daf4a",12,13,6.4,5.5,12.2,12.8,6.3,5.6,899,31.6437873988032,972,34.2133051742344,939,33.051742344245
2019,2020,"dryBeans_corn","dryBeans","corn","#e41a1c","#ffd300",12,13,1.9,6.4,12.2,12.8,2.4,5.9,3,0.105596620908131,8,0.281590989088349,1135,39.9507215769095
2019,2020,"dryBeans_hay","dryBeans","hay","#e41a1c","#f781bf",12,13,1.9,4.6,12.2,12.8,2.2,4.3,2,0.0703977472720873,8,0.281590989088349,9,0.316789862724393
2019,2020,"dryBeans_other","dryBeans","other","#e41a1c","#AAAAAA",12,13,1.9,1,12.2,12.8,1.8,1.1,3,0.105596620908131,8,0.281590989088349,754,26.5399507215769
2019,2020,"hay_corn","hay","corn","#f781bf","#ffd300",12,13,4.6,6.4,12.2,12.8,4.8,6.2,2,0.0703977472720873,10,0.351988736360436,1135,39.9507215769095
2019,2020,"hay_hay","hay","hay","#f781bf","#f781bf",12,13,4.6,4.6,12.2,12.8,4.6,4.6,7,0.246392115452306,10,0.351988736360436,9,0.316789862724393
2019,2020,"hay_other","hay","other","#f781bf","#AAAAAA",12,13,4.6,1,12.2,12.8,4.2,1.4,1,0.0351988736360436,10,0.351988736360436,754,26.5399507215769
2019,2020,"other_corn","other","corn","#AAAAAA","#ffd300",12,13,1,6.4,12.2,12.8,1.6,5.8,11,0.38718760999648,761,26.7863428370292,1135,39.9507215769095
2019,2020,"other_other","other","other","#AAAAAA","#AAAAAA",12,13,1,1,12.2,12.8,1,1,739,26.0119676170363,761,26.7863428370292,754,26.5399507215769
2019,2020,"other_soy","other","soy","#AAAAAA","#4daf4a",12,13,1,5.5,12.2,12.8,1.5,5,11,0.38718760999648,761,26.7863428370292,939,33.051742344245
2019,2020,"soy_corn","soy","corn","#4daf4a","#ffd300",12,13,5.5,6.4,12.2,12.8,5.6,6.3,1053,37.064413938754,1082,38.0851812741992,1135,39.9507215769095
2019,2020,"soy_soy","soy","soy","#4daf4a","#4daf4a",12,13,5.5,5.5,12.2,12.8,5.5,5.5,29,1.02076733544527,1082,38.0851812741992,939,33.051742344245
2019,2020,"sugarbeets_corn","sugarbeets","corn","#377eb8","#ffd300",12,13,2.8,6.4,12.2,12.8,3.2,6,3,0.105596620908131,8,0.281590989088349,1135,39.9507215769095
2019,2020,"sugarbeets_dryBeans","sugarbeets","dryBeans","#377eb8","#e41a1c",12,13,2.8,1.9,12.2,12.8,2.7,2,4,0.140795494544175,8,0.281590989088349,4,0.140795494544175
2019,2020,"sugarbeets_other","sugarbeets","other","#377eb8","#AAAAAA",12,13,2.8,1,12.2,12.8,2.6,1.2,1,0.0351988736360436,8,0.281590989088349,754,26.5399507215769
2020,2021,"corn_corn","corn","corn","#ffd300","#ffd300",13,14,6.4,6.4,13.2,13.8,6.4,6.4,70,2.46392115452306,1135,39.9507215769095,1006,35.4100668778599
2020,2021,"corn_dryBeans","corn","dryBeans","#ffd300","#e41a1c",13,14,6.4,1.9,13.2,13.8,5.9,2.4,1,0.0351988736360436,1135,39.9507215769095,1,0.0351988736360436
2020,2021,"corn_hay","corn","hay","#ffd300","#f781bf",13,14,6.4,4.6,13.2,13.8,6.2,4.8,1,0.0351988736360436,1135,39.9507215769095,8,0.281590989088349
2020,2021,"corn_other","corn","other","#ffd300","#AAAAAA",13,14,6.4,1,13.2,13.8,5.8,1.6,10,0.351988736360436,1135,39.9507215769095,764,26.8919394579373
2020,2021,"corn_soy","corn","soy","#ffd300","#4daf4a",13,14,6.4,5.5,13.2,13.8,6.3,5.6,1053,37.064413938754,1135,39.9507215769095,1062,37.3812038014783
2020,2021,"dryBeans_corn","dryBeans","corn","#e41a1c","#ffd300",13,14,1.9,6.4,13.2,13.8,2.4,5.9,4,0.140795494544175,4,0.140795494544175,1006,35.4100668778599
2020,2021,"hay_corn","hay","corn","#f781bf","#ffd300",13,14,4.6,6.4,13.2,13.8,4.8,6.2,2,0.0703977472720873,9,0.316789862724393,1006,35.4100668778599
2020,2021,"hay_hay","hay","hay","#f781bf","#f781bf",13,14,4.6,4.6,13.2,13.8,4.6,4.6,4,0.140795494544175,9,0.316789862724393,8,0.281590989088349
2020,2021,"hay_other","hay","other","#f781bf","#AAAAAA",13,14,4.6,1,13.2,13.8,4.2,1.4,1,0.0351988736360436,9,0.316789862724393,764,26.8919394579373
2020,2021,"hay_soy","hay","soy","#f781bf","#4daf4a",13,14,4.6,5.5,13.2,13.8,4.7,5.4,2,0.0703977472720873,9,0.316789862724393,1062,37.3812038014783
2020,2021,"other_corn","other","corn","#AAAAAA","#ffd300",13,14,1,6.4,13.2,13.8,1.6,5.8,3,0.105596620908131,754,26.5399507215769,1006,35.4100668778599
2020,2021,"other_other","other","other","#AAAAAA","#AAAAAA",13,14,1,1,13.2,13.8,1,1,747,26.2935586061246,754,26.5399507215769,764,26.8919394579373
2020,2021,"other_soy","other","soy","#AAAAAA","#4daf4a",13,14,1,5.5,13.2,13.8,1.5,5,4,0.140795494544175,754,26.5399507215769,1062,37.3812038014783
2020,2021,"soy_corn","soy","corn","#4daf4a","#ffd300",13,14,5.5,6.4,13.2,13.8,5.6,6.3,927,32.6293558606125,939,33.051742344245,1006,35.4100668778599
2020,2021,"soy_hay","soy","hay","#4daf4a","#f781bf",13,14,5.5,4.6,13.2,13.8,5.4,4.7,3,0.105596620908131,939,33.051742344245,8,0.281590989088349
2020,2021,"soy_other","soy","other","#4daf4a","#AAAAAA",13,14,5.5,1,13.2,13.8,5,1.5,6,0.211193241816262,939,33.051742344245,764,26.8919394579373
2020,2021,"soy_soy","soy","soy","#4daf4a","#4daf4a",13,14,5.5,5.5,13.2,13.8,5.5,5.5,3,0.105596620908131,939,33.051742344245,1062,37.3812038014783
