"yearFrom","yearTo","cropRotate","cropFrom","cropTo","plottingColorFrom","plottingColorTo","plotXAxisFrom","plotXAxisTo","plotYAxisFrom","plotYAxisTo","xEndFrom","xEndTo","yEndFrom_streamlined","yEndTo_streamlined","totalNumPixels_cropTransition","totalPercPixelsWiArea_cropTransition","totalNumPixels_cropYearFrom","totalPercPixelsWiArea_cropYearFrom","totalNumPixels_cropYearTo","totalPercPixelsWiArea_cropYearTo"
2008,2009,"corn_corn","corn","corn","#ffd300","#ffd300",1,2,6.4,6.4,1.2,1.8,6.4,6.4,126,4.47125621007807,471,16.7139815471966,646,22.9240596167495
2008,2009,"corn_other","corn","other","#ffd300","#AAAAAA",1,2,6.4,1,1.2,1.8,5.8,1.6,336,11.9233498935415,471,16.7139815471966,726,25.7629524485451
2008,2009,"corn_soy","corn","soy","#ffd300","#4daf4a",1,2,6.4,5.5,1.2,1.8,6.3,5.6,5,0.177430801987225,471,16.7139815471966,640,22.7111426543648
2008,2009,"corn_springWheat","corn","springWheat","#ffd300","#a65628",1,2,6.4,3.7,1.2,1.8,6.1,4,4,0.14194464158978,471,16.7139815471966,796,28.2469836763662
2008,2009,"dryBeans_corn","dryBeans","corn","#e41a1c","#ffd300",1,2,1.9,6.4,1.2,1.8,2.4,5.9,2,0.07097232079489,3,0.106458481192335,646,22.9240596167495
2008,2009,"dryBeans_soy","dryBeans","soy","#e41a1c","#4daf4a",1,2,1.9,5.5,1.2,1.8,2.3,5.1,1,0.035486160397445,3,0.106458481192335,640,22.7111426543648
2008,2009,"hay_corn","hay","corn","#f781bf","#ffd300",1,2,4.6,6.4,1.2,1.8,4.8,6.2,2,0.07097232079489,14,0.49680624556423,646,22.9240596167495
2008,2009,"hay_other","hay","other","#f781bf","#AAAAAA",1,2,4.6,1,1.2,1.8,4.2,1.4,4,0.14194464158978,14,0.49680624556423,726,25.7629524485451
2008,2009,"hay_soy","hay","soy","#f781bf","#4daf4a",1,2,4.6,5.5,1.2,1.8,4.7,5.4,7,0.248403122782115,14,0.49680624556423,640,22.7111426543648
2008,2009,"hay_springWheat","hay","springWheat","#f781bf","#a65628",1,2,4.6,3.7,1.2,1.8,4.5,3.8,1,0.035486160397445,14,0.49680624556423,796,28.2469836763662
2008,2009,"other_corn","other","corn","#AAAAAA","#ffd300",1,2,1,6.4,1.2,1.8,1.6,5.8,5,0.177430801987225,376,13.3427963094393,646,22.9240596167495
2008,2009,"other_hay","other","hay","#AAAAAA","#f781bf",1,2,1,4.6,1.2,1.8,1.4,4.2,6,0.21291696238467,376,13.3427963094393,8,0.28388928317956
2008,2009,"other_other","other","other","#AAAAAA","#AAAAAA",1,2,1,1,1.2,1.8,1,1,326,11.5684882895671,376,13.3427963094393,726,25.7629524485451
2008,2009,"other_soy","other","soy","#AAAAAA","#4daf4a",1,2,1,5.5,1.2,1.8,1.5,5,26,0.92264017033357,376,13.3427963094393,640,22.7111426543648
2008,2009,"other_springWheat","other","springWheat","#AAAAAA","#a65628",1,2,1,3.7,1.2,1.8,1.3,3.4,13,0.461320085166785,376,13.3427963094393,796,28.2469836763662
2008,2009,"soy_corn","soy","corn","#4daf4a","#ffd300",1,2,5.5,6.4,1.2,1.8,5.6,6.3,7,0.248403122782115,958,33.9957416607523,646,22.9240596167495
2008,2009,"soy_other","soy","other","#4daf4a","#AAAAAA",1,2,5.5,1,1.2,1.8,5,1.5,54,1.91625266146203,958,33.9957416607523,726,25.7629524485451
2008,2009,"soy_soy","soy","soy","#4daf4a","#4daf4a",1,2,5.5,5.5,1.2,1.8,5.5,5.5,127,4.50674237047551,958,33.9957416607523,640,22.7111426543648
2008,2009,"soy_springWheat","soy","springWheat","#4daf4a","#a65628",1,2,5.5,3.7,1.2,1.8,5.3,3.9,770,27.3243435060326,958,33.9957416607523,796,28.2469836763662
2008,2009,"springWheat_corn","springWheat","corn","#a65628","#ffd300",1,2,3.7,6.4,1.2,1.8,4,6.1,504,17.8850248403123,995,35.3087295954578,646,22.9240596167495
2008,2009,"springWheat_hay","springWheat","hay","#a65628","#f781bf",1,2,3.7,4.6,1.2,1.8,3.8,4.5,2,0.07097232079489,995,35.3087295954578,8,0.28388928317956
2008,2009,"springWheat_other","springWheat","other","#a65628","#AAAAAA",1,2,3.7,1,1.2,1.8,3.4,1.3,6,0.21291696238467,995,35.3087295954578,726,25.7629524485451
2008,2009,"springWheat_soy","springWheat","soy","#a65628","#4daf4a",1,2,3.7,5.5,1.2,1.8,3.9,5.3,474,16.8204400283889,995,35.3087295954578,640,22.7111426543648
2008,2009,"springWheat_springWheat","springWheat","springWheat","#a65628","#a65628",1,2,3.7,3.7,1.2,1.8,3.7,3.7,7,0.248403122782115,995,35.3087295954578,796,28.2469836763662
2008,2009,"springWheat_sugarbeets","springWheat","sugarbeets","#a65628","#377eb8",1,2,3.7,2.8,1.2,1.8,3.6,2.9,2,0.07097232079489,995,35.3087295954578,2,0.07097232079489
2008,2009,"sugarbeets_springWheat","sugarbeets","springWheat","#377eb8","#a65628",1,2,2.8,3.7,1.2,1.8,2.9,3.6,1,0.035486160397445,1,0.035486160397445,796,28.2469836763662
2009,2010,"corn_other","corn","other","#ffd300","#AAAAAA",2,3,6.4,1,2.2,2.8,5.8,1.6,62,2.20014194464159,646,22.9240596167495,482,17.1043293115685
2009,2010,"corn_soy","corn","soy","#ffd300","#4daf4a",2,3,6.4,5.5,2.2,2.8,6.3,5.6,504,17.8850248403123,646,22.9240596167495,1430,50.7452093683463
2009,2010,"corn_springWheat","corn","springWheat","#ffd300","#a65628",2,3,6.4,3.7,2.2,2.8,6.1,4,80,2.8388928317956,646,22.9240596167495,95,3.37118523775727
2009,2010,"hay_hay","hay","hay","#f781bf","#f781bf",2,3,4.6,4.6,2.2,2.8,4.6,4.6,1,0.035486160397445,9,0.319375443577005,4,0.14194464158978
2009,2010,"hay_other","hay","other","#f781bf","#AAAAAA",2,3,4.6,1,2.2,2.8,4.2,1.4,8,0.28388928317956,9,0.319375443577005,482,17.1043293115685
2009,2010,"other_corn","other","corn","#AAAAAA","#ffd300",2,3,1,6.4,2.2,2.8,1.6,5.8,1,0.035486160397445,725,25.7274662881476,400,14.194464158978
2009,2010,"other_hay","other","hay","#AAAAAA","#f781bf",2,3,1,4.6,2.2,2.8,1.4,4.2,1,0.035486160397445,725,25.7274662881476,4,0.14194464158978
2009,2010,"other_other","other","other","#AAAAAA","#AAAAAA",2,3,1,1,2.2,2.8,1,1,337,11.958836053939,725,25.7274662881476,482,17.1043293115685
2009,2010,"other_soy","other","soy","#AAAAAA","#4daf4a",2,3,1,5.5,2.2,2.8,1.5,5,367,13.0234208658623,725,25.7274662881476,1430,50.7452093683463
2009,2010,"other_sugarbeets","other","sugarbeets","#AAAAAA","#377eb8",2,3,1,2.8,2.2,2.8,1.2,2.6,19,0.674237047551455,725,25.7274662881476,407,14.4428672817601
2009,2010,"soy_corn","soy","corn","#4daf4a","#ffd300",2,3,5.5,6.4,2.2,2.8,5.6,6.3,394,13.9815471965933,640,22.7111426543648,400,14.194464158978
2009,2010,"soy_other","soy","other","#4daf4a","#AAAAAA",2,3,5.5,1,2.2,2.8,5,1.5,52,1.84528034066714,640,22.7111426543648,482,17.1043293115685
2009,2010,"soy_soy","soy","soy","#4daf4a","#4daf4a",2,3,5.5,5.5,2.2,2.8,5.5,5.5,166,5.89070262597587,640,22.7111426543648,1430,50.7452093683463
2009,2010,"soy_springWheat","soy","springWheat","#4daf4a","#a65628",2,3,5.5,3.7,2.2,2.8,5.3,3.9,14,0.49680624556423,640,22.7111426543648,95,3.37118523775727
2009,2010,"soy_sugarbeets","soy","sugarbeets","#4daf4a","#377eb8",2,3,5.5,2.8,2.2,2.8,5.2,3.1,14,0.49680624556423,640,22.7111426543648,407,14.4428672817601
2009,2010,"springWheat_corn","springWheat","corn","#a65628","#ffd300",2,3,3.7,6.4,2.2,2.8,4,6.1,5,0.177430801987225,796,28.2469836763662,400,14.194464158978
2009,2010,"springWheat_hay","springWheat","hay","#a65628","#f781bf",2,3,3.7,4.6,2.2,2.8,3.8,4.5,2,0.07097232079489,796,28.2469836763662,4,0.14194464158978
2009,2010,"springWheat_other","springWheat","other","#a65628","#AAAAAA",2,3,3.7,1,2.2,2.8,3.4,1.3,23,0.816181689141235,796,28.2469836763662,482,17.1043293115685
2009,2010,"springWheat_soy","springWheat","soy","#a65628","#4daf4a",2,3,3.7,5.5,2.2,2.8,3.9,5.3,392,13.9105748757984,796,28.2469836763662,1430,50.7452093683463
2009,2010,"springWheat_sugarbeets","springWheat","sugarbeets","#a65628","#377eb8",2,3,3.7,2.8,2.2,2.8,3.6,2.9,374,13.2718239886444,796,28.2469836763662,407,14.4428672817601
2009,2010,"sugarbeets_soy","sugarbeets","soy","#377eb8","#4daf4a",2,3,2.8,5.5,2.2,2.8,3.1,5.2,1,0.035486160397445,2,0.07097232079489,1430,50.7452093683463
2009,2010,"sugarbeets_springWheat","sugarbeets","springWheat","#377eb8","#a65628",2,3,2.8,3.7,2.2,2.8,2.9,3.6,1,0.035486160397445,2,0.07097232079489,95,3.37118523775727
2010,2011,"corn_corn","corn","corn","#ffd300","#ffd300",3,4,6.4,6.4,3.2,3.8,6.4,6.4,3,0.106458481192335,400,14.194464158978,1226,43.5060326472676
2010,2011,"corn_other","corn","other","#ffd300","#AAAAAA",3,4,6.4,1,3.2,3.8,5.8,1.6,1,0.035486160397445,400,14.194464158978,399,14.1589779985806
2010,2011,"corn_soy","corn","soy","#ffd300","#4daf4a",3,4,6.4,5.5,3.2,3.8,6.3,5.6,396,14.0525195173882,400,14.194464158978,526,18.6657203690561
2010,2011,"hay_corn","hay","corn","#f781bf","#ffd300",3,4,4.6,6.4,3.2,3.8,4.8,6.2,2,0.07097232079489,3,0.106458481192335,1226,43.5060326472676
2010,2011,"hay_other","hay","other","#f781bf","#AAAAAA",3,4,4.6,1,3.2,3.8,4.2,1.4,1,0.035486160397445,3,0.106458481192335,399,14.1589779985806
2010,2011,"other_corn","other","corn","#AAAAAA","#ffd300",3,4,1,6.4,3.2,3.8,1.6,5.8,15,0.532292405961675,483,17.1398154719659,1226,43.5060326472676
2010,2011,"other_hay","other","hay","#AAAAAA","#f781bf",3,4,1,4.6,3.2,3.8,1.4,4.2,6,0.21291696238467,483,17.1398154719659,15,0.532292405961675
2010,2011,"other_other","other","other","#AAAAAA","#AAAAAA",3,4,1,1,3.2,3.8,1,1,378,13.4137686302342,483,17.1398154719659,399,14.1589779985806
2010,2011,"other_soy","other","soy","#AAAAAA","#4daf4a",3,4,1,5.5,3.2,3.8,1.5,5,5,0.177430801987225,483,17.1398154719659,526,18.6657203690561
2010,2011,"other_springWheat","other","springWheat","#AAAAAA","#a65628",3,4,1,3.7,3.2,3.8,1.3,3.4,75,2.66146202980837,483,17.1398154719659,630,22.3562810503903
2010,2011,"other_sugarbeets","other","sugarbeets","#AAAAAA","#377eb8",3,4,1,2.8,3.2,3.8,1.2,2.6,4,0.14194464158978,483,17.1398154719659,22,0.78069552874379
2010,2011,"soy_corn","soy","corn","#4daf4a","#ffd300",3,4,5.5,6.4,3.2,3.8,5.6,6.3,817,28.9921930447126,1430,50.7452093683463,1226,43.5060326472676
2010,2011,"soy_other","soy","other","#4daf4a","#AAAAAA",3,4,5.5,1,3.2,3.8,5,1.5,4,0.14194464158978,1430,50.7452093683463,399,14.1589779985806
2010,2011,"soy_soy","soy","soy","#4daf4a","#4daf4a",3,4,5.5,5.5,3.2,3.8,5.5,5.5,75,2.66146202980837,1430,50.7452093683463,526,18.6657203690561
2010,2011,"soy_springWheat","soy","springWheat","#4daf4a","#a65628",3,4,5.5,3.7,3.2,3.8,5.3,3.9,531,18.8431511710433,1430,50.7452093683463,630,22.3562810503903
2010,2011,"soy_sugarbeets","soy","sugarbeets","#4daf4a","#377eb8",3,4,5.5,2.8,3.2,3.8,5.2,3.1,3,0.106458481192335,1430,50.7452093683463,22,0.78069552874379
2010,2011,"springWheat_corn","springWheat","corn","#a65628","#ffd300",3,4,3.7,6.4,3.2,3.8,4,6.1,4,0.14194464158978,95,3.37118523775727,1226,43.5060326472676
2010,2011,"springWheat_hay","springWheat","hay","#a65628","#f781bf",3,4,3.7,4.6,3.2,3.8,3.8,4.5,9,0.319375443577005,95,3.37118523775727,15,0.532292405961675
2010,2011,"springWheat_soy","springWheat","soy","#a65628","#4daf4a",3,4,3.7,5.5,3.2,3.8,3.9,5.3,49,1.73882185947481,95,3.37118523775727,526,18.6657203690561
2010,2011,"springWheat_springWheat","springWheat","springWheat","#a65628","#a65628",3,4,3.7,3.7,3.2,3.8,3.7,3.7,21,0.745209368346345,95,3.37118523775727,630,22.3562810503903
2010,2011,"springWheat_sugarbeets","springWheat","sugarbeets","#a65628","#377eb8",3,4,3.7,2.8,3.2,3.8,3.6,2.9,12,0.42583392476934,95,3.37118523775727,22,0.78069552874379
2010,2011,"sugarbeets_corn","sugarbeets","corn","#377eb8","#ffd300",3,4,2.8,6.4,3.2,3.8,3.2,6,385,13.6621717530163,407,14.4428672817601,1226,43.5060326472676
2010,2011,"sugarbeets_other","sugarbeets","other","#377eb8","#AAAAAA",3,4,2.8,1,3.2,3.8,2.6,1.2,15,0.532292405961675,407,14.4428672817601,399,14.1589779985806
2010,2011,"sugarbeets_soy","sugarbeets","soy","#377eb8","#4daf4a",3,4,2.8,5.5,3.2,3.8,3.1,5.2,1,0.035486160397445,407,14.4428672817601,526,18.6657203690561
2010,2011,"sugarbeets_springWheat","sugarbeets","springWheat","#377eb8","#a65628",3,4,2.8,3.7,3.2,3.8,2.9,3.6,3,0.106458481192335,407,14.4428672817601,630,22.3562810503903
2010,2011,"sugarbeets_sugarbeets","sugarbeets","sugarbeets","#377eb8","#377eb8",3,4,2.8,2.8,3.2,3.8,2.8,2.8,3,0.106458481192335,407,14.4428672817601,22,0.78069552874379
2011,2012,"corn_corn","corn","corn","#ffd300","#ffd300",4,5,6.4,6.4,4.2,4.8,6.4,6.4,36,1.27750177430802,1226,43.5060326472676,1024,36.3378282469837
2011,2012,"corn_dryBeans","corn","dryBeans","#ffd300","#e41a1c",4,5,6.4,1.9,4.2,4.8,5.9,2.4,2,0.07097232079489,1226,43.5060326472676,2,0.07097232079489
2011,2012,"corn_other","corn","other","#ffd300","#AAAAAA",4,5,6.4,1,4.2,4.8,5.8,1.6,1,0.035486160397445,1226,43.5060326472676,411,14.5848119233499
2011,2012,"corn_soy","corn","soy","#ffd300","#4daf4a",4,5,6.4,5.5,4.2,4.8,6.3,5.6,1186,42.0865862313698,1226,43.5060326472676,1374,48.7579843860894
2011,2012,"corn_springWheat","corn","springWheat","#ffd300","#a65628",4,5,6.4,3.7,4.2,4.8,6.1,4,1,0.035486160397445,1226,43.5060326472676,4,0.14194464158978
2011,2012,"hay_other","hay","other","#f781bf","#AAAAAA",4,5,4.6,1,4.2,4.8,4.2,1.4,5,0.177430801987225,15,0.532292405961675,411,14.5848119233499
2011,2012,"hay_soy","hay","soy","#f781bf","#4daf4a",4,5,4.6,5.5,4.2,4.8,4.7,5.4,10,0.35486160397445,15,0.532292405961675,1374,48.7579843860894
2011,2012,"other_corn","other","corn","#AAAAAA","#ffd300",4,5,1,6.4,4.2,4.8,1.6,5.8,6,0.21291696238467,399,14.1589779985806,1024,36.3378282469837
2011,2012,"other_other","other","other","#AAAAAA","#AAAAAA",4,5,1,1,4.2,4.8,1,1,382,13.555713271824,399,14.1589779985806,411,14.5848119233499
2011,2012,"other_soy","other","soy","#AAAAAA","#4daf4a",4,5,1,5.5,4.2,4.8,1.5,5,10,0.35486160397445,399,14.1589779985806,1374,48.7579843860894
2011,2012,"other_springWheat","other","springWheat","#AAAAAA","#a65628",4,5,1,3.7,4.2,4.8,1.3,3.4,1,0.035486160397445,399,14.1589779985806,4,0.14194464158978
2011,2012,"soy_corn","soy","corn","#4daf4a","#ffd300",4,5,5.5,6.4,4.2,4.8,5.6,6.3,455,16.1462029808375,526,18.6657203690561,1024,36.3378282469837
2011,2012,"soy_other","soy","other","#4daf4a","#AAAAAA",4,5,5.5,1,4.2,4.8,5,1.5,1,0.035486160397445,526,18.6657203690561,411,14.5848119233499
2011,2012,"soy_soy","soy","soy","#4daf4a","#4daf4a",4,5,5.5,5.5,4.2,4.8,5.5,5.5,68,2.41305890702626,526,18.6657203690561,1374,48.7579843860894
2011,2012,"soy_springWheat","soy","springWheat","#4daf4a","#a65628",4,5,5.5,3.7,4.2,4.8,5.3,3.9,2,0.07097232079489,526,18.6657203690561,4,0.14194464158978
2011,2012,"springWheat_corn","springWheat","corn","#a65628","#ffd300",4,5,3.7,6.4,4.2,4.8,4,6.1,525,18.6302342086586,630,22.3562810503903,1024,36.3378282469837
2011,2012,"springWheat_hay","springWheat","hay","#a65628","#f781bf",4,5,3.7,4.6,4.2,4.8,3.8,4.5,3,0.106458481192335,630,22.3562810503903,3,0.106458481192335
2011,2012,"springWheat_other","springWheat","other","#a65628","#AAAAAA",4,5,3.7,1,4.2,4.8,3.4,1.3,21,0.745209368346345,630,22.3562810503903,411,14.5848119233499
2011,2012,"springWheat_soy","springWheat","soy","#a65628","#4daf4a",4,5,3.7,5.5,4.2,4.8,3.9,5.3,81,2.87437899219304,630,22.3562810503903,1374,48.7579843860894
2011,2012,"sugarbeets_corn","sugarbeets","corn","#377eb8","#ffd300",4,5,2.8,6.4,4.2,4.8,3.2,6,2,0.07097232079489,22,0.78069552874379,1024,36.3378282469837
2011,2012,"sugarbeets_other","sugarbeets","other","#377eb8","#AAAAAA",4,5,2.8,1,4.2,4.8,2.6,1.2,1,0.035486160397445,22,0.78069552874379,411,14.5848119233499
2011,2012,"sugarbeets_soy","sugarbeets","soy","#377eb8","#4daf4a",4,5,2.8,5.5,4.2,4.8,3.1,5.2,19,0.674237047551455,22,0.78069552874379,1374,48.7579843860894
2012,2013,"corn_corn","corn","corn","#ffd300","#ffd300",5,6,6.4,6.4,5.2,5.8,6.4,6.4,9,0.319375443577005,1024,36.3378282469837,792,28.1050390347764
2012,2013,"corn_hay","corn","hay","#ffd300","#f781bf",5,6,6.4,4.6,5.2,5.8,6.2,4.8,1,0.035486160397445,1024,36.3378282469837,2,0.07097232079489
2012,2013,"corn_other","corn","other","#ffd300","#AAAAAA",5,6,6.4,1,5.2,5.8,5.8,1.6,57,2.02271114265436,1024,36.3378282469837,476,16.8914123491838
2012,2013,"corn_soy","corn","soy","#ffd300","#4daf4a",5,6,6.4,5.5,5.2,5.8,6.3,5.6,646,22.9240596167495,1024,36.3378282469837,845,29.985805535841
2012,2013,"corn_springWheat","corn","springWheat","#ffd300","#a65628",5,6,6.4,3.7,5.2,5.8,6.1,4,280,9.9361249112846,1024,36.3378282469837,292,10.3619588360539
2012,2013,"corn_sugarbeets","corn","sugarbeets","#ffd300","#377eb8",5,6,6.4,2.8,5.2,5.8,6,3.2,31,1.10007097232079,1024,36.3378282469837,411,14.5848119233499
2012,2013,"dryBeans_sugarbeets","dryBeans","sugarbeets","#e41a1c","#377eb8",5,6,1.9,2.8,5.2,5.8,2,2.7,2,0.07097232079489,2,0.07097232079489,411,14.5848119233499
2012,2013,"hay_hay","hay","hay","#f781bf","#f781bf",5,6,4.6,4.6,5.2,5.8,4.6,4.6,1,0.035486160397445,4,0.14194464158978,2,0.07097232079489
2012,2013,"hay_other","hay","other","#f781bf","#AAAAAA",5,6,4.6,1,5.2,5.8,4.2,1.4,2,0.07097232079489,4,0.14194464158978,476,16.8914123491838
2012,2013,"hay_soy","hay","soy","#f781bf","#4daf4a",5,6,4.6,5.5,5.2,5.8,4.7,5.4,1,0.035486160397445,4,0.14194464158978,845,29.985805535841
2012,2013,"other_corn","other","corn","#AAAAAA","#ffd300",5,6,1,6.4,5.2,5.8,1.6,5.8,5,0.177430801987225,410,14.5493257629524,792,28.1050390347764
2012,2013,"other_other","other","other","#AAAAAA","#AAAAAA",5,6,1,1,5.2,5.8,1,1,400,14.194464158978,410,14.5493257629524,476,16.8914123491838
2012,2013,"other_springWheat","other","springWheat","#AAAAAA","#a65628",5,6,1,3.7,5.2,5.8,1.3,3.4,3,0.106458481192335,410,14.5493257629524,292,10.3619588360539
2012,2013,"other_sugarbeets","other","sugarbeets","#AAAAAA","#377eb8",5,6,1,2.8,5.2,5.8,1.2,2.6,2,0.07097232079489,410,14.5493257629524,411,14.5848119233499
2012,2013,"soy_corn","soy","corn","#4daf4a","#ffd300",5,6,5.5,6.4,5.2,5.8,5.6,6.3,778,27.6082327892122,1374,48.7579843860894,792,28.1050390347764
2012,2013,"soy_other","soy","other","#4daf4a","#AAAAAA",5,6,5.5,1,5.2,5.8,5,1.5,16,0.56777856635912,1374,48.7579843860894,476,16.8914123491838
2012,2013,"soy_soy","soy","soy","#4daf4a","#4daf4a",5,6,5.5,5.5,5.2,5.8,5.5,5.5,196,6.95528743789922,1374,48.7579843860894,845,29.985805535841
2012,2013,"soy_springWheat","soy","springWheat","#4daf4a","#a65628",5,6,5.5,3.7,5.2,5.8,5.3,3.9,9,0.319375443577005,1374,48.7579843860894,292,10.3619588360539
2012,2013,"soy_sugarbeets","soy","sugarbeets","#4daf4a","#377eb8",5,6,5.5,2.8,5.2,5.8,5.2,3.1,375,13.3073101490419,1374,48.7579843860894,411,14.5848119233499
2012,2013,"springWheat_other","springWheat","other","#a65628","#AAAAAA",5,6,3.7,1,5.2,5.8,3.4,1.3,1,0.035486160397445,4,0.14194464158978,476,16.8914123491838
2012,2013,"springWheat_soy","springWheat","soy","#a65628","#4daf4a",5,6,3.7,5.5,5.2,5.8,3.9,5.3,2,0.07097232079489,4,0.14194464158978,845,29.985805535841
2012,2013,"springWheat_sugarbeets","springWheat","sugarbeets","#a65628","#377eb8",5,6,3.7,2.8,5.2,5.8,3.6,2.9,1,0.035486160397445,4,0.14194464158978,411,14.5848119233499
2013,2014,"corn_corn","corn","corn","#ffd300","#ffd300",6,7,6.4,6.4,6.2,6.8,6.4,6.4,8,0.28388928317956,792,28.1050390347764,974,34.5635202271114
2013,2014,"corn_other","corn","other","#ffd300","#AAAAAA",6,7,6.4,1,6.2,6.8,5.8,1.6,4,0.14194464158978,792,28.1050390347764,353,12.5266146202981
2013,2014,"corn_soy","corn","soy","#ffd300","#4daf4a",6,7,6.4,5.5,6.2,6.8,6.3,5.6,777,27.5727466288148,792,28.1050390347764,989,35.0958126330731
2013,2014,"corn_springWheat","corn","springWheat","#ffd300","#a65628",6,7,6.4,3.7,6.2,6.8,6.1,4,3,0.106458481192335,792,28.1050390347764,500,17.7430801987225
2013,2014,"hay_springWheat","hay","springWheat","#f781bf","#a65628",6,7,4.6,3.7,6.2,6.8,4.5,3.8,1,0.035486160397445,1,0.035486160397445,500,17.7430801987225
2013,2014,"other_corn","other","corn","#AAAAAA","#ffd300",6,7,1,6.4,6.2,6.8,1.6,5.8,25,0.887154009936125,477,16.9268985095813,974,34.5635202271114
2013,2014,"other_hay","other","hay","#AAAAAA","#f781bf",6,7,1,4.6,6.2,6.8,1.4,4.2,2,0.07097232079489,477,16.9268985095813,2,0.07097232079489
2013,2014,"other_other","other","other","#AAAAAA","#AAAAAA",6,7,1,1,6.2,6.8,1,1,348,12.3491838183109,477,16.9268985095813,353,12.5266146202981
2013,2014,"other_soy","other","soy","#AAAAAA","#4daf4a",6,7,1,5.5,6.2,6.8,1.5,5,51,1.8097941802697,477,16.9268985095813,989,35.0958126330731
2013,2014,"other_springWheat","other","springWheat","#AAAAAA","#a65628",6,7,1,3.7,6.2,6.8,1.3,3.4,51,1.8097941802697,477,16.9268985095813,500,17.7430801987225
2013,2014,"soy_corn","soy","corn","#4daf4a","#ffd300",6,7,5.5,6.4,6.2,6.8,5.6,6.3,432,15.3300212916962,845,29.985805535841,974,34.5635202271114
2013,2014,"soy_soy","soy","soy","#4daf4a","#4daf4a",6,7,5.5,5.5,6.2,6.8,5.5,5.5,99,3.51312987934705,845,29.985805535841,989,35.0958126330731
2013,2014,"soy_springWheat","soy","springWheat","#4daf4a","#a65628",6,7,5.5,3.7,6.2,6.8,5.3,3.9,314,11.1426543647977,845,29.985805535841,500,17.7430801987225
2013,2014,"springWheat_corn","springWheat","corn","#a65628","#ffd300",6,7,3.7,6.4,6.2,6.8,4,6.1,140,4.9680624556423,292,10.3619588360539,974,34.5635202271114
2013,2014,"springWheat_soy","springWheat","soy","#a65628","#4daf4a",6,7,3.7,5.5,6.2,6.8,3.9,5.3,21,0.745209368346345,292,10.3619588360539,989,35.0958126330731
2013,2014,"springWheat_springWheat","springWheat","springWheat","#a65628","#a65628",6,7,3.7,3.7,6.2,6.8,3.7,3.7,131,4.64868701206529,292,10.3619588360539,500,17.7430801987225
2013,2014,"sugarbeets_corn","sugarbeets","corn","#377eb8","#ffd300",6,7,2.8,6.4,6.2,6.8,3.2,6,369,13.0943931866572,411,14.5848119233499,974,34.5635202271114
2013,2014,"sugarbeets_other","sugarbeets","other","#377eb8","#AAAAAA",6,7,2.8,1,6.2,6.8,2.6,1.2,1,0.035486160397445,411,14.5848119233499,353,12.5266146202981
2013,2014,"sugarbeets_soy","sugarbeets","soy","#377eb8","#4daf4a",6,7,2.8,5.5,6.2,6.8,3.1,5.2,41,1.45493257629524,411,14.5848119233499,989,35.0958126330731
2014,2015,"corn_corn","corn","corn","#ffd300","#ffd300",7,8,6.4,6.4,7.2,7.8,6.4,6.4,12,0.42583392476934,974,34.5635202271114,1308,46.4158977998581
2014,2015,"corn_hay","corn","hay","#ffd300","#f781bf",7,8,6.4,4.6,7.2,7.8,6.2,4.8,78,2.76792051100071,974,34.5635202271114,98,3.47764371894961
2014,2015,"corn_other","corn","other","#ffd300","#AAAAAA",7,8,6.4,1,7.2,7.8,5.8,1.6,11,0.390347764371895,974,34.5635202271114,402,14.2654364797729
2014,2015,"corn_soy","corn","soy","#ffd300","#4daf4a",7,8,6.4,5.5,7.2,7.8,6.3,5.6,809,28.708303761533,974,34.5635202271114,930,33.0021291696238
2014,2015,"corn_sugarbeets","corn","sugarbeets","#ffd300","#377eb8",7,8,6.4,2.8,7.2,7.8,6,3.2,64,2.27111426543648,974,34.5635202271114,77,2.73243435060326
2014,2015,"hay_other","hay","other","#f781bf","#AAAAAA",7,8,4.6,1,7.2,7.8,4.2,1.4,2,0.07097232079489,2,0.07097232079489,402,14.2654364797729
2014,2015,"other_corn","other","corn","#AAAAAA","#ffd300",7,8,1,6.4,7.2,7.8,1.6,5.8,5,0.177430801987225,353,12.5266146202981,1308,46.4158977998581
2014,2015,"other_hay","other","hay","#AAAAAA","#f781bf",7,8,1,4.6,7.2,7.8,1.4,4.2,2,0.07097232079489,353,12.5266146202981,98,3.47764371894961
2014,2015,"other_other","other","other","#AAAAAA","#AAAAAA",7,8,1,1,7.2,7.8,1,1,345,12.2427253371185,353,12.5266146202981,402,14.2654364797729
2014,2015,"other_soy","other","soy","#AAAAAA","#4daf4a",7,8,1,5.5,7.2,7.8,1.5,5,1,0.035486160397445,353,12.5266146202981,930,33.0021291696238
2014,2015,"soy_corn","soy","corn","#4daf4a","#ffd300",7,8,5.5,6.4,7.2,7.8,5.6,6.3,814,28.8857345635202,989,35.0958126330731,1308,46.4158977998581
2014,2015,"soy_hay","soy","hay","#4daf4a","#f781bf",7,8,5.5,4.6,7.2,7.8,5.4,4.7,11,0.390347764371895,989,35.0958126330731,98,3.47764371894961
2014,2015,"soy_other","soy","other","#4daf4a","#AAAAAA",7,8,5.5,1,7.2,7.8,5,1.5,44,1.56139105748758,989,35.0958126330731,402,14.2654364797729
2014,2015,"soy_soy","soy","soy","#4daf4a","#4daf4a",7,8,5.5,5.5,7.2,7.8,5.5,5.5,115,4.08090844570617,989,35.0958126330731,930,33.0021291696238
2014,2015,"soy_springWheat","soy","springWheat","#4daf4a","#a65628",7,8,5.5,3.7,7.2,7.8,5.3,3.9,3,0.106458481192335,989,35.0958126330731,3,0.106458481192335
2014,2015,"soy_sugarbeets","soy","sugarbeets","#4daf4a","#377eb8",7,8,5.5,2.8,7.2,7.8,5.2,3.1,2,0.07097232079489,989,35.0958126330731,77,2.73243435060326
2014,2015,"springWheat_corn","springWheat","corn","#a65628","#ffd300",7,8,3.7,6.4,7.2,7.8,4,6.1,477,16.9268985095813,500,17.7430801987225,1308,46.4158977998581
2014,2015,"springWheat_hay","springWheat","hay","#a65628","#f781bf",7,8,3.7,4.6,7.2,7.8,3.8,4.5,7,0.248403122782115,500,17.7430801987225,98,3.47764371894961
2014,2015,"springWheat_soy","springWheat","soy","#a65628","#4daf4a",7,8,3.7,5.5,7.2,7.8,3.9,5.3,5,0.177430801987225,500,17.7430801987225,930,33.0021291696238
2014,2015,"springWheat_sugarbeets","springWheat","sugarbeets","#a65628","#377eb8",7,8,3.7,2.8,7.2,7.8,3.6,2.9,11,0.390347764371895,500,17.7430801987225,77,2.73243435060326
2015,2016,"corn_corn","corn","corn","#ffd300","#ffd300",8,9,6.4,6.4,8.2,8.8,6.4,6.4,685,24.3080198722498,1308,46.4158977998581,1325,47.0191625266146
2015,2016,"corn_other","corn","other","#ffd300","#AAAAAA",8,9,6.4,1,8.2,8.8,5.8,1.6,8,0.28388928317956,1308,46.4158977998581,406,14.4073811213627
2015,2016,"corn_soy","corn","soy","#ffd300","#4daf4a",8,9,6.4,5.5,8.2,8.8,6.3,5.6,606,21.5046132008517,1308,46.4158977998581,673,23.8821859474805
2015,2016,"corn_sugarbeets","corn","sugarbeets","#ffd300","#377eb8",8,9,6.4,2.8,8.2,8.8,6,3.2,9,0.319375443577005,1308,46.4158977998581,411,14.5848119233499
2015,2016,"hay_corn","hay","corn","#f781bf","#ffd300",8,9,4.6,6.4,8.2,8.8,4.8,6.2,89,3.1582682753726,98,3.47764371894961,1325,47.0191625266146
2015,2016,"hay_hay","hay","hay","#f781bf","#f781bf",8,9,4.6,4.6,8.2,8.8,4.6,4.6,1,0.035486160397445,98,3.47764371894961,2,0.07097232079489
2015,2016,"hay_soy","hay","soy","#f781bf","#4daf4a",8,9,4.6,5.5,8.2,8.8,4.7,5.4,8,0.28388928317956,98,3.47764371894961,673,23.8821859474805
2015,2016,"other_corn","other","corn","#AAAAAA","#ffd300",8,9,1,6.4,8.2,8.8,1.6,5.8,8,0.28388928317956,402,14.2654364797729,1325,47.0191625266146
2015,2016,"other_other","other","other","#AAAAAA","#AAAAAA",8,9,1,1,8.2,8.8,1,1,390,13.8396025550035,402,14.2654364797729,406,14.4073811213627
2015,2016,"other_soy","other","soy","#AAAAAA","#4daf4a",8,9,1,5.5,8.2,8.8,1.5,5,4,0.14194464158978,402,14.2654364797729,673,23.8821859474805
2015,2016,"soy_corn","soy","corn","#4daf4a","#ffd300",8,9,5.5,6.4,8.2,8.8,5.6,6.3,465,16.5010645848119,930,33.0021291696238,1325,47.0191625266146
2015,2016,"soy_hay","soy","hay","#4daf4a","#f781bf",8,9,5.5,4.6,8.2,8.8,5.4,4.7,1,0.035486160397445,930,33.0021291696238,2,0.07097232079489
2015,2016,"soy_other","soy","other","#4daf4a","#AAAAAA",8,9,5.5,1,8.2,8.8,5,1.5,8,0.28388928317956,930,33.0021291696238,406,14.4073811213627
2015,2016,"soy_soy","soy","soy","#4daf4a","#4daf4a",8,9,5.5,5.5,8.2,8.8,5.5,5.5,53,1.88076650106458,930,33.0021291696238,673,23.8821859474805
2015,2016,"soy_springWheat","soy","springWheat","#4daf4a","#a65628",8,9,5.5,3.7,8.2,8.8,5.3,3.9,1,0.035486160397445,930,33.0021291696238,1,0.035486160397445
2015,2016,"soy_sugarbeets","soy","sugarbeets","#4daf4a","#377eb8",8,9,5.5,2.8,8.2,8.8,5.2,3.1,402,14.2654364797729,930,33.0021291696238,411,14.5848119233499
2015,2016,"springWheat_corn","springWheat","corn","#a65628","#ffd300",8,9,3.7,6.4,8.2,8.8,4,6.1,2,0.07097232079489,3,0.106458481192335,1325,47.0191625266146
2015,2016,"springWheat_soy","springWheat","soy","#a65628","#4daf4a",8,9,3.7,5.5,8.2,8.8,3.9,5.3,1,0.035486160397445,3,0.106458481192335,673,23.8821859474805
2015,2016,"sugarbeets_corn","sugarbeets","corn","#377eb8","#ffd300",8,9,2.8,6.4,8.2,8.8,3.2,6,76,2.69694819020582,77,2.73243435060326,1325,47.0191625266146
2015,2016,"sugarbeets_soy","sugarbeets","soy","#377eb8","#4daf4a",8,9,2.8,5.5,8.2,8.8,3.1,5.2,1,0.035486160397445,77,2.73243435060326,673,23.8821859474805
2016,2017,"corn_corn","corn","corn","#ffd300","#ffd300",9,10,6.4,6.4,9.2,9.8,6.4,6.4,639,22.6756564939674,1325,47.0191625266146,1602,56.8488289567069
2016,2017,"corn_soy","corn","soy","#ffd300","#4daf4a",9,10,6.4,5.5,9.2,9.8,6.3,5.6,686,24.3435060326473,1325,47.0191625266146,827,29.347054648687
2016,2017,"hay_other","hay","other","#f781bf","#AAAAAA",9,10,4.6,1,9.2,9.8,4.2,1.4,1,0.035486160397445,2,0.07097232079489,386,13.6976579134138
2016,2017,"hay_springWheat","hay","springWheat","#f781bf","#a65628",9,10,4.6,3.7,9.2,9.8,4.5,3.8,1,0.035486160397445,2,0.07097232079489,2,0.07097232079489
2016,2017,"other_corn","other","corn","#AAAAAA","#ffd300",9,10,1,6.4,9.2,9.8,1.6,5.8,8,0.28388928317956,406,14.4073811213627,1602,56.8488289567069
2016,2017,"other_other","other","other","#AAAAAA","#AAAAAA",9,10,1,1,9.2,9.8,1,1,381,13.5202271114265,406,14.4073811213627,386,13.6976579134138
2016,2017,"other_soy","other","soy","#AAAAAA","#4daf4a",9,10,1,5.5,9.2,9.8,1.5,5,17,0.603264726756565,406,14.4073811213627,827,29.347054648687
2016,2017,"soy_corn","soy","corn","#4daf4a","#ffd300",9,10,5.5,6.4,9.2,9.8,5.6,6.3,571,20.2625975869411,673,23.8821859474805,1602,56.8488289567069
2016,2017,"soy_hay","soy","hay","#4daf4a","#f781bf",9,10,5.5,4.6,9.2,9.8,5.4,4.7,1,0.035486160397445,673,23.8821859474805,1,0.035486160397445
2016,2017,"soy_other","soy","other","#4daf4a","#AAAAAA",9,10,5.5,1,9.2,9.8,5,1.5,3,0.106458481192335,673,23.8821859474805,386,13.6976579134138
2016,2017,"soy_soy","soy","soy","#4daf4a","#4daf4a",9,10,5.5,5.5,9.2,9.8,5.5,5.5,98,3.47764371894961,673,23.8821859474805,827,29.347054648687
2016,2017,"springWheat_corn","springWheat","corn","#a65628","#ffd300",9,10,3.7,6.4,9.2,9.8,4,6.1,1,0.035486160397445,1,0.035486160397445,1602,56.8488289567069
2016,2017,"sugarbeets_corn","sugarbeets","corn","#377eb8","#ffd300",9,10,2.8,6.4,9.2,9.8,3.2,6,383,13.5911994322214,411,14.5848119233499,1602,56.8488289567069
2016,2017,"sugarbeets_other","sugarbeets","other","#377eb8","#AAAAAA",9,10,2.8,1,9.2,9.8,2.6,1.2,1,0.035486160397445,411,14.5848119233499,386,13.6976579134138
2016,2017,"sugarbeets_soy","sugarbeets","soy","#377eb8","#4daf4a",9,10,2.8,5.5,9.2,9.8,3.1,5.2,26,0.92264017033357,411,14.5848119233499,827,29.347054648687
2016,2017,"sugarbeets_springWheat","sugarbeets","springWheat","#377eb8","#a65628",9,10,2.8,3.7,9.2,9.8,2.9,3.6,1,0.035486160397445,411,14.5848119233499,2,0.07097232079489
2017,2018,"corn_corn","corn","corn","#ffd300","#ffd300",10,11,6.4,6.4,10.2,10.8,6.4,6.4,3,0.106458481192335,1602,56.8488289567069,614,21.7885024840312
2017,2018,"corn_other","corn","other","#ffd300","#AAAAAA",10,11,6.4,1,10.2,10.8,5.8,1.6,2,0.07097232079489,1602,56.8488289567069,388,13.7686302342087
2017,2018,"corn_soy","corn","soy","#ffd300","#4daf4a",10,11,6.4,5.5,10.2,10.8,6.3,5.6,1597,56.6713981547197,1602,56.8488289567069,1806,64.0880056777857
2017,2018,"hay_hay","hay","hay","#f781bf","#f781bf",10,11,4.6,4.6,10.2,10.8,4.6,4.6,3,0.106458481192335,3,0.106458481192335,5,0.177430801987225
2017,2018,"other_corn","other","corn","#AAAAAA","#ffd300",10,11,1,6.4,10.2,10.8,1.6,5.8,1,0.035486160397445,384,13.6266855926189,614,21.7885024840312
2017,2018,"other_hay","other","hay","#AAAAAA","#f781bf",10,11,1,4.6,10.2,10.8,1.4,4.2,2,0.07097232079489,384,13.6266855926189,5,0.177430801987225
2017,2018,"other_other","other","other","#AAAAAA","#AAAAAA",10,11,1,1,10.2,10.8,1,1,377,13.3782824698368,384,13.6266855926189,388,13.7686302342087
2017,2018,"other_soy","other","soy","#AAAAAA","#4daf4a",10,11,1,5.5,10.2,10.8,1.5,5,4,0.14194464158978,384,13.6266855926189,1806,64.0880056777857
2017,2018,"soy_corn","soy","corn","#4daf4a","#ffd300",10,11,5.5,6.4,10.2,10.8,5.6,6.3,610,21.6465578424414,827,29.347054648687,614,21.7885024840312
2017,2018,"soy_dryBeans","soy","dryBeans","#4daf4a","#e41a1c",10,11,5.5,1.9,10.2,10.8,5.1,2.3,1,0.035486160397445,827,29.347054648687,1,0.035486160397445
2017,2018,"soy_other","soy","other","#4daf4a","#AAAAAA",10,11,5.5,1,10.2,10.8,5,1.5,9,0.319375443577005,827,29.347054648687,388,13.7686302342087
2017,2018,"soy_soy","soy","soy","#4daf4a","#4daf4a",10,11,5.5,5.5,10.2,10.8,5.5,5.5,204,7.23917672107878,827,29.347054648687,1806,64.0880056777857
2017,2018,"soy_springWheat","soy","springWheat","#4daf4a","#a65628",10,11,5.5,3.7,10.2,10.8,5.3,3.9,2,0.07097232079489,827,29.347054648687,2,0.07097232079489
2017,2018,"soy_sugarbeets","soy","sugarbeets","#4daf4a","#377eb8",10,11,5.5,2.8,10.2,10.8,5.2,3.1,1,0.035486160397445,827,29.347054648687,2,0.07097232079489
2017,2018,"springWheat_soy","springWheat","soy","#a65628","#4daf4a",10,11,3.7,5.5,10.2,10.8,3.9,5.3,1,0.035486160397445,2,0.07097232079489,1806,64.0880056777857
2017,2018,"springWheat_sugarbeets","springWheat","sugarbeets","#a65628","#377eb8",10,11,3.7,2.8,10.2,10.8,3.6,2.9,1,0.035486160397445,2,0.07097232079489,2,0.07097232079489
2018,2019,"corn_corn","corn","corn","#ffd300","#ffd300",11,12,6.4,6.4,11.2,11.8,6.4,6.4,1,0.035486160397445,614,21.7885024840312,683,24.2370475514549
2018,2019,"corn_other","corn","other","#ffd300","#AAAAAA",11,12,6.4,1,11.2,11.8,5.8,1.6,6,0.21291696238467,614,21.7885024840312,416,14.7622427253371
2018,2019,"corn_soy","corn","soy","#ffd300","#4daf4a",11,12,6.4,5.5,11.2,11.8,6.3,5.6,606,21.5046132008517,614,21.7885024840312,713,25.3016323633783
2018,2019,"corn_sugarbeets","corn","sugarbeets","#ffd300","#377eb8",11,12,6.4,2.8,11.2,11.8,6,3.2,1,0.035486160397445,614,21.7885024840312,323,11.4620298083747
2018,2019,"dryBeans_soy","dryBeans","soy","#e41a1c","#4daf4a",11,12,1.9,5.5,11.2,11.8,2.3,5.1,1,0.035486160397445,1,0.035486160397445,713,25.3016323633783
2018,2019,"hay_other","hay","other","#f781bf","#AAAAAA",11,12,4.6,1,11.2,11.8,4.2,1.4,3,0.106458481192335,3,0.106458481192335,416,14.7622427253371
2018,2019,"other_corn","other","corn","#AAAAAA","#ffd300",11,12,1,6.4,11.2,11.8,1.6,5.8,20,0.7097232079489,390,13.8396025550035,683,24.2370475514549
2018,2019,"other_hay","other","hay","#AAAAAA","#f781bf",11,12,1,4.6,11.2,11.8,1.4,4.2,1,0.035486160397445,390,13.8396025550035,1,0.035486160397445
2018,2019,"other_other","other","other","#AAAAAA","#AAAAAA",11,12,1,1,11.2,11.8,1,1,335,11.8878637331441,390,13.8396025550035,416,14.7622427253371
2018,2019,"other_soy","other","soy","#AAAAAA","#4daf4a",11,12,1,5.5,11.2,11.8,1.5,5,24,0.85166784953868,390,13.8396025550035,713,25.3016323633783
2018,2019,"other_springWheat","other","springWheat","#AAAAAA","#a65628",11,12,1,3.7,11.2,11.8,1.3,3.4,2,0.07097232079489,390,13.8396025550035,682,24.2015613910575
2018,2019,"other_sugarbeets","other","sugarbeets","#AAAAAA","#377eb8",11,12,1,2.8,11.2,11.8,1.2,2.6,8,0.28388928317956,390,13.8396025550035,323,11.4620298083747
2018,2019,"soy_corn","soy","corn","#4daf4a","#ffd300",11,12,5.5,6.4,11.2,11.8,5.6,6.3,662,23.4918381831086,1806,64.0880056777857,683,24.2370475514549
2018,2019,"soy_other","soy","other","#4daf4a","#AAAAAA",11,12,5.5,1,11.2,11.8,5,1.5,70,2.48403122782115,1806,64.0880056777857,416,14.7622427253371
2018,2019,"soy_soy","soy","soy","#4daf4a","#4daf4a",11,12,5.5,5.5,11.2,11.8,5.5,5.5,81,2.87437899219304,1806,64.0880056777857,713,25.3016323633783
2018,2019,"soy_springWheat","soy","springWheat","#4daf4a","#a65628",11,12,5.5,3.7,11.2,11.8,5.3,3.9,679,24.0951029098652,1806,64.0880056777857,682,24.2015613910575
2018,2019,"soy_sugarbeets","soy","sugarbeets","#4daf4a","#377eb8",11,12,5.5,2.8,11.2,11.8,5.2,3.1,314,11.1426543647977,1806,64.0880056777857,323,11.4620298083747
2018,2019,"springWheat_other","springWheat","other","#a65628","#AAAAAA",11,12,3.7,1,11.2,11.8,3.4,1.3,2,0.07097232079489,2,0.07097232079489,416,14.7622427253371
2018,2019,"sugarbeets_soy","sugarbeets","soy","#377eb8","#4daf4a",11,12,2.8,5.5,11.2,11.8,3.1,5.2,1,0.035486160397445,2,0.07097232079489,713,25.3016323633783
2018,2019,"sugarbeets_springWheat","sugarbeets","springWheat","#377eb8","#a65628",11,12,2.8,3.7,11.2,11.8,2.9,3.6,1,0.035486160397445,2,0.07097232079489,682,24.2015613910575
2019,2020,"corn_corn","corn","corn","#ffd300","#ffd300",12,13,6.4,6.4,12.2,12.8,6.4,6.4,22,0.78069552874379,683,24.2370475514549,124,4.40028388928318
2019,2020,"corn_dryBeans","corn","dryBeans","#ffd300","#e41a1c",12,13,6.4,1.9,12.2,12.8,5.9,2.4,1,0.035486160397445,683,24.2370475514549,1,0.035486160397445
2019,2020,"corn_other","corn","other","#ffd300","#AAAAAA",12,13,6.4,1,12.2,12.8,5.8,1.6,48,1.70333569907736,683,24.2370475514549,1039,36.8701206529454
2019,2020,"corn_soy","corn","soy","#ffd300","#4daf4a",12,13,6.4,5.5,12.2,12.8,6.3,5.6,611,21.6820440028389,683,24.2370475514549,1627,57.735982966643
2019,2020,"corn_sugarbeets","corn","sugarbeets","#ffd300","#377eb8",12,13,6.4,2.8,12.2,12.8,6,3.2,1,0.035486160397445,683,24.2370475514549,14,0.49680624556423
2019,2020,"hay_hay","hay","hay","#f781bf","#f781bf",12,13,4.6,4.6,12.2,12.8,4.6,4.6,1,0.035486160397445,2,0.07097232079489,4,0.14194464158978
2019,2020,"hay_other","hay","other","#f781bf","#AAAAAA",12,13,4.6,1,12.2,12.8,4.2,1.4,1,0.035486160397445,2,0.07097232079489,1039,36.8701206529454
2019,2020,"other_corn","other","corn","#AAAAAA","#ffd300",12,13,1,6.4,12.2,12.8,1.6,5.8,1,0.035486160397445,415,14.7267565649397,124,4.40028388928318
2019,2020,"other_hay","other","hay","#AAAAAA","#f781bf",12,13,1,4.6,12.2,12.8,1.4,4.2,1,0.035486160397445,415,14.7267565649397,4,0.14194464158978
2019,2020,"other_other","other","other","#AAAAAA","#AAAAAA",12,13,1,1,12.2,12.8,1,1,407,14.4428672817601,415,14.7267565649397,1039,36.8701206529454
2019,2020,"other_soy","other","soy","#AAAAAA","#4daf4a",12,13,1,5.5,12.2,12.8,1.5,5,6,0.21291696238467,415,14.7267565649397,1627,57.735982966643
2019,2020,"soy_corn","soy","corn","#4daf4a","#ffd300",12,13,5.5,6.4,12.2,12.8,5.6,6.3,21,0.745209368346345,713,25.3016323633783,124,4.40028388928318
2019,2020,"soy_hay","soy","hay","#4daf4a","#f781bf",12,13,5.5,4.6,12.2,12.8,5.4,4.7,2,0.07097232079489,713,25.3016323633783,4,0.14194464158978
2019,2020,"soy_other","soy","other","#4daf4a","#AAAAAA",12,13,5.5,1,12.2,12.8,5,1.5,580,20.5819730305181,713,25.3016323633783,1039,36.8701206529454
2019,2020,"soy_soy","soy","soy","#4daf4a","#4daf4a",12,13,5.5,5.5,12.2,12.8,5.5,5.5,94,3.33569907735983,713,25.3016323633783,1627,57.735982966643
2019,2020,"soy_springWheat","soy","springWheat","#4daf4a","#a65628",12,13,5.5,3.7,12.2,12.8,5.3,3.9,5,0.177430801987225,713,25.3016323633783,9,0.319375443577005
2019,2020,"soy_sugarbeets","soy","sugarbeets","#4daf4a","#377eb8",12,13,5.5,2.8,12.2,12.8,5.2,3.1,11,0.390347764371895,713,25.3016323633783,14,0.49680624556423
2019,2020,"springWheat_soy","springWheat","soy","#a65628","#4daf4a",12,13,3.7,5.5,12.2,12.8,3.9,5.3,680,24.1305890702626,682,24.2015613910575,1627,57.735982966643
2019,2020,"springWheat_sugarbeets","springWheat","sugarbeets","#a65628","#377eb8",12,13,3.7,2.8,12.2,12.8,3.6,2.9,2,0.07097232079489,682,24.2015613910575,14,0.49680624556423
2019,2020,"sugarbeets_corn","sugarbeets","corn","#377eb8","#ffd300",12,13,2.8,6.4,12.2,12.8,3.2,6,80,2.8388928317956,323,11.4620298083747,124,4.40028388928318
2019,2020,"sugarbeets_other","sugarbeets","other","#377eb8","#AAAAAA",12,13,2.8,1,12.2,12.8,2.6,1.2,3,0.106458481192335,323,11.4620298083747,1039,36.8701206529454
2019,2020,"sugarbeets_soy","sugarbeets","soy","#377eb8","#4daf4a",12,13,2.8,5.5,12.2,12.8,3.1,5.2,236,8.37473385379702,323,11.4620298083747,1627,57.735982966643
2019,2020,"sugarbeets_springWheat","sugarbeets","springWheat","#377eb8","#a65628",12,13,2.8,3.7,12.2,12.8,2.9,3.6,4,0.14194464158978,323,11.4620298083747,9,0.319375443577005
2020,2021,"corn_corn","corn","corn","#ffd300","#ffd300",13,14,6.4,6.4,13.2,13.8,6.4,6.4,1,0.035486160397445,124,4.40028388928318,1383,49.0773598296664
2020,2021,"corn_soy","corn","soy","#ffd300","#4daf4a",13,14,6.4,5.5,13.2,13.8,6.3,5.6,123,4.36479772888573,124,4.40028388928318,956,33.9247693399574
2020,2021,"dryBeans_soy","dryBeans","soy","#e41a1c","#4daf4a",13,14,1.9,5.5,13.2,13.8,2.3,5.1,1,0.035486160397445,1,0.035486160397445,956,33.9247693399574
2020,2021,"hay_hay","hay","hay","#f781bf","#f781bf",13,14,4.6,4.6,13.2,13.8,4.6,4.6,5,0.177430801987225,6,0.21291696238467,64,2.27111426543648
2020,2021,"hay_other","hay","other","#f781bf","#AAAAAA",13,14,4.6,1,13.2,13.8,4.2,1.4,1,0.035486160397445,6,0.21291696238467,410,14.5493257629524
2020,2021,"other_corn","other","corn","#AAAAAA","#ffd300",13,14,1,6.4,13.2,13.8,1.6,5.8,125,4.43577004968062,1037,36.7991483321505,1383,49.0773598296664
2020,2021,"other_hay","other","hay","#AAAAAA","#f781bf",13,14,1,4.6,13.2,13.8,1.4,4.2,52,1.84528034066714,1037,36.7991483321505,64,2.27111426543648
2020,2021,"other_other","other","other","#AAAAAA","#AAAAAA",13,14,1,1,13.2,13.8,1,1,408,14.4783534421576,1037,36.7991483321505,410,14.5493257629524
2020,2021,"other_soy","other","soy","#AAAAAA","#4daf4a",13,14,1,5.5,13.2,13.8,1.5,5,452,16.0397444996451,1037,36.7991483321505,956,33.9247693399574
2020,2021,"soy_corn","soy","corn","#4daf4a","#ffd300",13,14,5.5,6.4,13.2,13.8,5.6,6.3,1255,44.5351312987935,1627,57.735982966643,1383,49.0773598296664
2020,2021,"soy_hay","soy","hay","#4daf4a","#f781bf",13,14,5.5,4.6,13.2,13.8,5.4,4.7,5,0.177430801987225,1627,57.735982966643,64,2.27111426543648
2020,2021,"soy_other","soy","other","#4daf4a","#AAAAAA",13,14,5.5,1,13.2,13.8,5,1.5,1,0.035486160397445,1627,57.735982966643,410,14.5493257629524
2020,2021,"soy_soy","soy","soy","#4daf4a","#4daf4a",13,14,5.5,5.5,13.2,13.8,5.5,5.5,362,12.8459900638751,1627,57.735982966643,956,33.9247693399574
2020,2021,"soy_springWheat","soy","springWheat","#4daf4a","#a65628",13,14,5.5,3.7,13.2,13.8,5.3,3.9,4,0.14194464158978,1627,57.735982966643,5,0.177430801987225
2020,2021,"springWheat_hay","springWheat","hay","#a65628","#f781bf",13,14,3.7,4.6,13.2,13.8,3.8,4.5,2,0.07097232079489,9,0.319375443577005,64,2.27111426543648
2020,2021,"springWheat_soy","springWheat","soy","#a65628","#4daf4a",13,14,3.7,5.5,13.2,13.8,3.9,5.3,6,0.21291696238467,9,0.319375443577005,956,33.9247693399574
2020,2021,"springWheat_springWheat","springWheat","springWheat","#a65628","#a65628",13,14,3.7,3.7,13.2,13.8,3.7,3.7,1,0.035486160397445,9,0.319375443577005,5,0.177430801987225
2020,2021,"sugarbeets_corn","sugarbeets","corn","#377eb8","#ffd300",13,14,2.8,6.4,13.2,13.8,3.2,6,2,0.07097232079489,14,0.49680624556423,1383,49.0773598296664
2020,2021,"sugarbeets_soy","sugarbeets","soy","#377eb8","#4daf4a",13,14,2.8,5.5,13.2,13.8,3.1,5.2,12,0.42583392476934,14,0.49680624556423,956,33.9247693399574
